5.066618919372558594e-01 5.446304082870483398e-01 -4.656429216265678406e-02
4.965677857398986816e-01 4.830382764339447021e-01 -5.071816220879554749e-02
5.004551410675048828e-01 5.128792524337768555e-01 -4.192855954170227051e-02
4.985791146755218506e-01 4.344462156295776367e-01 -3.945784643292427063e-02
5.160815119743347168e-01 4.796488881111145020e-01 -6.332696974277496338e-02
5.090540647506713867e-01 4.456025063991546631e-01 -4.967146366834640503e-02
5.127326846122741699e-01 3.906257152557373047e-01 -3.278787434101104736e-02
4.343856275081634521e-01 3.773493468761444092e-01 1.010770071297883987e-02
5.019758939743041992e-01 3.485174775123596191e-01 -3.051975369453430176e-02
5.267682671546936035e-01 3.024751842021942139e-01 -1.936409994959831238e-02
5.271361470222473145e-01 2.520979344844818115e-01 -5.909595638513565063e-04
5.149478912353515625e-01 5.470536351203918457e-01 -3.833730891346931458e-02
5.033333897590637207e-01 5.600183606147766113e-01 -2.872032299637794495e-02
5.042855143547058105e-01 5.664244890213012695e-01 -2.396450564265251160e-02
5.054754018783569336e-01 5.780425071716308594e-01 -2.045352384448051453e-02
5.120755434036254883e-01 5.832396149635314941e-01 -2.236722968518733978e-02
5.009086132049560547e-01 5.880611538887023926e-01 -2.326466143131256104e-02
5.015512704849243164e-01 6.125413179397583008e-01 -1.949755474925041199e-02
4.964893162250518799e-01 6.289477944374084473e-01 -5.529758520424365997e-03
5.101081132888793945e-01 4.988231956958770752e-01 -4.988095164299011230e-02
4.919999241828918457e-01 4.885306358337402344e-01 -3.137899935245513916e-02
3.935181796550750732e-01 3.137038946151733398e-01 5.741207301616668701e-02
4.576230645179748535e-01 4.025505781173706055e-01 -2.981614787131547928e-03
4.568691849708557129e-01 3.969794213771820068e-01 -3.894305555149912834e-03
4.365263283252716064e-01 3.913430571556091309e-01 1.083180308341979980e-02
4.359647631645202637e-01 3.861062228679656982e-01 8.212563581764698029e-03
4.709590971469879150e-01 3.952486515045166016e-01 5.435081664472818375e-03
4.506960213184356689e-01 3.478887677192687988e-01 6.742125377058982849e-03
4.572915136814117432e-01 3.520963490009307861e-01 5.193647462874650955e-03
4.303824305534362793e-01 3.380551338195800781e-01 -2.577087841928005219e-03
4.231803715229034424e-01 3.610071837902069092e-01 1.781194470822811127e-03
3.997038900852203369e-01 3.936766982078552246e-01 2.993393875658512115e-02
4.518450498580932617e-01 6.422675848007202148e-01 9.463062509894371033e-03
4.227088093757629395e-01 3.735743165016174316e-01 8.454379625618457794e-03
3.804479241371154785e-01 3.768225014209747314e-01 6.288531422615051270e-02
4.040810465812683105e-01 3.784931004047393799e-01 4.067485034465789795e-02
4.480368793010711670e-01 4.731189310550689697e-01 -8.023801259696483612e-03
5.012632012367248535e-01 5.294599533081054688e-01 -2.691943384706974030e-02
4.924179613590240479e-01 5.502154827117919922e-01 -2.755054458975791931e-02
4.657016396522521973e-01 5.344428420066833496e-01 -3.161935508251190186e-02
4.629796743392944336e-01 5.528743267059326172e-01 -2.348474599421024323e-02
4.862695932388305664e-01 5.576561093330383301e-01 -2.557034045457839966e-02
4.772276878356933594e-01 5.551467537879943848e-01 -1.920890994369983673e-02
4.493712782859802246e-01 5.795727968215942383e-01 -1.253507472574710846e-02
5.003627538681030273e-01 4.827302098274230957e-01 -6.633305549621582031e-02
5.010064840316772461e-01 4.754928052425384521e-01 -5.856081843376159668e-02
4.142798781394958496e-01 3.396542966365814209e-01 2.133472636342048645e-02
4.716005027294158936e-01 4.368557631969451904e-01 -5.561910569667816162e-03
4.649884402751922607e-01 4.776633679866790771e-01 -3.546940162777900696e-02
4.716128110885620117e-01 4.627096652984619141e-01 -2.479260787367820740e-02
4.146661460399627686e-01 4.679131507873535156e-01 1.224364992231130600e-02
5.078869462013244629e-01 4.365833103656768799e-01 -4.910693317651748657e-02
4.438317418098449707e-01 3.014151453971862793e-01 -3.422377631068229675e-03
4.144532382488250732e-01 3.243952095508575439e-01 3.461037529632449150e-03
4.090412855148315430e-01 2.758777439594268799e-01 4.677929356694221497e-02
4.951663911342620850e-01 3.363684713840484619e-01 -4.584832116961479187e-03
4.762343764305114746e-01 3.457178175449371338e-01 -2.615312114357948303e-03
4.430320262908935547e-01 5.662701725959777832e-01 -2.950715366750955582e-03
3.745382726192474365e-01 5.405204296112060547e-01 8.367995172739028931e-02
4.795678257942199707e-01 4.764717519283294678e-01 -2.948142774403095245e-02
4.913211464881896973e-01 4.918350875377655029e-01 -9.578008204698562622e-03
4.520075321197509766e-01 5.611452460289001465e-01 -3.021969459950923920e-03
4.642983675003051758e-01 5.715291500091552734e-01 -2.550640143454074860e-03
4.267797172069549561e-01 3.039420247077941895e-01 6.757824681699275970e-03
4.699735641479492188e-01 4.809550046920776367e-01 -3.040805459022521973e-02
4.767664074897766113e-01 3.224409520626068115e-01 -1.431281305849552155e-02
4.603086113929748535e-01 2.999583482742309570e-01 -1.450263150036334991e-02
4.600162804126739502e-01 2.416256517171859741e-01 9.065425954759120941e-03
4.152919054031372070e-01 2.925050258636474609e-01 2.255740948021411896e-02
4.697683751583099365e-01 2.895011901855468750e-01 -7.847264409065246582e-03
4.120998978614807129e-01 3.236659765243530273e-01 1.797649078071117401e-02
3.938393592834472656e-01 3.279775679111480713e-01 3.369822725653648376e-02
4.912360012531280518e-01 5.456646680831909180e-01 -4.071744158864021301e-02
4.872878491878509521e-01 5.529984235763549805e-01 -2.299936860799789429e-02
4.687671959400177002e-01 5.437528491020202637e-01 -1.091445703059434891e-02
4.927498698234558105e-01 5.013936161994934082e-01 -2.126404456794261932e-02
4.670720696449279785e-01 5.733569860458374023e-01 8.749611442908644676e-04
4.543672800064086914e-01 5.790897607803344727e-01 -8.851480670273303986e-03
4.670816361904144287e-01 5.612215995788574219e-01 -6.431032903492450714e-03
4.938377737998962402e-01 4.880377352237701416e-01 -4.258094355463981628e-02
4.879044592380523682e-01 5.546441674232482910e-01 -1.880039088428020477e-02
4.765579998493194580e-01 5.576142668724060059e-01 -1.368531584739685059e-02
4.927369952201843262e-01 5.485907196998596191e-01 -1.295664906501770020e-02
4.832481145858764648e-01 6.267797946929931641e-01 -5.713832564651966095e-03
4.812258183956146240e-01 6.075364351272583008e-01 -1.027001254260540009e-02
4.780148863792419434e-01 6.023560762405395508e-01 -2.137404680252075195e-02
4.843684732913970947e-01 5.876158475875854492e-01 -2.256275899708271027e-02
4.856857955455780029e-01 5.743343830108642578e-01 -1.348851528018712997e-02
4.792747795581817627e-01 5.730952620506286621e-01 -4.143959376960992813e-03
4.792589843273162842e-01 5.625941157341003418e-01 -1.304971054196357727e-02
4.741344153881072998e-01 5.882874131202697754e-01 -1.622984930872917175e-02
4.606966972351074219e-01 5.838682055473327637e-01 -1.679583266377449036e-02
4.512871801853179932e-01 5.335413813591003418e-01 -1.789460144937038422e-02
3.719779551029205322e-01 4.531672000885009766e-01 1.145491898059844971e-01
5.102163553237915039e-01 5.011165142059326172e-01 -3.386667370796203613e-02
4.621273577213287354e-01 5.588558912277221680e-01 2.396334195509552956e-03
4.673390090465545654e-01 5.703222155570983887e-01 -7.395002525299787521e-03
4.929288625717163086e-01 4.984171092510223389e-01 -3.458255529403686523e-02
4.647505283355712891e-01 4.974074959754943848e-01 -1.730436086654663086e-02
4.959381818771362305e-01 5.023800134658813477e-01 -4.528944194316864014e-02
4.579739272594451904e-01 4.409202039241790771e-01 -1.133111864328384399e-02
4.443744421005249023e-01 4.453906714916229248e-01 9.988704696297645569e-04
4.674684107303619385e-01 4.902712702751159668e-01 -2.590383961796760559e-02
4.243277311325073242e-01 2.630411982536315918e-01 2.242360636591911316e-02
4.398202300071716309e-01 2.831096053123474121e-01 1.101453416049480438e-02
4.343218505382537842e-01 3.051337003707885742e-01 1.076008845120668411e-02
4.697432219982147217e-01 6.023899316787719727e-01 1.177518349140882492e-02
4.945712685585021973e-01 3.143405616283416748e-01 -1.290140300989151001e-02
4.759950935840606689e-01 2.865419089794158936e-01 -1.331921201199293137e-02
4.879654943943023682e-01 2.604630291461944580e-01 -5.838850513100624084e-03
4.276116490364074707e-01 3.918972313404083252e-01 1.168014761060476303e-02
4.041580259799957275e-01 4.082574844360351562e-01 3.444964066147804260e-02
4.712602496147155762e-01 3.866758644580841064e-01 7.248969282954931259e-03
4.082331061363220215e-01 3.595694303512573242e-01 1.622757501900196075e-02
4.861487150192260742e-01 4.203401207923889160e-01 1.292813103646039963e-03
4.823108911514282227e-01 4.741563796997070312e-01 -3.580623120069503784e-02
3.875981271266937256e-01 4.157619476318359375e-01 3.510945290327072144e-02
4.061813056468963623e-01 4.250756204128265381e-01 1.371376961469650269e-02
4.198479950428009033e-01 4.374591410160064697e-01 5.359958857297897339e-03
4.415857791900634766e-01 4.252027273178100586e-01 -5.390724400058388710e-04
4.621253311634063721e-01 4.206533730030059814e-01 -1.298292167484760284e-02
4.798514842987060547e-01 4.103315770626068115e-01 -1.905235927551984787e-03
5.095281004905700684e-01 4.034673571586608887e-01 -1.225544046610593796e-02
3.941167593002319336e-01 4.483274221420288086e-01 2.563025802373886108e-02
3.998555243015289307e-01 3.495133519172668457e-01 1.956973597407341003e-02
5.137911438941955566e-01 4.928967952728271484e-01 -4.714258387684822083e-02
4.702966511249542236e-01 4.437280297279357910e-01 -1.317202672362327576e-02
3.741148114204406738e-01 3.839652240276336670e-01 1.040977984666824341e-01
4.958054423332214355e-01 3.933146893978118896e-01 -1.467670127749443054e-02
4.691739082336425781e-01 4.769335687160491943e-01 -2.000883407890796661e-02
4.172009229660034180e-01 3.692710697650909424e-01 9.726438671350479126e-03
4.801941215991973877e-01 4.592858254909515381e-01 -2.955242432653903961e-02
3.707020878791809082e-01 4.990129470825195312e-01 1.057985052466392517e-01
4.771000146865844727e-01 3.811027109622955322e-01 1.009909249842166901e-02
4.893760979175567627e-01 4.545610249042510986e-01 -4.892261326313018799e-02
4.024921357631683350e-01 5.899584293365478516e-01 2.992632240056991577e-02
4.067345559597015381e-01 6.044948101043701172e-01 4.605461284518241882e-02
3.793106675148010254e-01 4.536149501800537109e-01 7.421220093965530396e-02
3.908542990684509277e-01 5.670096278190612793e-01 4.547492787241935730e-02
3.892298638820648193e-01 3.602424561977386475e-01 6.060976907610893250e-02
4.483372569084167480e-01 6.556553244590759277e-01 -3.737921826541423798e-03
5.032186508178710938e-01 4.882877171039581299e-01 -4.248882830142974854e-02
4.702829122543334961e-01 4.655494391918182373e-01 -8.373633027076721191e-03
3.905900716781616211e-01 3.843256235122680664e-01 3.966404497623443604e-02
4.476684033870697021e-01 3.935159742832183838e-01 2.317774109542369843e-03
4.580961763858795166e-01 3.794443607330322266e-01 5.767043214291334152e-03
4.753594696521759033e-01 5.712200403213500977e-01 -4.471583757549524307e-03
3.978870809078216553e-01 4.902741014957427979e-01 3.639550879597663879e-02
4.646024107933044434e-01 6.889345645904541016e-01 1.523670088499784470e-02
4.333062171936035156e-01 6.472314596176147461e-01 3.031568415462970734e-02
4.236038029193878174e-01 6.259474158287048340e-01 4.192943125963211060e-02
5.201497673988342285e-01 2.941251099109649658e-01 -4.312740638852119446e-03
4.857882857322692871e-01 6.934086084365844727e-01 1.115104649215936661e-02
4.598234891891479492e-01 3.933559954166412354e-01 2.810202306136488914e-03
4.775390326976776123e-01 3.858303129673004150e-01 3.623091615736484528e-04
4.805127680301666260e-01 3.850982487201690674e-01 5.530642345547676086e-03
3.924722969532012939e-01 3.525235950946807861e-01 3.237584605813026428e-02
4.828052818775177002e-01 3.716095983982086182e-01 9.821971878409385681e-03
4.530427753925323486e-01 3.699989914894104004e-01 8.152084425091743469e-03
4.497554898262023926e-01 3.591070771217346191e-01 5.786567926406860352e-04
4.379552602767944336e-01 3.725022375583648682e-01 1.461352873593568802e-02
4.338214099407196045e-01 3.718226850032806396e-01 9.673921391367912292e-03
3.848181366920471191e-01 3.393261432647705078e-01 7.432320713996887207e-02
4.271399676799774170e-01 3.791544139385223389e-01 2.456969767808914185e-02
5.111215114593505859e-01 5.205304622650146484e-01 -4.107118025422096252e-02
4.705246686935424805e-01 5.154634714126586914e-01 -2.926795743405818939e-02
4.753442704677581787e-01 4.964971244335174561e-01 -3.608291968703269958e-02
4.883968532085418701e-01 5.181043148040771484e-01 -3.791206330060958862e-02
5.150290131568908691e-01 3.701870441436767578e-01 -2.203733660280704498e-02
4.183098971843719482e-01 6.182481646537780762e-01 1.841355301439762115e-02
4.337148070335388184e-01 6.346027851104736328e-01 2.558560669422149658e-02
4.600084125995635986e-01 6.659662723541259766e-01 -1.648087240755558014e-02
3.892894983291625977e-01 5.808727741241455078e-01 8.434604108333587646e-02
4.785671830177307129e-01 3.795295655727386475e-01 1.056598406285047531e-02
4.795531928539276123e-01 4.224216639995574951e-01 -2.272744663059711456e-02
5.025203824043273926e-01 6.813816428184509277e-01 2.937502693384885788e-03
4.540355801582336426e-01 6.698215603828430176e-01 2.783055789768695831e-02
3.761754930019378662e-01 4.990894496440887451e-01 6.833185255527496338e-02
4.799241125583648682e-01 5.764600634574890137e-01 -1.460090465843677521e-02
4.795385897159576416e-01 5.881652832031250000e-01 -1.605097763240337372e-02
4.747806191444396973e-01 5.839895606040954590e-01 -1.956742815673351288e-02
4.741087257862091064e-01 6.050377488136291504e-01 -2.081276476383209229e-02
4.630360603332519531e-01 6.130990982055664062e-01 -1.531300693750381470e-02
4.696132838726043701e-01 5.575703382492065430e-01 -2.183044888079166412e-02
4.601351916790008545e-01 5.633957982063293457e-01 -1.208451576530933380e-02
4.608441889286041260e-01 5.571601986885070801e-01 -6.777601316571235657e-03
4.540750980377197266e-01 5.292055606842041016e-01 -7.673209998756647110e-03
4.092140793800354004e-01 5.023172497749328613e-01 2.213154919445514679e-02
4.943638741970062256e-01 3.968166112899780273e-01 -2.016034722328186035e-02
4.925024807453155518e-01 3.663388490676879883e-01 2.187431324273347855e-03
4.828339219093322754e-01 3.908061087131500244e-01 1.159098930656909943e-03
4.646663367748260498e-01 5.587010383605957031e-01 3.127365140244364738e-03
3.994962573051452637e-01 5.436736941337585449e-01 3.756267949938774109e-02
4.982548058032989502e-01 3.659907579421997070e-01 -9.682813659310340881e-03
4.553246796131134033e-01 6.117843389511108398e-01 -7.970239035785198212e-03
5.150753259658813477e-01 4.213162660598754883e-01 -5.333909392356872559e-02
4.885064065456390381e-01 4.164264202117919922e-01 -3.840166330337524414e-02
5.046452283859252930e-01 4.028484821319580078e-01 -4.048212990164756775e-02
4.805499315261840820e-01 4.495534598827362061e-01 -2.140510454773902893e-02
4.908823072910308838e-01 6.651079058647155762e-01 -1.234323345124721527e-02
5.060052871704101562e-01 6.417619585990905762e-01 -9.549023583531379700e-03
4.740054309368133545e-01 6.374361515045166016e-01 -9.475050494074821472e-03
4.371091425418853760e-01 5.883385539054870605e-01 -3.007240593433380127e-05
4.519235491752624512e-01 4.825508594512939453e-01 -1.323185116052627563e-02
4.464326798915863037e-01 6.042498946189880371e-01 5.977940745651721954e-03
4.299663007259368896e-01 4.912723600864410400e-01 -3.836974967271089554e-03
4.494712948799133301e-01 5.166167616844177246e-01 -2.732117427513003349e-03
4.201228916645050049e-01 5.233429074287414551e-01 -8.312496356666088104e-05
4.708820283412933350e-01 6.595841646194458008e-01 -7.014098577201366425e-03
4.812634289264678955e-01 4.491847157478332520e-01 -1.925309002399444580e-02
4.339611828327178955e-01 5.956059098243713379e-01 1.283240038901567459e-02
4.385133981704711914e-01 6.279832720756530762e-01 8.835460059344768524e-03
4.270958304405212402e-01 5.566403269767761230e-01 2.359093632549047470e-03
3.879506587982177734e-01 5.128583312034606934e-01 4.333855211734771729e-02
4.156469106674194336e-01 5.616199970245361328e-01 2.669972926378250122e-02
3.768313825130462646e-01 5.316545367240905762e-01 6.181311234831809998e-02
4.388951957225799561e-01 5.280233025550842285e-01 -1.408434007316827774e-03
4.789283573627471924e-01 4.286404252052307129e-01 -1.904505304992198944e-02
4.791682362556457520e-01 4.774879813194274902e-01 -5.157354101538658142e-02
4.823033809661865234e-01 4.887991249561309814e-01 -3.552567586302757263e-02
5.046793222427368164e-01 4.708367586135864258e-01 -4.096154868602752686e-02
4.845802783966064453e-01 3.581005930900573730e-01 -3.795615397393703461e-03
4.759145379066467285e-01 3.452783823013305664e-01 -1.259157620370388031e-02
4.429171681404113770e-01 3.296694159507751465e-01 -7.776380050927400589e-03
4.478980898857116699e-01 3.397878706455230713e-01 -1.154311373829841614e-02
4.199220538139343262e-01 3.472376167774200439e-01 9.360787458717823029e-03
4.064436554908752441e-01 3.828175365924835205e-01 1.168242283165454865e-02
3.769011795520782471e-01 4.172525405883789062e-01 6.403358280658721924e-02
4.154230058193206787e-01 4.077945053577423096e-01 1.793568395078182220e-02
4.293590486049652100e-01 4.103708267211914062e-01 -9.784074500203132629e-04
4.529774487018585205e-01 4.157439470291137695e-01 4.892396740615367889e-03
4.665232896804809570e-01 3.990924060344696045e-01 7.922057993710041046e-03
4.697109460830688477e-01 4.076096117496490479e-01 2.899121493101119995e-03
4.880442619323730469e-01 3.943138718605041504e-01 -5.319931544363498688e-03
3.646930754184722900e-01 4.119192659854888916e-01 1.112861856818199158e-01
4.720633924007415771e-01 4.881055653095245361e-01 -2.902509458363056183e-02
4.899257719516754150e-01 4.392401874065399170e-01 -3.158323094248771667e-02
4.912065267562866211e-01 4.848314523696899414e-01 -5.486537516117095947e-02
4.986307919025421143e-01 4.970451593399047852e-01 -5.059848725795745850e-02
4.814714789390563965e-01 4.900086224079132080e-01 -5.388842150568962097e-02
4.735855460166931152e-01 4.969937205314636230e-01 -3.028764575719833374e-02
4.982158541679382324e-01 4.852764010429382324e-01 -5.662981048226356506e-02
4.971502125263214111e-01 4.958634078502655029e-01 -3.409317135810852051e-02
4.884600341320037842e-01 3.883948922157287598e-01 3.926872275769710541e-03
4.873110949993133545e-01 3.858028352260589600e-01 -2.100528217852115631e-05
4.973393380641937256e-01 3.910036087036132812e-01 -4.742968827486038208e-03
4.367083013057708740e-01 3.668576478958129883e-01 7.239127065986394882e-03
4.413436055183410645e-01 3.536455333232879639e-01 1.823045872151851654e-02
5.150912404060363770e-01 4.329673647880554199e-01 -3.829207643866539001e-02
6.009582281112670898e-01 4.037238657474517822e-01 2.485084533691406250e-02
5.098981261253356934e-01 4.959530532360076904e-01 -3.744912520051002502e-02
6.279776096343994141e-01 3.423501551151275635e-01 8.143601566553115845e-02
5.675934553146362305e-01 4.098695218563079834e-01 9.835511445999145508e-03
5.718149542808532715e-01 4.094247221946716309e-01 2.212878316640853882e-04
5.925667285919189453e-01 4.014577865600585938e-01 2.088677603751420975e-03
6.040352582931518555e-01 4.074546694755554199e-01 2.565293572843074799e-02
5.496044158935546875e-01 3.908865153789520264e-01 1.987267844378948212e-02
5.811190605163574219e-01 3.587429821491241455e-01 1.384353172034025192e-02
5.680425763130187988e-01 3.610641658306121826e-01 5.848261993378400803e-03
5.993303060531616211e-01 3.564272224903106689e-01 1.184092741459608078e-02
6.023700237274169922e-01 3.707300126552581787e-01 2.059537172317504883e-02
6.134971976280212402e-01 4.131010174751281738e-01 1.995294913649559021e-02
5.435309410095214844e-01 6.489288210868835449e-01 1.543313264846801758e-04
5.952220559120178223e-01 3.912190198898315430e-01 2.016049437224864960e-02
6.366475224494934082e-01 4.164912104606628418e-01 7.612463086843490601e-02
6.125851869583129883e-01 4.011293649673461914e-01 4.115314781665802002e-02
5.681941509246826172e-01 4.778319895267486572e-01 -6.278918590396642685e-05
5.292965769767761230e-01 5.467426776885986328e-01 -2.324659377336502075e-02
5.158317089080810547e-01 5.595779418945312500e-01 -2.951006032526493073e-02
5.365161299705505371e-01 5.375816822052001953e-01 -2.449380233883857727e-02
5.320686101913452148e-01 5.652806758880615234e-01 -1.399170607328414917e-02
5.251348018646240234e-01 5.586681365966796875e-01 -2.972208708524703979e-02
5.458257794380187988e-01 5.663033127784729004e-01 -2.075029350817203522e-02
5.372188687324523926e-01 5.891036987304687500e-01 -7.520643062889575958e-03
5.177561044692993164e-01 4.830594062805175781e-01 -6.354594230651855469e-02
5.148605108261108398e-01 4.744718372821807861e-01 -6.612139195203781128e-02
6.097728013992309570e-01 3.462932407855987549e-01 2.371499314904212952e-02
5.372665524482727051e-01 4.357583522796630859e-01 -7.069125771522521973e-03
5.346809029579162598e-01 4.819793701171875000e-01 -3.457519784569740295e-02
5.528541207313537598e-01 4.786133170127868652e-01 -3.046664968132972717e-02
5.981410145759582520e-01 4.725864529609680176e-01 1.809186674654483795e-02
5.223401188850402832e-01 4.494917094707489014e-01 -6.349376589059829712e-02
5.957136750221252441e-01 3.315666615962982178e-01 1.177894230931997299e-02
5.973921418190002441e-01 3.494385182857513428e-01 1.626502163708209991e-02
6.272417902946472168e-01 3.171173632144927979e-01 5.047838389873504639e-02
5.404040813446044922e-01 3.402900099754333496e-01 -1.379822194576263428e-02
5.541213750839233398e-01 3.632718324661254883e-01 5.954498425126075745e-03
5.529796481132507324e-01 5.695045590400695801e-01 1.609069108963012695e-02
6.037696599960327148e-01 5.725853443145751953e-01 9.657527506351470947e-02
5.374738574028015137e-01 4.969580471515655518e-01 -2.029260993003845215e-02
5.153747797012329102e-01 4.944591522216796875e-01 -3.242131695151329041e-02
5.447059273719787598e-01 5.757801532745361328e-01 5.523391999304294586e-03
5.482746362686157227e-01 5.861815214157104492e-01 5.925279576331377029e-03
6.188354492187500000e-01 3.264611065387725830e-01 7.847605273127555847e-03
5.445427894592285156e-01 5.003676414489746094e-01 -2.819321118295192719e-02
5.681861639022827148e-01 3.354558944702148438e-01 -9.446679614484310150e-03
5.802284479141235352e-01 3.100612461566925049e-01 -1.251897681504487991e-02
5.820091962814331055e-01 2.572582662105560303e-01 2.778391353785991669e-04
6.269645094871520996e-01 3.263614773750305176e-01 2.227605879306793213e-02
5.744861960411071777e-01 2.938151657581329346e-01 -6.783464923501014709e-04
6.185390353202819824e-01 3.512118756771087646e-01 3.516284376382827759e-02
6.238957047462463379e-01 3.548971414566040039e-01 4.244574159383773804e-02
5.274203419685363770e-01 5.537195801734924316e-01 -2.552949823439121246e-02
5.280398726463317871e-01 5.572150945663452148e-01 -2.672462537884712219e-02
5.432577133178710938e-01 5.564906001091003418e-01 -1.898400485515594482e-02
5.309521555900573730e-01 4.970358610153198242e-01 -3.550953418016433716e-02
5.465498566627502441e-01 5.802361369132995605e-01 9.053055197000503540e-03
5.346091985702514648e-01 5.797074437141418457e-01 6.829292979091405869e-04
5.367509126663208008e-01 5.681771039962768555e-01 -3.594846930354833603e-03
5.318167209625244141e-01 4.927708208560943604e-01 -4.682565480470657349e-02
5.411385297775268555e-01 5.584553480148315430e-01 -4.203642718493938446e-03
5.246229767799377441e-01 5.529289245605468750e-01 -2.529030293226242065e-02
5.170232653617858887e-01 5.517790317535400391e-01 -3.802160918712615967e-02
5.162292122840881348e-01 6.298310160636901855e-01 -2.615885343402624130e-03
5.112605690956115723e-01 6.026882529258728027e-01 -1.977557130157947540e-02
5.197764635086059570e-01 5.942054390907287598e-01 -2.995425462722778320e-02
5.076124668121337891e-01 5.918839573860168457e-01 -3.455542027950286865e-02
5.148169398307800293e-01 5.802709460258483887e-01 -2.853628061711788177e-02
5.306614637374877930e-01 5.796077847480773926e-01 -1.631820015609264374e-02
5.299224257469177246e-01 5.652081966400146484e-01 -9.204249363392591476e-04
5.380784273147583008e-01 5.846186280250549316e-01 -5.723795853555202484e-03
5.378953814506530762e-01 5.943874120712280273e-01 -1.536187343299388885e-02
5.533961653709411621e-01 5.498375892639160156e-01 -1.553782634437084198e-02
6.337844133377075195e-01 4.930410385131835938e-01 1.217798367142677307e-01
5.362188816070556641e-01 5.653598308563232422e-01 -2.440475393086671829e-03
5.401910543441772461e-01 5.866253376007080078e-01 -4.791026003658771515e-03
5.195451974868774414e-01 5.073044896125793457e-01 -2.136817201972007751e-02
5.306159257888793945e-01 5.028043389320373535e-01 -1.707752235233783722e-02
5.219511389732360840e-01 4.977059960365295410e-01 -1.940672658383846283e-02
5.631969571113586426e-01 4.453416764736175537e-01 3.533981041982769966e-03
5.693896412849426270e-01 4.596891105175018311e-01 5.098545225337147713e-04
5.454767346382141113e-01 4.881319403648376465e-01 -2.142908610403537750e-02
6.086350083351135254e-01 2.737058699131011963e-01 2.694739773869514465e-02
6.032516956329345703e-01 2.977808713912963867e-01 2.207716368138790131e-02
5.912353992462158203e-01 3.195932805538177490e-01 2.989035099744796753e-03
5.519241094589233398e-01 6.057792901992797852e-01 3.174313809722661972e-03
5.414661169052124023e-01 3.307638764381408691e-01 -2.107153646647930145e-02
5.538944005966186523e-01 2.894732356071472168e-01 -2.046990022063255310e-02
5.597551465034484863e-01 2.579533159732818604e-01 1.304330653510987759e-03
5.963719487190246582e-01 4.109912812709808350e-01 2.172589674592018127e-02
6.171336770057678223e-01 4.308287501335144043e-01 2.112272009253501892e-02
5.469348430633544922e-01 3.891226947307586670e-01 2.184548974037170410e-02
5.893003344535827637e-01 3.786266446113586426e-01 3.003794699907302856e-02
5.304031968116760254e-01 4.187543988227844238e-01 1.019332092255353928e-03
5.324064493179321289e-01 4.788454771041870117e-01 -3.406646847724914551e-02
6.295691728591918945e-01 4.444692730903625488e-01 4.763031005859375000e-02
6.033799052238464355e-01 4.389449059963226318e-01 7.639847230166196823e-03
5.841649770736694336e-01 4.371480047702789307e-01 2.605220489203929901e-02
5.740904211997985840e-01 4.459204077720642090e-01 4.403338767588138580e-03
5.540596842765808105e-01 4.302229285240173340e-01 2.694458235055208206e-04
5.483635663986206055e-01 4.059555828571319580e-01 -2.976700197905302048e-04
5.212022662162780762e-01 3.968675434589385986e-01 -2.593421377241611481e-02
6.173882484436035156e-01 4.808649718761444092e-01 4.484738409519195557e-02
6.258753538131713867e-01 3.866796195507049561e-01 2.028297260403633118e-02
5.167812705039978027e-01 4.951126277446746826e-01 -5.300858616828918457e-02
5.324960350990295410e-01 4.525907039642333984e-01 -1.241825614124536514e-02
6.173033714294433594e-01 4.043381810188293457e-01 1.009348407387733459e-01
5.384181141853332520e-01 4.029183685779571533e-01 1.766544533893465996e-03
5.492123961448669434e-01 4.855006337165832520e-01 -1.210048794746398926e-03
6.084002256393432617e-01 4.008518755435943604e-01 2.599398232996463776e-02
5.394030809402465820e-01 4.728978276252746582e-01 -4.075393453240394592e-02
6.303285360336303711e-01 5.385029315948486328e-01 1.239841580390930176e-01
5.367687940597534180e-01 3.973190784454345703e-01 7.487794850021600723e-03
5.358620285987854004e-01 4.600180387496948242e-01 -5.489478260278701782e-02
5.837153196334838867e-01 6.088861823081970215e-01 4.355412721633911133e-02
5.933600068092346191e-01 6.355977654457092285e-01 6.342205405235290527e-02
6.326531171798706055e-01 4.824921190738677979e-01 7.579786330461502075e-02
6.089605689048767090e-01 5.830481052398681641e-01 6.774083524942398071e-02
6.358833312988281250e-01 3.734865188598632812e-01 7.193706929683685303e-02
5.459637045860290527e-01 6.565762758255004883e-01 1.363008376210927963e-02
5.039641857147216797e-01 4.940949082374572754e-01 -4.489149898290634155e-02
5.495372414588928223e-01 4.711057841777801514e-01 -9.603369981050491333e-03
6.262649297714233398e-01 4.145627617835998535e-01 6.106017902493476868e-02
5.945425033569335938e-01 4.034082591533660889e-01 1.660091616213321686e-02
5.704123973846435547e-01 3.977600932121276855e-01 4.846202209591865540e-03
5.367223620414733887e-01 5.700036883354187012e-01 3.465123008936643600e-04
6.160410642623901367e-01 5.063445568084716797e-01 3.524684160947799683e-02
5.032553076744079590e-01 6.925360560417175293e-01 8.326158858835697174e-03
5.542564988136291504e-01 6.729190349578857422e-01 3.050058335065841675e-02
5.653641819953918457e-01 6.452901959419250488e-01 4.502245038747787476e-02
5.584499239921569824e-01 4.050897955894470215e-01 1.214873045682907104e-03
5.562438964843750000e-01 4.006237983703613281e-01 4.384862259030342102e-03
5.539768338203430176e-01 3.790548443794250488e-01 3.535327967256307602e-03
6.225120425224304199e-01 3.651860356330871582e-01 4.644193872809410095e-02
5.534256696701049805e-01 3.927718997001647949e-01 5.160104483366012573e-03
5.656393766403198242e-01 3.658817112445831299e-01 3.910167608410120010e-03
5.741392374038696289e-01 3.747281134128570557e-01 3.097440581768751144e-03
5.905348062515258789e-01 3.765775561332702637e-01 1.511394511908292770e-02
5.826428532600402832e-01 3.910281062126159668e-01 2.107203193008899689e-02
6.398331522941589355e-01 3.649373650550842285e-01 9.765204787254333496e-02
5.807231664657592773e-01 3.937347531318664551e-01 1.409759651869535446e-02
5.538567900657653809e-01 5.185863375663757324e-01 -1.734727062284946442e-02
5.474850535392761230e-01 4.932772219181060791e-01 -2.452842146158218384e-02
5.176500082015991211e-01 5.248939394950866699e-01 -3.701063245534896851e-02
5.735154151916503906e-01 6.314827203750610352e-01 2.166574634611606598e-02
5.482364892959594727e-01 6.363703012466430664e-01 2.474050596356391907e-02
5.119064450263977051e-01 6.798072457313537598e-01 1.438189763575792313e-03
5.911420583724975586e-01 6.042355298995971680e-01 9.202021360397338867e-02
5.535162091255187988e-01 3.872458934783935547e-01 2.075288211926817894e-03
5.375578999519348145e-01 4.271875619888305664e-01 -2.299617230892181396e-02
5.402629375457763672e-01 6.764445900917053223e-01 2.366869151592254639e-02
6.194249987602233887e-01 5.249759554862976074e-01 6.794332712888717651e-02
5.158738493919372559e-01 5.789392590522766113e-01 -1.134857349097728729e-02
5.293699502944946289e-01 5.912889242172241211e-01 -1.179042924195528030e-02
5.259078145027160645e-01 5.906499624252319336e-01 -1.277797855436801910e-02
5.311156511306762695e-01 6.086602807044982910e-01 -1.144863758236169815e-02
5.377293825149536133e-01 6.191146373748779297e-01 -9.546544402837753296e-03
5.446642637252807617e-01 5.707811713218688965e-01 -9.103171527385711670e-03
5.367977023124694824e-01 5.649384856224060059e-01 2.142807003110647202e-03
5.456741452217102051e-01 5.636211633682250977e-01 -5.176025908440351486e-03
5.547643303871154785e-01 5.500506162643432617e-01 4.310650750994682312e-03
5.942357778549194336e-01 5.153238773345947266e-01 2.450061216950416565e-02
5.266262888908386230e-01 4.190415441989898682e-01 -6.999178323894739151e-03
5.453264117240905762e-01 3.828955590724945068e-01 1.045794133096933365e-02
5.485978722572326660e-01 3.780515789985656738e-01 8.556688204407691956e-03
5.375847816467285156e-01 5.738414525985717773e-01 -1.498956978321075439e-02
6.017616391181945801e-01 5.611329078674316406e-01 3.194058686494827271e-02
5.220197439193725586e-01 3.658969402313232422e-01 -1.176217943429946899e-02
5.402374863624572754e-01 6.272953748703002930e-01 -4.292599391192197800e-03
5.191944241523742676e-01 4.191921651363372803e-01 -2.492370083928108215e-02
5.346875786781311035e-01 4.520708322525024414e-01 -1.479015313088893890e-02
5.206165313720703125e-01 6.397138237953186035e-01 -1.392874307930469513e-02
5.613422989845275879e-01 5.954880714416503906e-01 1.511531323194503784e-02
5.603034496307373047e-01 4.995111525058746338e-01 2.757789334282279015e-03
5.489296913146972656e-01 6.129081249237060547e-01 -1.983930356800556183e-03
5.783923268318176270e-01 5.021490454673767090e-01 8.032688871026039124e-03
5.701258778572082520e-01 5.242713093757629395e-01 5.692363716661930084e-03
5.808801651000976562e-01 5.214368104934692383e-01 -4.495528526604175568e-03
5.149357914924621582e-01 6.613966226577758789e-01 -1.315740123391151428e-02
5.408209562301635742e-01 4.594282805919647217e-01 -2.501434274017810822e-02
5.756397843360900879e-01 6.127459406852722168e-01 3.056987561285495758e-02
5.536308884620666504e-01 6.241729259490966797e-01 4.927588626742362976e-03
5.768789052963256836e-01 5.756863951683044434e-01 1.195408962666988373e-02
6.075279712677001953e-01 5.407662391662597656e-01 4.618775099515914917e-02
5.961105227470397949e-01 5.723742246627807617e-01 1.445011608302593231e-02
6.090409159660339355e-01 5.562367439270019531e-01 7.263348251581192017e-02
5.738244652748107910e-01 5.510589480400085449e-01 -1.098532509058713913e-02
5.377563834190368652e-01 4.476437270641326904e-01 -3.185623139142990112e-02
5.347304344177246094e-01 4.846484661102294922e-01 -6.401071697473526001e-02
5.304111838340759277e-01 5.004618763923645020e-01 -2.724754437804222107e-02
5.351760387420654297e-01 4.669279754161834717e-01 -4.866967350244522095e-02
5.465460419654846191e-01 3.652946054935455322e-01 5.868262611329555511e-03
5.572434663772583008e-01 3.461378514766693115e-01 -2.681282348930835724e-03
5.880280137062072754e-01 3.468547463417053223e-01 -1.071532140485942364e-03
6.038802862167358398e-01 3.504345118999481201e-01 3.244942054152488708e-03
6.019939780235290527e-01 3.590219020843505859e-01 6.786503829061985016e-03
6.066489815711975098e-01 3.866601586341857910e-01 2.709957771003246307e-02
6.370169520378112793e-01 4.475469887256622314e-01 7.946294546127319336e-02
6.077697277069091797e-01 4.208743572235107422e-01 2.071297354996204376e-02
5.994263887405395508e-01 4.341490268707275391e-01 1.405376568436622620e-02
5.671888589859008789e-01 4.243665039539337158e-01 5.814881063997745514e-03
5.535576343536376953e-01 4.113114774227142334e-01 7.160189561545848846e-03
5.420445799827575684e-01 4.069518446922302246e-01 3.738515777513384819e-03
5.467195510864257812e-01 4.058666825294494629e-01 1.350302994251251221e-02
6.387925744056701660e-01 4.528539180755615234e-01 1.134304925799369812e-01
5.374511480331420898e-01 5.045300126075744629e-01 -2.637180313467979431e-02
5.241231918334960938e-01 4.262359440326690674e-01 -3.239285573363304138e-02
5.300395488739013672e-01 4.790436625480651855e-01 -5.023690313100814819e-02
5.149610042572021484e-01 4.822758436203002930e-01 -4.374026879668235779e-02
5.335747599601745605e-01 4.936102032661437988e-01 -5.105477198958396912e-02
5.393092632293701172e-01 5.014070868492126465e-01 -7.494657300412654877e-03
5.251416563987731934e-01 4.979613423347473145e-01 -4.902344942092895508e-02
5.158742666244506836e-01 5.001337528228759766e-01 -3.858408331871032715e-02
5.386602878570556641e-01 3.900805413722991943e-01 1.862904243171215057e-02
5.396553277969360352e-01 3.837188780307769775e-01 7.887075655162334442e-03
5.340710878372192383e-01 3.942835032939910889e-01 -1.922910846769809723e-02
5.888746380805969238e-01 3.950946331024169922e-01 2.035126276314258575e-02
5.983861088752746582e-01 3.715094327926635742e-01 2.013523690402507782e-02
4.552719593048095703e-01 3.751249611377716064e-01 9.712077677249908447e-03
4.618077874183654785e-01 3.728497624397277832e-01 4.631867632269859314e-03
4.458251297473907471e-01 3.523086309432983398e-01 1.810596883296966553e-02
4.319020807743072510e-01 3.680476546287536621e-01 9.659301489591598511e-03
4.539394974708557129e-01 3.847138285636901855e-01 5.348488688468933105e-03
5.769582986831665039e-01 3.821609318256378174e-01 2.047715941444039345e-03
5.905367732048034668e-01 3.914219141006469727e-01 1.363341789692640305e-02
5.775160789489746094e-01 3.723703920841217041e-01 1.625514030456542969e-02
5.539098381996154785e-01 3.887852132320404053e-01 1.348978374153375626e-02
5.784407258033752441e-01 3.978083431720733643e-01 1.697358302772045135e-02
