-2.391718212683366374e-02 -2.935218373892058974e-01 -5.934274735764093478e-01
2.543887168710590174e-02 -5.377037405259708081e-01 -2.334915793794045680e-01
2.659834809245559262e-02 -3.412915631729838140e-01 -3.094518102036052376e-01
-3.788924428063783489e-02 -4.875713369417218335e-01 1.489252090011630170e-01
2.520940060089069124e-02 -5.762225521882977652e-01 -1.262699086637208978e-01
2.403025014510905277e-02 -5.657473707829230314e-01 2.599939937923001487e-02
2.656395516746523633e-02 -4.158792187751909619e-01 4.137178471430147386e-01
-4.987614814404146557e-01 -1.315420275470179368e-01 5.179083822454304542e-01
2.709183039680845839e-02 -3.980383906866427068e-01 7.083839164714280656e-01
2.597674386172983685e-02 -4.295394760731072736e-01 8.505344528071079324e-01
2.439418547096758316e-02 -4.163351090426041790e-01 1.350500975900355449e+00
-2.278725954506552465e-02 -2.775181802448194457e-01 -6.263160556314408822e-01
-2.017276284308315570e-02 -2.489099993228931496e-01 -6.537241306103191985e-01
-1.557191329937238078e-02 -2.114928312792145881e-01 -6.679920156974399337e-01
-1.477491882717410498e-02 -2.274165620846608782e-01 -6.785881404457096977e-01
-1.551989978302689699e-02 -2.313875390219373163e-01 -7.240890950039511331e-01
-1.774923003350775685e-02 -2.417763956540757153e-01 -7.779372658448147071e-01
-1.748292818600860610e-02 -2.284406517152905991e-01 -8.305113513414230653e-01
1.637769517378229178e-02 -1.552150251822870253e-01 -9.134290321985631955e-01
2.422718714130112083e-02 -4.938264695510563573e-01 -2.812842378173779911e-01
-4.690059317721090304e-02 -3.930275881285085759e-01 -2.607041975270284473e-01
-7.738214204992250878e-01 1.599847215312562021e-01 9.915968067589897572e-01
-2.963123274327439383e-01 -1.980159793863840445e-01 3.790240321522138078e-01
-3.721946155441488990e-01 -1.899206230830856601e-01 3.703577840183454040e-01
-4.428530160933425996e-01 -1.689697385791708584e-01 3.862301812655248856e-01
-5.292071467738641566e-01 -1.160931452317539581e-01 4.833835301455666755e-01
-2.294451406751212286e-01 -1.929379224536558191e-01 4.105185872960304128e-01
-4.033883888766873760e-01 -2.576793139011754885e-01 7.623765935488826528e-01
-3.167265983467961732e-01 -2.569048777870093225e-01 7.455516382278641885e-01
-4.800484171589722848e-01 -2.301041434815711550e-01 7.436741277499612224e-01
-5.286297367784724699e-01 -1.947404766785179042e-01 6.985167186799330352e-01
-5.929002479749616583e-01 -6.900444983452636016e-02 4.216378192110712408e-01
-2.541488870988021231e-01 -3.002454485027838960e-02 -1.031279274281733827e+00
-5.230288389554464956e-01 -1.124197044602077700e-01 5.686066165811818340e-01
-7.983327912974558238e-01 2.476400245252095011e-01 5.383163236433257115e-01
-6.739110581379548215e-01 -4.527988555778440782e-03 5.255457387474586906e-01
-3.467039918950418631e-01 -2.075443224762218986e-01 -5.188102889023782360e-02
-1.070725426372935996e-01 -2.899218736893087733e-01 -5.649745634033194186e-01
-9.310705061278129469e-02 -2.408997144935318691e-01 -6.426331008294396963e-01
-1.839549832334215207e-01 -2.450882685619555357e-01 -5.785039083207585975e-01
-2.436549474766956935e-01 -1.847144353947807183e-01 -5.818540347224145926e-01
-1.567183359427023470e-01 -2.137644724282956599e-01 -6.298364386275250304e-01
-2.125923212438022292e-01 -1.624752939791929141e-01 -6.104154730507256321e-01
-3.381499157316336657e-01 -5.848168663305886028e-02 -6.918923641627992005e-01
-3.758852769178550046e-02 -5.297429523939132245e-01 -2.257630543109117038e-01
-4.869353581936353148e-02 -5.654462147083478829e-01 -1.213270240060320138e-01
-6.272355184309641452e-01 -1.842063439454604268e-01 7.816837714001012571e-01
-1.947155571349871162e-01 -2.549389292627646242e-01 2.091411525444180075e-01
-2.088084371851427479e-01 -3.523254703408351673e-01 -1.557403141984962103e-01
-2.146407407065387130e-01 -3.380972371715387226e-01 -9.248983355710360676e-02
-5.644167749749664509e-01 -1.143686616011334589e-01 -8.768762582529898708e-03
-4.395594058775065260e-02 -5.415385820205860234e-01 2.119352082959458095e-02
-4.582426862343411678e-01 -3.216423739255611647e-01 8.783916157723474782e-01
-5.581797592856765355e-01 -2.602556782084053388e-01 8.495907155479853756e-01
-6.999380519201139350e-01 -4.556606038850108398e-03 1.151778513325870890e+00
-1.327932216552106803e-01 -3.772764982267562406e-01 7.517032301481032519e-01
-2.399673440244647349e-01 -2.318046545232939071e-01 6.870658721552684867e-01
-4.118970495212255223e-01 -4.226799515169532562e-02 -5.750345603022468666e-01
-7.065325317662907167e-01 5.654190835119479175e-01 -4.261409233373110172e-01
-1.531540591243633065e-01 -3.183040374892109892e-01 -2.175860930011239702e-01
-9.553628613697218164e-02 -3.201732202705573904e-01 -2.529008427572155826e-01
-3.103168404996836660e-01 -5.380679354823270089e-02 -5.889562601399123132e-01
-2.914808067401729597e-01 -7.503411941133419916e-02 -5.965846257194109548e-01
-5.949701177777408923e-01 -2.343492998860714494e-01 9.251452007768721231e-01
-2.132798171359040484e-01 -3.061031762043060489e-01 -1.953510594157277236e-01
-3.206018742970746516e-01 -3.624185725394104551e-01 8.563985622218170946e-01
-3.319518308020814601e-01 -3.877061879881138484e-01 9.407559929572784085e-01
-4.020326822377060516e-01 -3.118170135269264787e-01 1.337288366117840077e+00
-6.463014559694384431e-01 -1.363549252335790607e-01 1.024285404907931962e+00
-3.582057263316165141e-01 -3.536251560013508044e-01 1.129365537860396174e+00
-6.674886674772495532e-01 -1.285482565382043418e-01 8.413982838594238345e-01
-7.197301863447331804e-01 8.443517726878013718e-03 8.969244461513339317e-01
-1.024799331666639279e-01 -2.726542846049457847e-01 -6.113172418880332692e-01
-1.710066981405228281e-01 -2.320171424764342349e-01 -6.073982253057499392e-01
-2.290139043467002145e-01 -1.791879998358050230e-01 -5.979891680489439754e-01
-1.364951637319086197e-01 -3.000842570451267566e-01 -2.354983270733475020e-01
-3.007700287286506624e-01 -6.454971102623624502e-02 -5.927421005177078150e-01
-2.562291197388822939e-01 -1.159967389663812964e-01 -6.391505208761381063e-01
-2.803992851175831635e-01 -7.893622200202154993e-02 -6.001038396068754111e-01
-1.193075663648455742e-01 -4.254339500740207392e-01 -2.011695760145558731e-01
-1.995332975634713790e-01 -1.486489351860832420e-01 -6.199615632225621287e-01
-1.439460312169597023e-01 -1.812658627607290907e-01 -6.406251967791591895e-01
-8.294626057836229638e-02 -2.057855090283906563e-01 -6.583895711567913089e-01
-8.082345834618437364e-02 -1.481198493982287534e-01 -9.046856520859321016e-01
-1.014584572180361466e-01 -2.228010055844156234e-01 -8.164155732385252051e-01
-9.824994686500043706e-02 -2.358293619594022950e-01 -7.635438974256487654e-01
-8.970727339288242508e-02 -2.239635765880296780e-01 -7.103215195604324350e-01
-8.057100163944608262e-02 -2.198968328304775621e-01 -6.680648716235073614e-01
-1.854168380405840644e-01 -1.575077227560477411e-01 -6.388929940673717667e-01
-1.991294303821935507e-01 -1.654343114081842092e-01 -6.583846142539675483e-01
-2.126846063613020421e-01 -1.737313406393496962e-01 -6.840296509163463767e-01
-2.217736693661093161e-01 -1.579891929889702951e-01 -7.118545189474545509e-01
-3.079384233306968754e-01 -1.791886988369132405e-01 -4.426204729884402056e-01
-7.902683887886339242e-01 6.003589299392864120e-01 1.227006958555743044e-01
2.804724710686949674e-02 -3.950480075827864646e-01 -2.924647139468095070e-01
-2.277453324439874249e-01 -1.149914056939536078e-01 -6.213939885417931741e-01
-2.419734133417408284e-01 -1.192265939837722222e-01 -6.298196137560920782e-01
-7.205099535925924004e-02 -3.205850959120912780e-01 -2.962353146514721258e-01
-1.877987594924126480e-01 -2.459284676260126146e-01 -2.515505185758619699e-01
-8.339725816772514122e-02 -3.217732188167037322e-01 -2.750547703632438834e-01
-2.717245459755639470e-01 -2.210573579628809515e-01 1.557569043055184732e-01
-3.928169376925363387e-01 -1.884581432429326409e-01 9.468951958509141953e-02
-2.267900180896981199e-01 -2.906852058332738409e-01 -1.324114386898838092e-01
-5.826035551912198684e-01 -1.701070992386877201e-01 1.270773322246817827e+00
-5.312809814446999290e-01 -2.537462691277223570e-01 1.107203797216135932e+00
-4.815659182382958647e-01 -3.196608789449895127e-01 9.638988582442049591e-01
-2.566630154032372158e-01 -9.626469330194153962e-02 -7.813954320789986419e-01
-1.536730863295513450e-01 -4.220588829958384913e-01 8.939633916075919728e-01
-1.787218532573926488e-01 -4.090076502991331076e-01 1.115426794447219372e+00
-2.068835980823263698e-01 -3.927880706707211900e-01 1.358787828374875772e+00
-4.996329872628773039e-01 -1.396003784151219618e-01 4.230649565323576500e-01
-6.756827281274291330e-01 -1.670755560139447482e-02 3.624303628049470039e-01
-1.849641206578802599e-01 -1.875058793184762873e-01 4.415927182155654496e-01
-5.962965400403748006e-01 -1.282635954504904863e-01 6.520231451784610499e-01
-1.431545174425929989e-01 -2.904924575984551005e-01 2.717296745472281838e-01
-1.655266158572828994e-01 -4.297715947521365543e-01 -1.298567230731140221e-01
-7.416694707196898051e-01 7.200195331332404081e-02 3.022176506075144875e-01
-6.293617310955994526e-01 -7.379324529684905265e-02 2.728118936502974545e-01
-5.374535158587545602e-01 -1.372324558241506676e-01 2.173269419666461477e-01
-3.949833555104467209e-01 -1.739755583982725007e-01 2.202649116565951193e-01
-2.891030685466666750e-01 -1.974063635329190713e-01 2.524729209324096946e-01
-2.098700653868252886e-01 -2.236176889001628698e-01 2.932040070947372623e-01
-4.376415274386941112e-02 -3.842370675568200777e-01 3.961034623641606078e-01
-7.276843376979478251e-01 7.967875361417364743e-02 7.436049018245216580e-02
-6.557399287166614243e-01 -9.510517625071934766e-02 6.720651942631503672e-01
-1.493140518131615135e-02 -4.894147789238376678e-01 -2.748794937522230919e-01
-1.891847053142933222e-01 -2.716697334136595199e-01 9.376796284649846491e-02
-8.185241253321886568e-01 4.825207558490345328e-01 5.883946908182657864e-01
-1.481447386360511542e-01 -2.421568902393715916e-01 3.413616295060422079e-01
-2.313291312030919533e-01 -2.183170776631031540e-01 -1.263308961706497424e-01
-5.526198317659014592e-01 -9.805707426403009741e-02 5.686776514040758901e-01
-1.694956400693719001e-01 -4.114981786908933348e-01 -5.319577470880498815e-02
-7.576115791432327384e-01 6.018752485141019015e-01 -1.421397451940928924e-01
-1.807741767800444821e-01 -1.752684531801476098e-01 4.877874267370414518e-01
-1.096902745903182708e-01 -4.918975296845706779e-01 -5.151242576889147884e-03
-5.659301720680560699e-01 2.155083512200335338e-01 -7.511351410705988663e-01
-5.587745590532460227e-01 3.604104712074067685e-01 -8.489699993429042912e-01
-7.852817672780165736e-01 3.421045742035380144e-01 9.330265047436747672e-02
-6.510563761555587803e-01 2.882670916046645715e-01 -5.888160165221947295e-01
-7.620353285079990435e-01 1.465391931401913705e-01 7.361841801021018483e-01
-2.711969532574284303e-01 2.518637316023053518e-02 -1.131695915412907816e+00
-2.673506884727030325e-03 -3.895842436470067227e-01 -2.862589450220309750e-01
-2.560628824079324017e-01 -2.330640566039545725e-01 2.341018323555288383e-02
-7.373636240102889872e-01 7.053113271355981873e-02 5.216141114296937165e-01
-4.308484390044746704e-01 -1.699630075864224654e-01 4.513482385730471780e-01
-3.684775169615996937e-01 -1.877304856159247581e-01 4.344405522705672151e-01
-2.680890553343420191e-01 -1.015936725988841882e-01 -6.501526815187510522e-01
-7.098772109878801473e-01 1.316365314759675442e-01 -1.367588817343339258e-01
-1.338747785358089804e-01 5.935019372166872031e-02 -1.269860289648394591e+00
-3.550756705562969628e-01 1.931881061031914815e-01 -1.112129764753321481e+00
-4.499152808111022139e-01 2.678201216153128783e-01 -1.006161645226050894e+00
2.503131846518240333e-02 -4.278741619302723898e-01 1.095982525025244847e+00
2.203550633185943908e-02 3.671675549337116706e-02 -1.292705859390169465e+00
-3.045773383534089440e-01 -1.927072297359451181e-01 4.430626506097576911e-01
-2.419104249982956256e-01 -1.866135753284889898e-01 4.651051207971061974e-01
-2.003358445539913379e-01 -1.746021466693830071e-01 4.776053787355831748e-01
-7.069254710584202961e-01 -2.438234817150819467e-02 7.051520173811409720e-01
-2.560587610319262630e-01 -2.102124352214618241e-01 6.000959001756074329e-01
-3.251826185250621393e-01 -2.243993243800106452e-01 6.495430816374074823e-01
-3.912602748462683522e-01 -2.208417595674205813e-01 6.616077033390537210e-01
-4.534963913752210196e-01 -2.003552515397417633e-01 6.440929130885741927e-01
-4.903964445501829417e-01 -1.735135817105970535e-01 6.125172531586153823e-01
-8.093332829407775542e-01 3.348246590972010495e-01 8.157610296513135850e-01
-4.716471399835220346e-01 -1.490879772687472293e-01 4.826488674966145087e-01
2.235537150930899664e-02 -3.116063321074671322e-01 -3.959081146960259368e-01
-2.230117763060304181e-01 -2.326562288729319139e-01 -4.052142607748536740e-01
-1.525448900799721841e-01 -3.476871253078226420e-01 -2.045592437275191022e-01
-8.262685742540737399e-02 -3.036339822211233663e-01 -3.947717394225456200e-01
2.694086326336840587e-02 -3.796035975395894990e-01 5.648889768486824448e-01
-4.689821815284491713e-01 1.611036306257378481e-01 -9.009689638985958204e-01
-3.739650808357719569e-01 9.878095728213209803e-02 -1.017129414145402588e+00
-1.426208484913735752e-01 -4.102030077176355150e-02 -1.216971272969995965e+00
-6.382725981549479677e-01 4.732442166603312295e-01 -6.655355178253277160e-01
-2.048441777706304645e-01 -1.902625060041012173e-01 5.306846521760244517e-01
-9.371065642818782182e-02 -3.857689673675068764e-01 2.198744740316052049e-01
1.620352234752724108e-02 -6.125269013275369545e-02 -1.237917780174392135e+00
-2.536291664018770486e-01 1.132472932009860322e-01 -1.205381796776658909e+00
-7.588934140300027664e-01 3.615093340631245766e-01 -1.443938327604870064e-01
-1.356395958075315988e-01 -1.932651096475377361e-01 -6.538801788332198051e-01
-1.503199192972530795e-01 -2.003064729927008791e-01 -6.858261186297363032e-01
-1.624737872156540863e-01 -2.092252368549647468e-01 -7.269326484144351674e-01
-1.694223172987737724e-01 -1.949041107759268421e-01 -7.734806629460901917e-01
-1.788625345612135931e-01 -1.310912744943496522e-01 -8.538993266937890958e-01
-2.591146244530985188e-01 -1.133612797814973483e-01 -5.914670366880643293e-01
-2.757328886098238119e-01 -1.133897099748163440e-01 -5.827287389218356317e-01
-2.894665191397770565e-01 -1.139223707525790497e-01 -5.736568756752462583e-01
-3.813179558889752130e-01 -1.072373861712094256e-01 -4.952355151938176991e-01
-6.190646209573253955e-01 -6.593496536098086835e-03 -2.219389498532067240e-01
-9.215586298242894880e-02 -3.327501256836755683e-01 3.414203345075954577e-01
-1.292400564549816000e-01 -2.342420397712787761e-01 5.792957804425731272e-01
-1.750142842699968782e-01 -2.072288720089165981e-01 5.740259220691517061e-01
-2.420792776397475699e-01 -1.078193500388580639e-01 -5.995495653286875282e-01
-6.239145588586252344e-01 1.335884132504217003e-01 -4.604400926262723903e-01
-6.878478302032703384e-02 -3.283901620032574353e-01 5.630488380156564165e-01
-2.188879997331596439e-01 -7.567455002362200034e-02 -9.426070966517023919e-01
2.486573522822690951e-02 -5.141449608225179269e-01 1.582099877900760010e-01
-4.231752368105645701e-02 -4.423566076567551075e-01 2.654016943708044085e-01
2.593277599649979059e-02 -4.626382641681794361e-01 2.811975895898763955e-01
-1.463739207454135549e-01 -3.614535445221755960e-01 5.168114610740781600e-02
1.413076728165424401e-02 -1.147595553577480665e-01 -1.139759887818777351e+00
1.516690342655439144e-02 -1.329823778347680729e-01 -1.023092772520474369e+00
-1.056928395510632890e-01 -1.145263823415693105e-01 -1.009512176074178313e+00
-3.956319817792688376e-01 -1.249273820087343223e-02 -7.279694177478317485e-01
-2.969711215619277311e-01 -1.893472822943835787e-01 -2.014827348086616343e-01
-3.106116460867691664e-01 -3.960915320321278799e-02 -8.507923041285976318e-01
-4.644382447067592068e-01 -1.605583057767687727e-01 -1.639721962916258491e-01
-3.678060454385576605e-01 -1.623521303359976020e-01 -2.975857093336413683e-01
-5.264098280213431735e-01 -7.985656403469165721e-02 -3.209058127351982481e-01
-1.318651318648298432e-01 -9.214340729967052113e-02 -1.120695757146186189e+00
-1.902107714318722609e-01 -3.007733256895150920e-01 1.022205588155467026e-03
-4.487704958236644615e-01 6.471630485911994413e-02 -7.944768278466889377e-01
-3.513718029845542823e-01 2.846811196912235609e-02 -9.164477619348141424e-01
-4.646236589791703508e-01 -1.545223540014040164e-02 -5.885412455550120825e-01
-6.883823396306993914e-01 1.810944789937873889e-01 -3.154431983805301432e-01
-5.397291277195326309e-01 5.212277289508859823e-02 -5.968027201330210474e-01
-7.202758078365838479e-01 3.581566492427281645e-01 -3.696214161754554084e-01
-4.326707569357062244e-01 -1.039047996104657257e-01 -4.180084121436111744e-01
-1.400817099192313009e-01 -3.256155542932006597e-01 1.588424190246382484e-01
-1.423220690484416906e-01 -4.408118021881541893e-01 -1.833419852529524219e-01
-1.854647026397904241e-01 -3.558210941249619896e-01 -1.945846679073960361e-01
-1.114530410164375485e-01 -5.008165351572984036e-01 -1.217017894103344933e-01
-1.901182752336585402e-01 -2.690864131975585494e-01 6.978547611751642066e-01
-3.147134887604052800e-01 -2.873890788556048292e-01 7.829875021691945491e-01
-4.220795420451857183e-01 -2.817478019815820023e-01 8.001960558038572202e-01
-5.093089347389603283e-01 -2.485609868597458139e-01 7.799263131681009042e-01
-5.680622972552318295e-01 -1.980506893716509342e-01 7.328589910224030390e-01
-6.045285103939019855e-01 -6.346347716642508630e-02 5.454264041990530831e-01
-8.028768778856925081e-01 2.970027709472913280e-01 3.195670405825155047e-01
-5.550194812082605011e-01 -1.014839106763228971e-01 3.628493291391701181e-01
-4.828770375014133087e-01 -1.418230695357997062e-01 3.143675560070116060e-01
-3.851238415992548347e-01 -1.730673253769703379e-01 2.998885414025729279e-01
-2.903739130974203331e-01 -1.920052394126716688e-01 3.178915395187111859e-01
-2.151741893578649201e-01 -1.982075451166946944e-01 3.520924601657784425e-01
-1.630096550118124155e-01 -2.077632249283960508e-01 3.848424234695830837e-01
-8.075781680144165087e-01 5.640925600624835390e-01 3.626888443785978300e-01
-1.850752909425351644e-01 -3.164789665628482407e-01 -2.169717681782835639e-01
-9.452468905360283946e-02 -4.297876976811731975e-01 1.108591779327137150e-01
-9.193203052984239010e-02 -4.962641123178981317e-01 -2.025047128273190777e-01
-5.453706443870026677e-02 -4.603531481196969644e-01 -2.515830555402802649e-01
-9.214329017714439907e-02 -4.592211453607553118e-01 -2.142302147274569579e-01
-1.658432986427564870e-01 -2.880865605752052083e-01 -2.454623883573150422e-01
-3.935144193096828946e-02 -4.786015683934230491e-01 -2.652430065066635478e-01
-2.869901183427790714e-02 -3.903188514083715255e-01 -2.777652958439418285e-01
-1.565260871325856451e-01 -1.841841545961615534e-01 4.816543930391492534e-01
-1.218113093284206028e-01 -2.237351046419073786e-01 4.466614368778085709e-01
-1.017887794672580060e-01 -2.715159730480634082e-01 4.220425841325250449e-01
-5.095219942276827396e-01 -1.463799376065870739e-01 5.876902778177683917e-01
-5.563175233627002392e-01 -1.474212719441381214e-01 6.442291029871025643e-01
8.777023199827638233e-02 -4.871269934830346759e-01 1.434609062626923670e-01
5.331806401574028520e-01 -1.428588391462538576e-01 4.768419280538520599e-01
9.986818189737711737e-02 -3.972136237283616644e-01 -2.672354887661537726e-01
7.844419108409175223e-01 1.374246918486408120e-01 9.091054946482621801e-01
3.253594377285660144e-01 -2.010449994634020410e-01 3.644450745130642932e-01
3.972913956329731100e-01 -1.956634910061711974e-01 3.509120196563693117e-01
4.657278702114648894e-01 -1.774277064119207381e-01 3.557386354984670707e-01
5.563934818875728716e-01 -1.271549532117746129e-01 4.358783179792127260e-01
2.658601409347277622e-01 -1.954653867215216945e-01 3.976694362570623031e-01
4.357533981449450700e-01 -2.669636089282700908e-01 7.240303573903776879e-01
3.508206378831482120e-01 -2.643289888842446089e-01 7.116050377760378964e-01
5.123693259649870768e-01 -2.432867385173076435e-01 7.023796327978857335e-01
5.596649153887494066e-01 -2.105345285817390444e-01 6.531687576493556691e-01
6.097380687838387381e-01 -8.319314752938167246e-02 3.673363558924045424e-01
2.847630742894458056e-01 -4.277772734230611551e-02 -1.046251801859799713e+00
5.590286584043080431e-01 -1.244465831439430792e-01 5.216467318766258021e-01
8.237521168806338778e-01 2.267618988280866166e-01 4.588103927368576418e-01
6.858128268937075944e-01 -2.216594740694044496e-02 4.577344665313105576e-01
3.827122975527261772e-01 -2.171896291737276385e-01 -8.541227532266426614e-02
6.477864833201302242e-02 -2.890531102788784779e-01 -5.706609787117471466e-01
6.003390776719630395e-02 -2.402030348438701779e-01 -6.454537210444766249e-01
1.556567212094583930e-01 -2.446355734581074914e-01 -5.900268048714958358e-01
2.250323043017252722e-01 -1.871864168268687623e-01 -6.020783563434037866e-01
1.337490928535614021e-01 -2.138369820346751604e-01 -6.392392982799144363e-01
1.992029618373418742e-01 -1.659776798088175020e-01 -6.297397851138903935e-01
3.834033611451925783e-01 -6.754219995242660701e-02 -7.006904243603213622e-01
8.619631849800801771e-02 -5.334512614164741429e-01 -2.315424153116125705e-01
9.557723979420856830e-02 -5.695401496539900243e-01 -1.281439696317780985e-01
6.465995862236546543e-01 -2.013059503847021148e-01 7.315315635012309414e-01
2.381276626360030457e-01 -2.571977911095721936e-01 1.892742800307811724e-01
2.539977947925020629e-01 -3.602427722627974394e-01 -1.744215283964254404e-01
2.582923555397594884e-01 -3.459365116897468173e-01 -1.118314527298138739e-01
5.909144055513455562e-01 -1.273737165457713427e-01 -6.243017057258604119e-02
9.188754749261157651e-02 -5.423152092460465923e-01 1.547423739790709796e-02
4.939635737374707958e-01 -3.380475372026545688e-01 8.397175971579837750e-01
5.863744925084315440e-01 -2.778895332284934128e-01 8.065151627345255037e-01
7.152488420545140002e-01 -2.663419403319267076e-02 1.074410303961417235e+00
1.844629126441716949e-01 -3.813806931379832843e-01 7.307619100188862404e-01
2.788378670644375834e-01 -2.354800872117051025e-01 6.582585004903336312e-01
4.447974958948228696e-01 -5.511515719279924674e-02 -5.852019164303396970e-01
7.538836293428445856e-01 5.429817244340773286e-01 -4.846145191987860645e-01
2.020415472994158135e-01 -3.262947930931787699e-01 -2.317578646370427320e-01
1.468689617369317579e-01 -3.296758284472032230e-01 -2.634542739173001413e-01
3.388132958821712393e-01 -5.625793058085482024e-02 -5.990560198526946323e-01
3.174491126194803892e-01 -7.916930948468875462e-02 -6.056444771323588050e-01
6.202357873339559013e-01 -2.526718594434891330e-01 8.723005287475684710e-01
2.566306758593097648e-01 -3.152275178530443700e-01 -2.141353801107974686e-01
3.656132128066498232e-01 -3.765035228534530098e-01 8.234196876920778507e-01
3.770680644174331242e-01 -4.025568099711449577e-01 9.016286640653889961e-01
4.347655895261572923e-01 -3.266612708533405129e-01 1.287603004642315696e+00
6.684929616000618857e-01 -1.548118207810702529e-01 9.594942376288342345e-01
3.968346010974066473e-01 -3.661374100991774405e-01 1.088570245276695658e+00
6.854055584293035075e-01 -1.458090408688266226e-01 7.761513021756067943e-01
7.399409969243051499e-01 -1.019938080398941072e-02 8.256701391927565581e-01
6.291245409542622902e-02 -2.716595764765499244e-01 -6.153955352465338979e-01
1.446317413975055644e-01 -2.318361227824293769e-01 -6.178526180003804935e-01
2.117674145475502145e-01 -1.826098881262208096e-01 -6.176294379635558496e-01
1.859406514439717606e-01 -3.089405409200394192e-01 -2.482824268562917602e-01
3.281611616893364003e-01 -6.868246389033927368e-02 -6.023446520784947467e-01
2.689522176045997526e-01 -1.196200713493825729e-01 -6.568320457137790669e-01
3.061356649902090554e-01 -8.188844705533387947e-02 -6.082934675375679667e-01
1.661299713927638644e-01 -4.280513454262657724e-01 -2.136345577386933314e-01
1.890625323524637302e-01 -1.515132584964203888e-01 -6.378729647209511189e-01
1.272525523100298539e-01 -1.813706647932964433e-01 -6.495336927261663451e-01
5.831169110862310934e-02 -2.039212330411531715e-01 -6.600619813756096743e-01
1.098759161577512744e-01 -1.523934484753917129e-01 -9.120136188793903642e-01
6.951566094769001669e-02 -2.237284981736942235e-01 -8.227610746648723605e-01
6.517946751585190768e-02 -2.353021221124373952e-01 -7.690663148973015950e-01
6.193948697089524114e-02 -2.226674282020515427e-01 -7.152917651578198921e-01
5.590865944330131176e-02 -2.176608256449399370e-01 -6.719603268000913232e-01
1.817923301604099651e-01 -1.577696917597628534e-01 -6.523694899069250042e-01
1.943208660724253800e-01 -1.677069796832451054e-01 -6.731718290267134641e-01
2.057947287837590400e-01 -1.764555191424879155e-01 -7.001049467669826498e-01
2.180793328159450484e-01 -1.605832766050141469e-01 -7.292618676047588622e-01
3.343474887716157973e-01 -1.884482294651740331e-01 -4.596505417350396083e-01
8.314611420052302471e-01 5.762919721588315447e-01 4.527861930794796486e-02
2.382296248858062349e-01 -1.155507391792073291e-01 -6.374575215503957004e-01
2.523292047677659911e-01 -1.221641079178215072e-01 -6.473698716162377131e-01
1.229187576894998357e-01 -3.256504412008918159e-01 -3.045632800763672376e-01
2.336953743642095072e-01 -2.571714169728466226e-01 -2.684945392554024535e-01
1.346208807023826504e-01 -3.294811741289949136e-01 -2.849324016326423292e-01
3.116902420877503133e-01 -2.247438157668528724e-01 1.287952260826734641e-01
4.277164714761640951e-01 -1.967316751519647688e-01 5.592216374612979379e-02
2.707267034582295784e-01 -2.993808222926055418e-01 -1.528462200522691106e-01
6.056415253723699266e-01 -1.912290643212877228e-01 1.202873635155910392e+00
5.605308564841151586e-01 -2.714082260196497565e-01 1.050886533104708143e+00
5.172665640466105330e-01 -3.367796836927154924e-01 9.179679548854728921e-01
2.898133292533717764e-01 -1.031478236233005497e-01 -7.974467387787886885e-01
2.079511388065493627e-01 -4.285593537336220837e-01 8.619614807824067526e-01
2.230147507192141720e-01 -4.163264141565152787e-01 1.092975978837485762e+00
2.473391292972170197e-01 -4.029112483076728868e-01 1.330947220472749493e+00
5.234642788507786193e-01 -1.501165475135197713e-01 3.822841121506510564e-01
6.837296713049845209e-01 -3.541807623468051780e-02 2.980037610133898784e-01
2.268355445132596016e-01 -1.870823340273137791e-01 4.298255770908661066e-01
6.208742702092360233e-01 -1.439384736690758615e-01 5.986834993758529677e-01
1.892068772738200177e-01 -2.913204889904732475e-01 2.565471668953220874e-01
2.108029918846199280e-01 -4.362494240065446505e-01 -1.465910146612812159e-01
7.684892294358904863e-01 5.247918171832055556e-02 2.296545830912306574e-01
6.369939629862586550e-01 -8.954939697955932587e-02 2.151687258175984940e-01
5.473792500223995106e-01 -1.500756815489019402e-01 1.697500555881357176e-01
4.128575371820319972e-01 -1.814888790267799035e-01 1.885723580914218100e-01
3.137274191188352823e-01 -2.018780391098073945e-01 2.327663841608951234e-01
2.400811600833684389e-01 -2.267834621455870892e-01 2.802226430321776984e-01
9.586192775453133974e-02 -3.847146602599111898e-01 3.894093106474658672e-01
7.572552974908539625e-01 6.232455616883059157e-02 5.251142871440128701e-03
6.711005927176674213e-01 -1.118453013195015444e-01 6.101390458774043069e-01
6.206921344905785842e-02 -4.902996026085930659e-01 -2.780708288448368037e-01
2.340501958046132813e-01 -2.743259863342741856e-01 7.509987799874462411e-02
8.449711168919860071e-01 4.611186446884527612e-01 5.044244291223736187e-01
1.856326878390279767e-01 -2.433821735870194125e-01 3.343753539098390792e-01
2.793269891864825771e-01 -2.271480213295224981e-01 -1.475207762205394957e-01
5.848457228567367494e-01 -1.104325657106137726e-01 5.166145620633970648e-01
2.131344908098141699e-01 -4.180504709497667726e-01 -6.969379936932784680e-02
8.042576257966098652e-01 5.767611482121886013e-01 -2.107211903962955546e-01
2.268580468784576754e-01 -1.730213815988765891e-01 4.745754694455961431e-01
1.538073527605361424e-01 -4.954337746364707584e-01 -1.669133648017884219e-02
5.966761477510371670e-01 1.943350167504203085e-01 -7.885970431949935744e-01
5.973169718717681320e-01 3.378240090710811216e-01 -8.822582663956257676e-01
8.268872145679364571e-01 3.210630131238829676e-01 1.925748904452984078e-02
6.856956198292292193e-01 2.664979108293485943e-01 -6.381552519722921701e-01
7.854337538868505497e-01 1.270701511997989197e-01 6.597230845099257834e-01
3.021150161721211092e-01 1.246022508482524938e-02 -1.142666775112101796e+00
5.922882405196810973e-02 -3.915033716145865927e-01 -2.891083379485482885e-01
2.971685302556901220e-01 -2.392979769137968393e-01 -1.661910488906404026e-03
7.417159361909488879e-01 5.229720091799694437e-02 4.426893467094077383e-01
4.629681829259366665e-01 -1.786046461929142737e-01 4.233689223573888771e-01
4.011427432567349349e-01 -1.937495379007381224e-01 4.143472607581240030e-01
2.865932505070531988e-01 -1.043359578621936290e-01 -6.672469978093831244e-01
7.419567497560670688e-01 1.137822974489715033e-01 -2.004073512971864535e-01
1.746445081544081290e-01 5.273902602523539151e-02 -1.272699274295053584e+00
3.945427682425499682e-01 1.775482870922016065e-01 -1.123997106511843036e+00
4.893784472868945024e-01 2.491137033786450239e-01 -1.025932494569524511e+00
3.398386489574236613e-01 -1.967736192824576236e-01 4.260650907353344952e-01
2.823575743429965756e-01 -1.873857855518163973e-01 4.494128537724251249e-01
2.453440355148023277e-01 -1.729608651916978435e-01 4.625694064352112722e-01
7.168347892771294028e-01 -4.104018009692667057e-02 6.313726797597363216e-01
2.935162955233641124e-01 -2.115329449615552804e-01 5.679822576331352568e-01
3.565674011152015765e-01 -2.295482272445912297e-01 6.099963628913496194e-01
4.217273643790409032e-01 -2.289394113206464354e-01 6.193065241585351544e-01
4.847385082744137819e-01 -2.112957832485944376e-01 5.994371761316905634e-01
5.221995554998315470e-01 -1.855139852541423107e-01 5.661779972118703430e-01
8.273333665629301059e-01 3.122629916241983494e-01 7.316437042828729531e-01
5.048727342973147181e-01 -1.591821835452507106e-01 4.473032906571348111e-01
2.605459292683925954e-01 -2.383279705277475680e-01 -4.192506295250573167e-01
2.012649453019068613e-01 -3.556164933392254035e-01 -2.193525422981100759e-01
1.237064980094429445e-01 -3.075341849483648193e-01 -4.027595018123009130e-01
4.998426856091744419e-01 1.411207329929839993e-01 -9.279460717945982040e-01
4.051456163132640675e-01 8.086004938369373285e-02 -1.035755150746515696e+00
1.723974017935927527e-01 -4.831303021434107947e-02 -1.222114462381891364e+00
6.824444975819563552e-01 4.510231167892637671e-01 -7.117159359388720574e-01
2.478387374518852271e-01 -1.881361542212884874e-01 5.108485102207682704e-01
1.423090614988526958e-01 -3.874700001023949625e-01 2.090583456011099184e-01
2.927929157803119686e-01 1.019091522582233900e-01 -1.210906318720279984e+00
8.010578381568058681e-01 3.400802656038646177e-01 -2.124419083532889108e-01
1.220883775882884437e-01 -1.909216781957565612e-01 -6.608141353561878262e-01
1.334560858368134539e-01 -1.996969010444047399e-01 -6.943576967655262777e-01
1.409513946562236386e-01 -2.092162374313573103e-01 -7.372405569723676777e-01
1.491388929610070191e-01 -1.953976749641248567e-01 -7.847628511910782478e-01
2.047197995811749216e-01 -1.347961028974682396e-01 -8.661483362023152388e-01
2.588820993407764393e-01 -1.194163203187078581e-01 -6.113149299830324956e-01
2.753642473357297282e-01 -1.188735696716657908e-01 -6.024325499610165835e-01
2.890008669446144651e-01 -1.197764976086892474e-01 -5.938563975473138967e-01
4.015759070371442974e-01 -1.211501759568286429e-01 -5.120809021414896023e-01
6.433660629105890649e-01 -2.243858040402246790e-02 -2.754999906371273788e-01
1.419630050325144666e-01 -3.335476554152938533e-01 3.300899497436360353e-01
1.781432781472650495e-01 -2.364226824228305990e-01 5.612857030584577078e-01
2.184858454020887075e-01 -2.057211787611012976e-01 5.540403689353070593e-01
2.435221270006222571e-01 -1.108078502070029003e-01 -6.181965761746459620e-01
6.525887560377370278e-01 1.166475742639749846e-01 -5.058112690545182311e-01
1.151816255435101910e-01 -3.286954568436109003e-01 5.519650287129549415e-01
2.466570888767303238e-01 -8.540348151461052417e-02 -9.576246356032420692e-01
9.245270639350400277e-02 -4.441043493197127656e-01 2.592809814778396227e-01
1.918956490684071703e-01 -3.662156988535218982e-01 3.615726407545016841e-02
1.346659543882368637e-01 -1.214830629299061826e-01 -1.017088184538894602e+00
4.390575418504401028e-01 -2.486659937449486879e-02 -7.465955915642839003e-01
3.362823709879747547e-01 -2.002651377403164012e-01 -2.288949978425043330e-01
3.400208989911974733e-01 -5.312868126971703742e-02 -8.734105789874897496e-01
4.909972380129765668e-01 -1.749170868570524284e-01 -2.069511857861892068e-01
3.967995301690092624e-01 -1.719457257346370671e-01 -3.275714908211915244e-01
5.481636888551100206e-01 -9.052542317444767228e-02 -3.578419577583356048e-01
1.599849255585946706e-01 -9.884183240843047447e-02 -1.128116153352405782e+00
2.345099292116777923e-01 -3.067995077809213544e-01 -1.708585033464116165e-02
4.821050297062621226e-01 4.702615294309975269e-02 -8.238446894037481094e-01
3.828434203714095041e-01 1.147043707197897833e-02 -9.398821281287497165e-01
5.011481854772612543e-01 -2.512796651682558391e-02 -6.049205671622885916e-01
7.208028893890507938e-01 1.612241754653362946e-01 -3.736934868635246598e-01
5.705055779305090446e-01 3.974250351794395009e-02 -6.238352949184204910e-01
7.613338250983465727e-01 3.383793309040044051e-01 -4.301939227592466164e-01
4.579243240494199618e-01 -1.130110860551469809e-01 -4.397798676610840118e-01
1.868690658613252342e-01 -3.270180741988846229e-01 1.438596695526002112e-01
1.873133745404680361e-01 -4.456685071788939467e-01 -1.976305566926701562e-01
2.310443215143639373e-01 -3.649026247275051205e-01 -2.117524719156336221e-01
1.581916795117753738e-01 -5.062641247488048890e-01 -1.340245044742598424e-01
2.369275770682408577e-01 -2.730203970187092821e-01 6.723376698246559258e-01
3.562950077238085100e-01 -2.980094300791198414e-01 7.497809348149733211e-01
4.601315632882938544e-01 -2.956518986649754321e-01 7.617589920080529708e-01
5.427744383497179470e-01 -2.641769327163219216e-01 7.369150979696579284e-01
5.964844191389837569e-01 -2.145186297263061981e-01 6.845875748602177069e-01
6.264777417185443120e-01 -7.831480422318004564e-02 4.849570165690801904e-01
8.355313225220775131e-01 2.779970020205522196e-01 2.412114083260645803e-01
5.730277728028809747e-01 -1.139152501642062276e-01 3.150710587353808823e-01
5.010185347509157339e-01 -1.525118147332900076e-01 2.771215466985286202e-01
4.069335373919424903e-01 -1.802122958512075712e-01 2.766296410192030653e-01
3.174827056410869375e-01 -1.959389449974675568e-01 3.030922845829702172e-01
2.492422659643555027e-01 -2.015508331565099009e-01 3.400115350197474573e-01
2.022232260875367338e-01 -2.092354778205129939e-01 3.758867192099917265e-01
8.409165176110100504e-01 5.435450139344606413e-01 2.808822782407485175e-01
2.301775064228404055e-01 -3.259172860999142163e-01 -2.333501496095679029e-01
1.433098254979129349e-01 -4.311660458035300181e-01 1.001906696749055303e-01
1.379177875336284331e-01 -5.012316491144901409e-01 -2.127066098783519932e-01
1.002896332924680944e-01 -4.652195182244429628e-01 -2.583729607783896709e-01
1.378460112489645617e-01 -4.637992309633112153e-01 -2.247295341332580243e-01
2.113704425297507905e-01 -2.982330158446504509e-01 -2.599660961035114015e-01
8.549507593493821389e-02 -4.824353105062308966e-01 -2.706567048229500116e-01
8.283005930341980072e-02 -3.941169312844290396e-01 -2.823329573581830898e-01
2.020248783460767417e-01 -1.837517405211883670e-01 4.697163893877320806e-01
1.654779940542737693e-01 -2.244669705937822890e-01 4.387090318341784201e-01
1.432991829573401210e-01 -2.730911733914729300e-01 4.164779005854424287e-01
5.428751599101717673e-01 -1.588505605898200557e-01 5.414058740600438124e-01
5.866589891812603597e-01 -1.632829700611309054e-01 5.951947855007651000e-01
-3.765741948875835909e-01 -1.789000636426707480e-01 5.617872759392794624e-01
-3.021235023809438758e-01 -1.858378871507260222e-01 5.600607046167607184e-01
-3.756517718121843430e-01 -1.885235635658655262e-01 6.751205107952777951e-01
-4.520302944624550179e-01 -1.719015846092593058e-01 5.654567902509237687e-01
-3.781667502236265577e-01 -1.692794852012018403e-01 4.509619650959069137e-01
4.078564473809627167e-01 -1.862917949841109699e-01 5.266049003938719775e-01
4.807400431780277650e-01 -1.928957348663524751e-01 5.223391120279681221e-01
4.068050617550929005e-01 -1.960792804589424065e-01 6.378182986183835723e-01
3.343937721703769128e-01 -1.797168960214063915e-01 5.320606266655485417e-01
4.091827305254192026e-01 -1.765232295814089802e-01 4.152713831633845221e-01
