5.122951269149780273e-01 5.433960556983947754e-01 -4.324758425354957581e-02
5.070161819458007812e-01 4.686215221881866455e-01 -5.089854076504707336e-02
5.072137713432312012e-01 5.091229677200317383e-01 -3.960411250591278076e-02
5.019299387931823730e-01 4.302141070365905762e-01 -3.300635516643524170e-02
5.222264528274536133e-01 4.798511862754821777e-01 -6.641753762960433960e-02
5.216156840324401855e-01 4.426023960113525391e-01 -5.283749103546142578e-02
5.254091024398803711e-01 3.803863525390625000e-01 -3.387125208973884583e-02
4.317163228988647461e-01 3.758598566055297852e-01 1.283741276711225510e-02
5.082706212997436523e-01 3.476057946681976318e-01 -3.301167115569114685e-02
5.321861505508422852e-01 2.983569204807281494e-01 -1.153275649994611740e-02
5.391309261322021484e-01 2.487061321735382080e-01 3.091638907790184021e-03
5.269844532012939453e-01 5.490832924842834473e-01 -3.620599955320358276e-02
5.052621960639953613e-01 5.596309304237365723e-01 -2.730216458439826965e-02
5.182855129241943359e-01 5.637847781181335449e-01 -2.654789760708808899e-02
5.116395950317382812e-01 5.808125138282775879e-01 -2.184949256479740143e-02
5.183724761009216309e-01 5.919269919395446777e-01 -2.635387517511844635e-02
5.053355097770690918e-01 5.918657779693603516e-01 -3.069873526692390442e-02
5.138253569602966309e-01 6.073932051658630371e-01 -2.441934123635292053e-02
5.024021863937377930e-01 6.227031946182250977e-01 -1.952891238033771515e-03
5.162904858589172363e-01 4.882067441940307617e-01 -5.493517220020294189e-02
5.020824074745178223e-01 4.877457022666931152e-01 -3.275060653686523438e-02
3.946252763271331787e-01 3.170146942138671875e-01 6.530959159135818481e-02
4.617308974266052246e-01 4.038040637969970703e-01 9.211073629558086395e-04
4.589936137199401855e-01 3.950650691986083984e-01 -6.930928211659193039e-04
4.400576055049896240e-01 3.930075764656066895e-01 1.492112129926681519e-02
4.429327845573425293e-01 3.912457227706909180e-01 1.543113309890031815e-02
4.779331982135772705e-01 3.930488228797912598e-01 9.989628568291664124e-03
4.621513485908508301e-01 3.527712821960449219e-01 1.015451084822416306e-02
4.620990157127380371e-01 3.580475747585296631e-01 7.878992706537246704e-03
4.342539608478546143e-01 3.330168128013610840e-01 -5.096570588648319244e-03
4.227986931800842285e-01 3.666120767593383789e-01 2.955409698188304901e-03
4.079778194427490234e-01 3.960280120372772217e-01 2.733934111893177032e-02
4.608747065067291260e-01 6.498100757598876953e-01 1.955683110281825066e-04
4.282543063163757324e-01 3.753253221511840820e-01 1.324382983148097992e-02
3.915593028068542480e-01 3.875101208686828613e-01 6.657521426677703857e-02
4.131224453449249268e-01 3.775219321250915527e-01 4.594658687710762024e-02
4.559671282768249512e-01 4.725916981697082520e-01 -1.642633043229579926e-02
5.075303316116333008e-01 5.317316055297851562e-01 -3.345245867967605591e-02
4.990369975566864014e-01 5.462722182273864746e-01 -3.940595313906669617e-02
4.753876328468322754e-01 5.330423116683959961e-01 -3.438086807727813721e-02
4.688914120197296143e-01 5.514230132102966309e-01 -3.224413096904754639e-02
4.969806075096130371e-01 5.564268827438354492e-01 -2.787114679813385010e-02
4.787674546241760254e-01 5.507779121398925781e-01 -2.308526448905467987e-02
4.532387554645538330e-01 5.806536674499511719e-01 -1.081878133118152618e-02
5.016688108444213867e-01 4.839228391647338867e-01 -7.100268453359603882e-02
5.077080130577087402e-01 4.723261296749114990e-01 -6.606139242649078369e-02
4.221872389316558838e-01 3.372308313846588135e-01 2.208385989069938660e-02
4.794548153877258301e-01 4.405646324157714844e-01 -1.060773432254791260e-02
4.713734090328216553e-01 4.767380952835083008e-01 -3.698288649320602417e-02
4.840273559093475342e-01 4.567972719669342041e-01 -1.723016425967216492e-02
4.211599528789520264e-01 4.707254469394683838e-01 8.084592409431934357e-03
5.160450935363769531e-01 4.308739006519317627e-01 -4.803962633013725281e-02
4.425635337829589844e-01 3.029079735279083252e-01 -3.821918740868568420e-03
4.207108020782470703e-01 3.188513815402984619e-01 6.587795913219451904e-03
4.087260961532592773e-01 2.829888761043548584e-01 4.845792427659034729e-02
5.027398467063903809e-01 3.327157199382781982e-01 6.209150888025760651e-05
4.843326807022094727e-01 3.378359675407409668e-01 -4.699090495705604553e-03
4.520894885063171387e-01 5.713070631027221680e-01 -3.701063338667154312e-03
3.800119757652282715e-01 5.542615056037902832e-01 7.450513541698455811e-02
4.824631214141845703e-01 4.727008640766143799e-01 -3.261236846446990967e-02
5.080041289329528809e-01 4.956930279731750488e-01 -5.031521897763013840e-03
4.597684144973754883e-01 5.599254965782165527e-01 -6.990834139287471771e-03
4.687188863754272461e-01 5.690881609916687012e-01 -6.868057884275913239e-03
4.258772730827331543e-01 2.990792691707611084e-01 1.353140454739332199e-02
4.813681840896606445e-01 4.848008751869201660e-01 -2.560772001743316650e-02
4.809057116508483887e-01 3.303794860839843750e-01 -1.501185260713100433e-02
4.609180390834808350e-01 3.008640110492706299e-01 -1.488603651523590088e-02
4.715003967285156250e-01 2.413321882486343384e-01 1.770272105932235718e-02
4.155743718147277832e-01 2.949588596820831299e-01 2.531189657747745514e-02
4.755359292030334473e-01 2.897981703281402588e-01 -7.953590247780084610e-04
4.173173308372497559e-01 3.260222375392913818e-01 1.574147678911685944e-02
3.958640396595001221e-01 3.293470740318298340e-01 3.614485636353492737e-02
4.955668747425079346e-01 5.432538986206054688e-01 -5.041772499680519104e-02
4.973033964633941650e-01 5.637211203575134277e-01 -2.920946665108203888e-02
4.782558381557464600e-01 5.502772331237792969e-01 -1.884737238287925720e-02
5.012022256851196289e-01 5.038755536079406738e-01 -3.233866393566131592e-02
4.676001071929931641e-01 5.758586525917053223e-01 -6.431893911212682724e-03
4.581822156906127930e-01 5.776048302650451660e-01 -1.411208044737577438e-02
4.712141454219818115e-01 5.703197717666625977e-01 -5.269226618111133575e-03
4.981863200664520264e-01 4.824854731559753418e-01 -4.536683484911918640e-02
5.019826292991638184e-01 5.570222139358520508e-01 -3.262861818075180054e-02
4.969707131385803223e-01 5.595974326133728027e-01 -1.359029859304428101e-02
4.984113574028015137e-01 5.492286682128906250e-01 -1.408044248819351196e-02
4.954901039600372314e-01 6.254014372825622559e-01 -1.482696738094091415e-02
4.882810413837432861e-01 6.044850945472717285e-01 -1.018596626818180084e-02
4.893259406089782715e-01 5.995523929595947266e-01 -3.048162907361984253e-02
4.959986805915832520e-01 5.916374325752258301e-01 -2.554034069180488586e-02
4.953399002552032471e-01 5.798196792602539062e-01 -1.392941456288099289e-02
4.843221604824066162e-01 5.741730928421020508e-01 -3.771694842725992203e-03
4.858308732509613037e-01 5.662807226181030273e-01 -1.903504319489002228e-02
4.820973575115203857e-01 5.912325978279113770e-01 -2.144699543714523315e-02
4.662944674491882324e-01 5.874044299125671387e-01 -2.429300919175148010e-02
4.591268301010131836e-01 5.338720679283142090e-01 -2.216764166951179504e-02
3.738642930984497070e-01 4.583188295364379883e-01 1.051806211471557617e-01
5.131070613861083984e-01 5.013227462768554688e-01 -3.974200785160064697e-02
4.701254665851593018e-01 5.680081248283386230e-01 -3.757446771487593651e-03
4.745381474494934082e-01 5.783855319023132324e-01 -8.434932678937911987e-03
5.038837790489196777e-01 4.948531389236450195e-01 -3.536791354417800903e-02
4.778125882148742676e-01 5.008615255355834961e-01 -1.845537871122360229e-02
5.044865012168884277e-01 5.000222325325012207e-01 -4.726805537939071655e-02
4.676124453544616699e-01 4.431816935539245605e-01 -1.205667108297348022e-02
4.510393440723419189e-01 4.466184973716735840e-01 2.396096475422382355e-03
4.699360132217407227e-01 4.843910336494445801e-01 -2.810328453779220581e-02
4.353961944580078125e-01 2.621118426322937012e-01 3.121567517518997192e-02
4.490048587322235107e-01 2.889437675476074219e-01 8.649839088320732117e-03
4.420616626739501953e-01 3.030690252780914307e-01 1.697255671024322510e-02
4.836369454860687256e-01 6.007541418075561523e-01 1.208926178514957428e-02
4.976497292518615723e-01 3.103356361389160156e-01 -1.511939242482185364e-02
4.820976853370666504e-01 2.775584161281585693e-01 -7.204194553196430206e-03
4.903692603111267090e-01 2.629981637001037598e-01 1.221215585246682167e-03
4.354488849639892578e-01 3.888547718524932861e-01 2.297708205878734589e-02
4.110321402549743652e-01 4.118619561195373535e-01 3.110172972083091736e-02
4.749777913093566895e-01 3.906275331974029541e-01 1.325828768312931061e-02
4.144270122051239014e-01 3.633625805377960205e-01 5.731036420911550522e-03
4.886233806610107422e-01 4.201296567916870117e-01 5.697621963918209076e-04
4.905585646629333496e-01 4.671931564807891846e-01 -3.925247862935066223e-02
3.973804712295532227e-01 4.201122522354125977e-01 3.830804675817489624e-02
4.068411588668823242e-01 4.284316599369049072e-01 1.241810992360115051e-02
4.249030351638793945e-01 4.370678365230560303e-01 8.143598679453134537e-04
4.509682655334472656e-01 4.247624278068542480e-01 5.578914424404501915e-04
4.614038467407226562e-01 4.272823929786682129e-01 -1.336498931050300598e-02
4.857357144355773926e-01 4.071333110332489014e-01 2.003422006964683533e-03
5.173168778419494629e-01 4.015203714370727539e-01 -7.436794228851795197e-03
3.947877883911132812e-01 4.511726498603820801e-01 3.656644374132156372e-02
3.997271955013275146e-01 3.585507869720458984e-01 1.929709501564502716e-02
5.202519893646240234e-01 4.893298149108886719e-01 -4.710187390446662903e-02
4.774630367755889893e-01 4.413082599639892578e-01 -1.578074321150779724e-02
3.753783106803894043e-01 3.857650756835937500e-01 1.028847247362136841e-01
4.941391944885253906e-01 3.936737775802612305e-01 -1.788449287414550781e-02
4.767647087574005127e-01 4.785020649433135986e-01 -2.049687318503856659e-02
4.189940392971038818e-01 3.728029727935791016e-01 9.854573756456375122e-03
4.871575832366943359e-01 4.585286676883697510e-01 -2.682134136557579041e-02
3.779502511024475098e-01 5.060214400291442871e-01 9.963857382535934448e-02
4.899837970733642578e-01 3.754894733428955078e-01 1.300727017223834991e-02
4.889564216136932373e-01 4.501647651195526123e-01 -4.642017185688018799e-02
4.099478721618652344e-01 5.891197323799133301e-01 2.405150048434734344e-02
4.093767702579498291e-01 6.121274828910827637e-01 4.076071456074714661e-02
3.860138356685638428e-01 4.536110162734985352e-01 6.985650211572647095e-02
3.992040157318115234e-01 5.660483241081237793e-01 4.302303865551948547e-02
3.918863236904144287e-01 3.565030097961425781e-01 6.724593788385391235e-02
4.532232582569122314e-01 6.575698256492614746e-01 -1.149309333413839340e-02
5.159313678741455078e-01 4.828549623489379883e-01 -3.713802248239517212e-02
4.783434569835662842e-01 4.612347185611724854e-01 -5.654454231262207031e-03
3.846334218978881836e-01 3.850846886634826660e-01 4.191815480589866638e-02
4.559943974018096924e-01 3.922875523567199707e-01 5.194645375013351440e-03
4.616650342941284180e-01 3.784545063972473145e-01 4.629781004041433334e-03
4.746951460838317871e-01 5.753509998321533203e-01 -5.767034366726875305e-03
3.987036943435668945e-01 4.974207282066345215e-01 3.543355688452720642e-02
4.738228917121887207e-01 6.939475536346435547e-01 6.716567091643810272e-03
4.424500763416290283e-01 6.542486548423767090e-01 2.187860198318958282e-02
4.315178692340850830e-01 6.314652562141418457e-01 3.714395314455032349e-02
5.233746170997619629e-01 2.907503545284271240e-01 2.013055607676506042e-03
4.945090413093566895e-01 6.992635130882263184e-01 7.791960146278142929e-03
4.638691544532775879e-01 3.884335160255432129e-01 1.037546433508396149e-02
4.864926934242248535e-01 3.767079412937164307e-01 5.659348797053098679e-03
4.879075884819030762e-01 3.857989609241485596e-01 -4.457121249288320541e-04
3.980164527893066406e-01 3.599219024181365967e-01 3.579238429665565491e-02
4.816764891147613525e-01 3.696167469024658203e-01 1.652607321739196777e-02
4.535456895828247070e-01 3.677744865417480469e-01 7.639992982149124146e-03
4.499991536140441895e-01 3.640645146369934082e-01 4.962956532835960388e-03
4.364106953144073486e-01 3.713937401771545410e-01 1.669120416045188904e-02
4.378758370876312256e-01 3.773597776889801025e-01 1.670719869434833527e-02
3.939531147480010986e-01 3.485867977142333984e-01 7.848746329545974731e-02
4.308285415172576904e-01 3.802464604377746582e-01 3.173089027404785156e-02
5.189724564552307129e-01 5.166754126548767090e-01 -4.604863375425338745e-02
4.894778728485107422e-01 5.148962736129760742e-01 -3.043893165886402130e-02
4.855996370315551758e-01 4.896735846996307373e-01 -2.928039804100990295e-02
5.006927251815795898e-01 5.155029296875000000e-01 -4.270948097109794617e-02
5.214307308197021484e-01 3.685252070426940918e-01 -1.689742691814899445e-02
4.212717711925506592e-01 6.224142313003540039e-01 1.222814060747623444e-02
4.408590495586395264e-01 6.378584504127502441e-01 2.401264198124408722e-02
4.659248888492584229e-01 6.672350168228149414e-01 -1.971272565424442291e-02
3.905609548091888428e-01 5.857557058334350586e-01 8.677703142166137695e-02
4.889205992221832275e-01 3.791321516036987305e-01 1.144472043961286545e-02
4.860233962535858154e-01 4.209855794906616211e-01 -2.401781268417835236e-02
5.102120041847229004e-01 6.844590902328491211e-01 -2.870065625756978989e-03
4.578943848609924316e-01 6.716148257255554199e-01 2.116693370044231415e-02
3.828517198562622070e-01 5.099361538887023926e-01 5.870645120739936829e-02
4.917410612106323242e-01 5.862874388694763184e-01 -1.868552900850772858e-02
4.936390519142150879e-01 5.870350003242492676e-01 -2.489572577178478241e-02
4.861330091953277588e-01 5.847125053405761719e-01 -2.371327206492424011e-02
4.793358147144317627e-01 6.118249297142028809e-01 -2.468233183026313782e-02
4.748801589012145996e-01 6.141899228096008301e-01 -2.474851161241531372e-02
4.766392409801483154e-01 5.545337200164794922e-01 -2.235565707087516785e-02
4.729813337326049805e-01 5.618503093719482422e-01 -1.524207554757595062e-02
4.646409749984741211e-01 5.622189044952392578e-01 -8.549747988581657410e-03
4.656121134757995605e-01 5.309611558914184570e-01 -1.482637878507375717e-02
4.168507158756256104e-01 5.105960369110107422e-01 2.293971367180347443e-02
5.046727061271667480e-01 3.914910256862640381e-01 -2.155752480030059814e-02
5.018699169158935547e-01 3.695540726184844971e-01 3.651384729892015457e-03
4.888502359390258789e-01 3.911587893962860107e-01 3.989030607044696808e-03
4.744819402694702148e-01 5.662746429443359375e-01 5.288823507726192474e-03
4.066980183124542236e-01 5.505501627922058105e-01 3.786111623048782349e-02
5.058278441429138184e-01 3.615024685859680176e-01 -8.647026494145393372e-03
4.636541604995727539e-01 6.179844737052917480e-01 -1.606718823313713074e-02
5.235058665275573730e-01 4.182652831077575684e-01 -4.515394568443298340e-02
5.002332329750061035e-01 4.083317518234252930e-01 -4.022457450628280640e-02
5.139000415802001953e-01 4.098407328128814697e-01 -4.372636601328849792e-02
4.919481575489044189e-01 4.538452029228210449e-01 -2.350630238652229309e-02
5.009088516235351562e-01 6.671814918518066406e-01 -1.862286590039730072e-02
5.155736207962036133e-01 6.408370137214660645e-01 -1.294896937906742096e-02
4.821983873844146729e-01 6.424128413200378418e-01 -1.821677945554256439e-02
4.353170096874237061e-01 5.963281989097595215e-01 -7.537601515650749207e-03
4.567252397537231445e-01 4.868240952491760254e-01 -1.529018394649028778e-02
4.537012279033660889e-01 6.128452420234680176e-01 1.707119168713688850e-03
4.360202550888061523e-01 4.965263009071350098e-01 -1.452029217034578323e-03
4.525227844715118408e-01 5.190646648406982422e-01 -1.828544540330767632e-03
4.186161756515502930e-01 5.278950929641723633e-01 -1.632035477086901665e-03
4.821643233299255371e-01 6.658883094787597656e-01 -1.033864822238683701e-02
4.859328567981719971e-01 4.428732395172119141e-01 -1.800972223281860352e-02
4.403216540813446045e-01 5.991598367691040039e-01 3.578037489205598831e-03
4.442630410194396973e-01 6.338444352149963379e-01 1.584275625646114349e-03
4.294677674770355225e-01 5.562808513641357422e-01 -2.916330471634864807e-03
3.972354829311370850e-01 5.223235487937927246e-01 4.830665886402130127e-02
4.238795042037963867e-01 5.694926381111145020e-01 2.138545550405979156e-02
3.834750056266784668e-01 5.385236740112304688e-01 5.968922004103660583e-02
4.470814168453216553e-01 5.295203924179077148e-01 -3.637987654656171799e-03
4.931098520755767822e-01 4.253840446472167969e-01 -1.611215062439441681e-02
4.901014268398284912e-01 4.741081595420837402e-01 -5.591672286391258240e-02
4.907927513122558594e-01 4.878502488136291504e-01 -3.608733415603637695e-02
5.197393894195556641e-01 4.673999547958374023e-01 -4.351299628615379333e-02
4.877682924270629883e-01 3.605555891990661621e-01 -4.900229163467884064e-03
4.848398864269256592e-01 3.401232957839965820e-01 -8.886542171239852905e-03
4.548997282981872559e-01 3.229897320270538330e-01 -4.255686420947313309e-03
4.525401890277862549e-01 3.431116640567779541e-01 -1.822037436068058014e-02
4.261969923973083496e-01 3.452556431293487549e-01 1.844151690602302551e-02
4.133222401142120361e-01 3.820089995861053467e-01 1.993519999086856842e-02
3.801845610141754150e-01 4.206582605838775635e-01 6.769780814647674561e-02
4.187537133693695068e-01 4.113386571407318115e-01 1.716615818440914154e-02
4.424163401126861572e-01 4.052137732505798340e-01 4.404736682772636414e-04
4.582310318946838379e-01 4.189247190952301025e-01 -9.830028284341096878e-05
4.717441797256469727e-01 4.019182026386260986e-01 1.020592357963323593e-02
4.767956137657165527e-01 4.053381383419036865e-01 5.880418233573436737e-03
4.937423467636108398e-01 3.999227881431579590e-01 -2.255895175039768219e-03
3.692034184932708740e-01 4.242288470268249512e-01 1.046259626746177673e-01
4.791937470436096191e-01 4.893300533294677734e-01 -2.724581398069858551e-02
4.957023561000823975e-01 4.343258440494537354e-01 -3.113195672631263733e-02
4.965788722038269043e-01 4.795528054237365723e-01 -5.023217573761940002e-02
5.074169635772705078e-01 4.936385750770568848e-01 -5.735480040311813354e-02
4.966088235378265381e-01 4.877906441688537598e-01 -5.315322056412696838e-02
4.835910201072692871e-01 4.923984408378601074e-01 -2.995850890874862671e-02
5.054001808166503906e-01 4.818699955940246582e-01 -6.065757945179939270e-02
5.039835572242736816e-01 4.960640370845794678e-01 -4.513499885797500610e-02
4.886015057563781738e-01 3.837781548500061035e-01 6.912682205438613892e-03
4.942197501659393311e-01 3.807561695575714111e-01 -1.775153214111924171e-03
5.139797329902648926e-01 3.949435353279113770e-01 7.879586191847920418e-04
4.434936940670013428e-01 3.638270199298858643e-01 1.006219722330570221e-02
4.523046612739562988e-01 3.523323535919189453e-01 1.587373577058315277e-02
5.291559100151062012e-01 4.233877360820770264e-01 -3.817622363567352295e-02
6.022443771362304688e-01 4.023784697055816650e-01 2.570161595940589905e-02
5.202089548110961914e-01 4.892241060733795166e-01 -3.061385080218315125e-02
6.245976686477661133e-01 3.448797464370727539e-01 1.015633195638656616e-01
5.728454589843750000e-01 4.093710780143737793e-01 1.648248918354511261e-02
5.790004730224609375e-01 4.104322493076324463e-01 5.026964470744132996e-03
6.000540256500244141e-01 4.046954214572906494e-01 -1.899402122944593430e-03
6.116061806678771973e-01 4.042174220085144043e-01 3.277075290679931641e-02
5.577636361122131348e-01 3.906881511211395264e-01 1.994629763066768646e-02
5.837963819503784180e-01 3.566222786903381348e-01 2.104230225086212158e-02
5.768160223960876465e-01 3.552818894386291504e-01 3.148078452795743942e-03
6.086097955703735352e-01 3.541516065597534180e-01 2.148971334099769592e-02
6.091771721839904785e-01 3.642146289348602295e-01 3.303772211074829102e-02
6.253486871719360352e-01 4.079714715480804443e-01 2.444243803620338440e-02
5.524470806121826172e-01 6.512499451637268066e-01 -9.893098846077919006e-03
5.995754599571228027e-01 3.962505459785461426e-01 3.285061568021774292e-02
6.409667730331420898e-01 4.188355505466461182e-01 7.990805804729461670e-02
6.197108030319213867e-01 4.008226990699768066e-01 4.182431101799011230e-02
5.728692412376403809e-01 4.750724434852600098e-01 -1.773487194441258907e-03
5.311208367347717285e-01 5.438195466995239258e-01 -2.590181678533554077e-02
5.188997983932495117e-01 5.619825124740600586e-01 -3.296979516744613647e-02
5.379146933555603027e-01 5.449744462966918945e-01 -2.493155002593994141e-02
5.443519949913024902e-01 5.655156373977661133e-01 -2.266624569892883301e-02
5.321493744850158691e-01 5.613210201263427734e-01 -3.623370826244354248e-02
5.535508394241333008e-01 5.699676871299743652e-01 -3.156584873795509338e-02
5.394213795661926270e-01 5.939172506332397461e-01 -1.149651128798723221e-02
5.252693891525268555e-01 4.807233214378356934e-01 -6.438989937305450439e-02
5.252004861831665039e-01 4.678018987178802490e-01 -6.776191294193267822e-02
6.165546774864196777e-01 3.471867144107818604e-01 2.500743791460990906e-02
5.423000454902648926e-01 4.363537430763244629e-01 -6.381957791745662689e-03
5.450661778450012207e-01 4.697203040122985840e-01 -3.054489381611347198e-02
5.649836659431457520e-01 4.779056310653686523e-01 -4.163475707173347473e-02
6.054812669754028320e-01 4.684678018093109131e-01 1.828690618276596069e-02
5.316948294639587402e-01 4.441340863704681396e-01 -6.877445429563522339e-02
6.014186143875122070e-01 3.335893452167510986e-01 2.373838797211647034e-02
6.024096012115478516e-01 3.426158726215362549e-01 2.338311634957790375e-02
6.333081722259521484e-01 3.130199313163757324e-01 5.191546678543090820e-02
5.516431927680969238e-01 3.395375907421112061e-01 -5.304461345076560974e-03
5.608423352241516113e-01 3.638015687465667725e-01 1.214016973972320557e-02
5.503879785537719727e-01 5.767274498939514160e-01 1.575408317148685455e-02
6.185503005981445312e-01 5.748272538185119629e-01 9.528721868991851807e-02
5.493475794792175293e-01 4.939395487308502197e-01 -2.597984857857227325e-02
5.199695229530334473e-01 4.851242899894714355e-01 -2.800889685750007629e-02
5.553780198097229004e-01 5.764403343200683594e-01 5.374476313591003418e-03
5.629178285598754883e-01 5.849047303199768066e-01 -6.816584151238203049e-03
6.233972907066345215e-01 3.264412581920623779e-01 1.444770395755767822e-02
5.551419258117675781e-01 5.055701732635498047e-01 -3.262117132544517517e-02
5.751917958259582520e-01 3.345246911048889160e-01 -1.262212265282869339e-02
5.941480398178100586e-01 3.122286498546600342e-01 -8.173120208084583282e-03
5.862549543380737305e-01 2.552559971809387207e-01 1.879392936825752258e-02
6.350884437561035156e-01 3.267733454704284668e-01 3.313160687685012817e-02
5.765616297721862793e-01 2.990171015262603760e-01 9.825204499065876007e-03
6.190959811210632324e-01 3.537925779819488525e-01 3.848390653729438782e-02
6.319958567619323730e-01 3.526005744934082031e-01 4.611308500170707703e-02
5.245532989501953125e-01 5.494742989540100098e-01 -3.187455609440803528e-02
5.381556153297424316e-01 5.520780086517333984e-01 -2.463216707110404968e-02
5.532213449478149414e-01 5.627856254577636719e-01 -1.439076941460371017e-02
5.391793847084045410e-01 4.961088299751281738e-01 -4.396942257881164551e-02
5.541918873786926270e-01 5.777981877326965332e-01 5.240732803940773010e-03
5.401650071144104004e-01 5.821144580841064453e-01 -1.054322626441717148e-02
5.500038266181945801e-01 5.662947893142700195e-01 -1.392452605068683624e-02
5.429232716560363770e-01 4.917689263820648193e-01 -4.664397612214088440e-02
5.496902465820312500e-01 5.525712370872497559e-01 -3.463669680058956146e-03
5.348157882690429688e-01 5.548154711723327637e-01 -3.045205399394035339e-02
5.191287398338317871e-01 5.498445034027099609e-01 -3.762578964233398438e-02
5.239197015762329102e-01 6.267673373222351074e-01 -9.740913286805152893e-03
5.213896632194519043e-01 6.054018735885620117e-01 -1.461368240416049957e-02
5.279616117477416992e-01 6.016107797622680664e-01 -3.161588311195373535e-02
5.144659280776977539e-01 5.993158221244812012e-01 -3.491136059165000916e-02
5.229969620704650879e-01 5.735719799995422363e-01 -2.069904468953609467e-02
5.360861420631408691e-01 5.871000289916992188e-01 -1.414266787469387054e-02
5.375628471374511719e-01 5.696517229080200195e-01 -4.580397158861160278e-03
5.456128716468811035e-01 5.897800922393798828e-01 -1.013760548084974289e-02
5.519738197326660156e-01 5.960561037063598633e-01 -1.906455866992473602e-02
5.584918260574340820e-01 5.471187233924865723e-01 -1.818111166357994080e-02
6.425150036811828613e-01 4.969783425331115723e-01 1.214016824960708618e-01
5.408509373664855957e-01 5.662947893142700195e-01 -4.771918524056673050e-03
5.510181188583374023e-01 5.919516086578369141e-01 -2.840359695255756378e-03
5.257562994956970215e-01 5.001617074012756348e-01 -2.258834615349769592e-02
5.381323695182800293e-01 5.036494135856628418e-01 -1.527852285653352737e-02
5.321286320686340332e-01 4.946282207965850830e-01 -1.952406205236911774e-02
5.738158226013183594e-01 4.392232894897460938e-01 2.463112818077206612e-03
5.765731930732727051e-01 4.569763243198394775e-01 -3.555528819561004639e-03
5.435501337051391602e-01 4.855311512947082520e-01 -1.388669759035110474e-02
6.116537451744079590e-01 2.700371444225311279e-01 3.204154223203659058e-02
6.068089604377746582e-01 2.949018180370330811e-01 3.703017160296440125e-02
6.015643477439880371e-01 3.181205391883850098e-01 1.218161731958389282e-02
5.675092935562133789e-01 6.034747362136840820e-01 3.148406278342008591e-03
5.478430390357971191e-01 3.256510198116302490e-01 -1.277806423604488373e-02
5.629213452339172363e-01 2.833718657493591309e-01 -1.502368506044149399e-02
5.643597841262817383e-01 2.567369639873504639e-01 6.721443030983209610e-03
6.070884466171264648e-01 4.086062908172607422e-01 2.518957667052745819e-02
6.279391646385192871e-01 4.289208650588989258e-01 2.196005359292030334e-02
5.512070059776306152e-01 3.891248106956481934e-01 2.227307111024856567e-02
6.023688912391662598e-01 3.859238624572753906e-01 2.520241029560565948e-02
5.338031053543090820e-01 4.212595224380493164e-01 1.842040102928876877e-03
5.443931221961975098e-01 4.715271890163421631e-01 -3.392226248979568481e-02
6.357769966125488281e-01 4.396907091140747070e-01 5.535139143466949463e-02
6.061389446258544922e-01 4.384101629257202148e-01 1.107408851385116577e-02
5.964066982269287109e-01 4.391120672225952148e-01 2.802298404276371002e-02
5.817902088165283203e-01 4.393670856952667236e-01 1.291931141167879105e-02
5.591385364532470703e-01 4.299150109291076660e-01 2.314143814146518707e-03
5.588052272796630859e-01 4.066320359706878662e-01 2.544889925047755241e-03
5.327274799346923828e-01 3.898288905620574951e-01 -2.166710980236530304e-02
6.261860132217407227e-01 4.790076613426208496e-01 5.632247775793075562e-02
6.319030523300170898e-01 3.862633407115936279e-01 2.718107029795646667e-02
5.192710161209106445e-01 4.933102130889892578e-01 -5.142749845981597900e-02
5.397777557373046875e-01 4.579608142375946045e-01 -1.125504355877637863e-02
6.269227266311645508e-01 4.011870324611663818e-01 1.076207384467124939e-01
5.409227609634399414e-01 4.034127891063690186e-01 -1.614606007933616638e-03
5.598720312118530273e-01 4.826232790946960449e-01 -1.520447432994842529e-03
6.102720499038696289e-01 3.997600674629211426e-01 2.842109464108943939e-02
5.455608963966369629e-01 4.612665474414825439e-01 -3.621679916977882385e-02
6.406977176666259766e-01 5.476657748222351074e-01 1.327982246875762939e-01
5.418180823326110840e-01 4.009930193424224854e-01 6.532885134220123291e-03
5.437191128730773926e-01 4.628230035305023193e-01 -5.443311855196952820e-02
5.922989845275878906e-01 6.108102798461914062e-01 4.708141833543777466e-02
6.054456830024719238e-01 6.421762704849243164e-01 5.827096849679946899e-02
6.342849731445312500e-01 4.769755601882934570e-01 8.219989389181137085e-02
6.152654886245727539e-01 5.795212388038635254e-01 6.851390749216079712e-02
6.422390341758728027e-01 3.699193000793457031e-01 8.209246397018432617e-02
5.536222457885742188e-01 6.633162498474121094e-01 1.191609632223844528e-02
5.137068629264831543e-01 4.943020045757293701e-01 -4.432750493288040161e-02
5.484064221382141113e-01 4.731812477111816406e-01 -1.167900860309600830e-02
6.324083805084228516e-01 4.135013818740844727e-01 6.797209382057189941e-02
5.987518429756164551e-01 4.005793035030364990e-01 2.569109387695789337e-02
5.762430429458618164e-01 3.994930684566497803e-01 4.295246675610542297e-03
5.414497852325439453e-01 5.817568302154541016e-01 3.759360639378428459e-03
6.272950768470764160e-01 5.028012394905090332e-01 3.566913306713104248e-02
5.131734609603881836e-01 6.889033913612365723e-01 4.886732436716556549e-03
5.686300396919250488e-01 6.757262945175170898e-01 2.389748767018318176e-02
5.805075168609619141e-01 6.482187509536743164e-01 3.751349449157714844e-02
5.620449185371398926e-01 4.051590859889984131e-01 8.395825512707233429e-03
5.614063739776611328e-01 4.002260863780975342e-01 8.414562791585922241e-03
5.599240064620971680e-01 3.771097660064697266e-01 9.297593496739864349e-04
6.325321793556213379e-01 3.653851449489593506e-01 5.199408531188964844e-02
5.565949082374572754e-01 3.942003846168518066e-01 1.183327659964561462e-02
5.757665634155273438e-01 3.678925335407257080e-01 7.836109027266502380e-03
5.785350203514099121e-01 3.700022995471954346e-01 6.653826218098402023e-03
6.011538505554199219e-01 3.750859797000885010e-01 2.155494876205921173e-02
5.943947434425354004e-01 3.927312493324279785e-01 2.956084720790386200e-02
6.408978104591369629e-01 3.680035173892974854e-01 1.015734672546386719e-01
5.904770493507385254e-01 3.988437950611114502e-01 1.594933867454528809e-02
5.651579499244689941e-01 5.171353220939636230e-01 -1.661920174956321716e-02
5.551192760467529297e-01 4.898372292518615723e-01 -2.199297770857810974e-02
5.266773104667663574e-01 5.334249138832092285e-01 -3.790029510855674744e-02
5.900902152061462402e-01 6.331418752670288086e-01 2.157859131693840027e-02
5.612806081771850586e-01 6.412303447723388672e-01 2.361257188022136688e-02
5.274344682693481445e-01 6.819534301757812500e-01 1.337733119726181030e-04
6.039412617683410645e-01 6.053299903869628906e-01 8.953140676021575928e-02
5.560781359672546387e-01 3.868955969810485840e-01 1.251850835978984833e-02
5.436598658561706543e-01 4.252385199069976807e-01 -1.594014838337898254e-02
5.499282479286193848e-01 6.828472614288330078e-01 2.233933657407760620e-02
6.296685338020324707e-01 5.234885811805725098e-01 6.721204519271850586e-02
5.263459682464599609e-01 5.778067708015441895e-01 -7.792195305228233337e-03
5.352311134338378906e-01 5.894519090652465820e-01 -1.910089328885078430e-02
5.403314232826232910e-01 5.917924642562866211e-01 -1.399193704128265381e-02
5.432755351066589355e-01 6.076797246932983398e-01 -1.258104015141725540e-02
5.456029176712036133e-01 6.141839623451232910e-01 -1.285186409950256348e-02
5.553104877471923828e-01 5.662893056869506836e-01 -2.226937096565961838e-03
5.446440577507019043e-01 5.648279786109924316e-01 -2.843361813575029373e-03
5.573970079421997070e-01 5.627454519271850586e-01 -3.900736104696989059e-03
5.676321983337402344e-01 5.487270951271057129e-01 3.380262991413474083e-03
6.090173125267028809e-01 5.102653503417968750e-01 2.318365499377250671e-02
5.329341888427734375e-01 4.126882553100585938e-01 -3.572622779756784439e-03
5.544139146804809570e-01 3.801223337650299072e-01 1.451234892010688782e-02
5.545269846916198730e-01 3.714314103126525879e-01 5.196029320359230042e-03
5.462604165077209473e-01 5.790898799896240234e-01 -2.354062348604202271e-02
6.142796874046325684e-01 5.603318810462951660e-01 2.594933286309242249e-02
5.224493145942687988e-01 3.643744289875030518e-01 -5.785249639302492142e-03
5.510748624801635742e-01 6.248353123664855957e-01 -5.186434369534254074e-03
5.273699164390563965e-01 4.146716296672821045e-01 -2.492005750536918640e-02
5.453339815139770508e-01 4.440134167671203613e-01 -1.406419277191162109e-02
5.302920937538146973e-01 6.367955803871154785e-01 -2.346479520201683044e-02
5.752251744270324707e-01 6.016298532485961914e-01 1.583994552493095398e-02
5.731747746467590332e-01 4.947749078273773193e-01 -4.094934556633234024e-04
5.597109198570251465e-01 6.170477867126464844e-01 -3.698890097439289093e-03
5.851481556892395020e-01 4.944811165332794189e-01 9.979987516999244690e-03
5.746009945869445801e-01 5.232585072517395020e-01 7.671223022043704987e-03
5.883918404579162598e-01 5.274433493614196777e-01 -5.930230021476745605e-03
5.325627326965332031e-01 6.684349775314331055e-01 -2.133683674037456512e-02
5.388598442077636719e-01 4.572379887104034424e-01 -3.090207837522029877e-02
5.842867493629455566e-01 6.162275075912475586e-01 2.579896710813045502e-02
5.665683746337890625e-01 6.307431459426879883e-01 1.447332790121436119e-03
5.837095975875854492e-01 5.820308923721313477e-01 8.678106591105461121e-03
6.155894398689270020e-01 5.413233637809753418e-01 5.102128535509109497e-02
6.027625799179077148e-01 5.710780024528503418e-01 5.131516605615615845e-03
6.118753552436828613e-01 5.551548600196838379e-01 6.804900616407394409e-02
5.777532458305358887e-01 5.463464260101318359e-01 -1.605672948062419891e-02
5.405399799346923828e-01 4.418736100196838379e-01 -3.378491848707199097e-02
5.413404107093811035e-01 4.861646294593811035e-01 -7.018284499645233154e-02
5.383626818656921387e-01 4.987160563468933105e-01 -2.354170382022857666e-02
5.410811901092529297e-01 4.656466543674468994e-01 -4.902123659849166870e-02
5.510294437408447266e-01 3.628951311111450195e-01 1.118495501577854156e-02
5.642393827438354492e-01 3.407960236072540283e-01 -6.560639478266239166e-03
5.944113731384277344e-01 3.468323647975921631e-01 3.934457199648022652e-04
6.164625287055969238e-01 3.465515375137329102e-01 4.722150042653083801e-03
6.141566038131713867e-01 3.662108182907104492e-01 1.125794369727373123e-02
6.173986792564392090e-01 3.909345269203186035e-01 3.527134656906127930e-02
6.415413022041320801e-01 4.465565085411071777e-01 8.829075098037719727e-02
6.161456108093261719e-01 4.228952825069427490e-01 1.991048827767372131e-02
6.058337688446044922e-01 4.302974045276641846e-01 2.071760594844818115e-02
5.788423418998718262e-01 4.242465198040008545e-01 1.479728706181049347e-02
5.556586384773254395e-01 4.063764810562133789e-01 1.196021120995283127e-02
5.450472831726074219e-01 4.052303135395050049e-01 5.030440166592597961e-03
5.506415963172912598e-01 4.020411074161529541e-01 1.403986290097236633e-02
6.471303701400756836e-01 4.557496607303619385e-01 1.228507086634635925e-01
5.436830520629882812e-01 5.024286508560180664e-01 -2.798483893275260925e-02
5.293862223625183105e-01 4.299000203609466553e-01 -3.029301390051841736e-02
5.439673662185668945e-01 4.675105214118957520e-01 -5.113126710057258606e-02
5.196978449821472168e-01 4.799137711524963379e-01 -3.417557477951049805e-02
5.541701316833496094e-01 4.942140579223632812e-01 -4.757574573159217834e-02
5.501695871353149414e-01 4.956525266170501709e-01 -2.842730842530727386e-03
5.337899327278137207e-01 4.962132573127746582e-01 -5.216316506266593933e-02
5.212218761444091797e-01 4.953117370605468750e-01 -4.564816132187843323e-02
5.398938655853271484e-01 3.955450952053070068e-01 1.636209152638912201e-02
5.432925820350646973e-01 3.735587596893310547e-01 8.301197551190853119e-03
5.372818708419799805e-01 3.855919241905212402e-01 -1.831570081412792206e-02
5.954124331474304199e-01 3.934281468391418457e-01 2.363879047334194183e-02
6.007941365242004395e-01 3.681668639183044434e-01 3.213579580187797546e-02
4.630201160907745361e-01 3.787024021148681641e-01 9.274564683437347412e-03
4.645030200481414795e-01 3.752148151397705078e-01 3.078524023294448853e-04
4.516548812389373779e-01 3.506507277488708496e-01 2.338546514511108398e-02
4.334223568439483643e-01 3.618194460868835449e-01 1.701441034674644470e-02
4.567133188247680664e-01 3.810882270336151123e-01 8.951481431722640991e-03
5.821689963340759277e-01 3.766954541206359863e-01 3.362782532349228859e-03
5.926300883293151855e-01 3.949749767780303955e-01 1.823667064309120178e-02
5.877513289451599121e-01 3.719753623008728027e-01 1.678425446152687073e-02
5.585757493972778320e-01 3.818701207637786865e-01 1.894884556531906128e-02
5.904622673988342285e-01 3.989998400211334229e-01 1.579755730926990509e-02
