-2.532080693120337955e-02 -3.021576866444263265e-01 -6.196598723780620821e-01
2.637527208862078254e-02 -5.575061327102353026e-01 -2.420938037376595409e-01
2.744047795444412574e-02 -3.541123053884139837e-01 -3.212511033826158657e-01
-3.928394071190557946e-02 -5.055187522711049875e-01 1.544071198036401915e-01
2.613735421200107101e-02 -5.974332031899514117e-01 -1.309178816351936059e-01
2.491479943491849841e-02 -5.865724321957543896e-01 2.695643240329724521e-02
2.754176969440613743e-02 -4.311876598189882115e-01 4.289467292854980407e-01
-5.171208040245875992e-01 -1.363840664914394707e-01 5.381024867677162149e-01
2.808907591828349593e-02 -4.126901139801026908e-01 7.344594040940473079e-01
2.693294324357987241e-02 -4.453507487902546025e-01 8.818424767205468306e-01
2.529213115624028008e-02 -4.316603313271224485e-01 1.400212679769686996e+00
-2.427622871316156145e-02 -2.850502941552693903e-01 -6.548387680055849369e-01
-2.183515343265841901e-02 -2.549038683069433375e-01 -6.842662718255492216e-01
-1.737915961231042972e-02 -2.160184015714821104e-01 -6.995492057017982379e-01
-1.635010994513801802e-02 -2.341559939935878853e-01 -6.844869467514260730e-01
-1.721275960210423561e-02 -2.382097336299267010e-01 -7.324718347154990372e-01
-1.948085057013008992e-02 -2.490680402406039162e-01 -7.903143197503250672e-01
-1.920260942428941853e-02 -2.353859211678613894e-01 -8.478998150072984963e-01
1.617787301128659205e-02 -1.598021816249958205e-01 -9.397150856891107740e-01
2.511898564737202744e-02 -5.120892901481939319e-01 -2.917571592870008557e-01
-4.864028614368196002e-02 -4.077149030550203390e-01 -2.705291337977610011e-01
-8.023056511588564366e-01 1.658737310486888550e-01 1.028097311160709459e+00
-3.072195321938131496e-01 -2.053049128298337633e-01 4.020449385234474704e-01
-3.858950340109739141e-01 -1.969115678819896020e-01 3.935844313143336270e-01
-4.591543578817078863e-01 -1.751894849969963808e-01 4.090507730885031279e-01
-5.486871689548309394e-01 -1.203665135298943589e-01 5.043255010554272832e-01
-2.378909760288457909e-01 -2.000399335127636125e-01 4.330939532049322693e-01
-4.182370446644372297e-01 -2.671644442154040844e-01 7.804567814707106255e-01
-3.283852488368927958e-01 -2.663615012438123042e-01 7.631890465611519403e-01
-4.977189151316512294e-01 -2.385742366129263159e-01 7.617654799822239919e-01
-5.480885045988617144e-01 -2.019088394422403621e-01 7.162793423180768837e-01
-6.147248020310849270e-01 -7.154449131830767361e-02 4.403747212692170621e-01
-2.654949230246303471e-01 -3.126356069763279455e-02 -1.069603262056591619e+00
-5.422814387100962641e-01 -1.165578542506171267e-01 5.873417315091131741e-01
-8.277192812136868749e-01 2.567556103597061767e-01 5.581316522168420224e-01
-6.987176058963429082e-01 -4.694663053893689819e-03 5.450074830426742123e-01
-3.594661049797147623e-01 -2.151839925562976097e-01 -5.379076045700570408e-02
-1.114686565325153367e-01 -2.992739009260214633e-01 -5.890739186013608242e-01
-9.748708545316125962e-02 -2.473801466257320447e-01 -6.717248086590195122e-01
-1.899647197980915414e-01 -2.540579853794853182e-01 -6.041022403605417201e-01
-2.478061534493374296e-01 -1.936327246657517653e-01 -6.099276087182072814e-01
-1.622064804361545987e-01 -2.208995155953066281e-01 -6.583403136498049424e-01
-2.165289149002996294e-01 -1.700284715606925623e-01 -6.389803861446150535e-01
-3.484788840607866423e-01 -6.241681985460684201e-02 -7.152025021541632555e-01
-3.897215489933748833e-02 -5.492520698765079867e-01 -2.340801263354891359e-01
-5.048593632569348122e-02 -5.862601906189360834e-01 -1.257930506654205416e-01
-6.503239477656996836e-01 -1.909869471323363266e-01 8.098144112268772510e-01
-2.018830026146863355e-01 -2.643231864994732838e-01 2.168396008499315908e-01
-2.164946391057636643e-01 -3.652988190332365770e-01 -1.614734943900818509e-01
-2.225416286960374412e-01 -3.505425371255839195e-01 -9.589436809559159780e-02
-5.851928573896665320e-01 -1.185785517572593151e-01 -9.091539295146208732e-03
-4.557395114633054634e-02 -5.614725221684466749e-01 2.197365091463655828e-02
-4.751105190792463961e-01 -3.334819732518455870e-01 9.107250569647664662e-01
-5.787262582476377926e-01 -2.698356440405536016e-01 8.808621477360005780e-01
-7.257026487511026858e-01 -4.724333882034931903e-03 1.194175276611446401e+00
-1.376813168351325722e-01 -3.911639799031046971e-01 7.793732941033177930e-01
-2.488004998365153098e-01 -2.403373431676040228e-01 7.046106499124753508e-01
-4.189155447697276990e-01 -4.885039980322516961e-02 -6.026661236690544765e-01
-7.325398702428875808e-01 5.862320599188782788e-01 -4.418270959248019603e-01
-1.588005625767069384e-01 -3.301628197169886869e-01 -2.256577911496037148e-01
-9.911669053767058202e-02 -3.322100302553873119e-01 -2.623645144973865140e-01
-3.130943687916784568e-01 -6.103579327168698332e-02 -6.139307737361852091e-01
-2.948588954988788924e-01 -8.234914040520796563e-02 -6.192914068614749912e-01
-6.168708633779800277e-01 -2.429756564795235718e-01 9.591996332266465863e-01
-2.211306097676507543e-01 -3.174167572098043344e-01 -2.025540022791518791e-01
-3.324031730146734809e-01 -3.757591365792207760e-01 8.879224429734837720e-01
-3.441709194263706806e-01 -4.019775847138534752e-01 9.753850543088884439e-01
-4.168314347020423138e-01 -3.232949430615835729e-01 1.386513716140287844e+00
-6.700916991183194504e-01 -1.413741260970345359e-01 1.061989170869681587e+00
-3.713912162419992224e-01 -3.666420359219043634e-01 1.170937285071400602e+00
-6.920588081627399024e-01 -1.332800952972883479e-01 8.723700069975710569e-01
-7.462233281697769893e-01 8.754321778340144744e-03 9.299400759587725940e-01
-1.068969083720297530e-01 -2.808209819103354432e-01 -6.382771464820145013e-01
-1.767359523806543709e-01 -2.401790402205601360e-01 -6.347025497653304704e-01
-2.331834748009383729e-01 -1.875500139679123768e-01 -6.263965559609312450e-01
-1.415609905174753380e-01 -3.113173175947241411e-01 -2.442416484043989922e-01
-3.037858981903414080e-01 -7.185925418155875155e-02 -6.166429946539442319e-01
-2.631387757715967224e-01 -1.222820100913902253e-01 -6.546308959499509417e-01
-2.841162695386348913e-01 -8.595668727178473745e-02 -6.217516487352030552e-01
-1.236992569406674403e-01 -4.411702708111655546e-01 -2.086255531486324033e-01
-2.034359939569992393e-01 -1.555584043943375461e-01 -6.485460362763943998e-01
-1.489364861234829807e-01 -1.872192855825489666e-01 -6.696063366304934039e-01
-8.716954756726127962e-02 -2.108038720911071806e-01 -6.884432522585310910e-01
-8.566092243882456048e-02 -1.527735368686798934e-01 -9.310486592654865223e-01
-1.071258598059029454e-01 -2.299229891622398547e-01 -8.329965781062567132e-01
-1.037334484119688538e-01 -2.433186072411279710e-01 -7.753091943281940068e-01
-9.485647241093481119e-02 -2.309613697192779425e-01 -7.187629000030759663e-01
-8.515112114341844007e-02 -2.267853089153518686e-01 -6.743154538250668573e-01
-1.927922340462917550e-01 -1.637486803336611896e-01 -6.478904904444500179e-01
-2.076373875898436250e-01 -1.718094559618569273e-01 -6.681273384865389353e-01
-2.224709374817556706e-01 -1.801900552516055853e-01 -6.952510094939654550e-01
-2.326155166926742734e-01 -1.637546448345628125e-01 -7.248578544195576345e-01
-3.163981952965149169e-01 -1.874277720300910888e-01 -4.624245077738387000e-01
-8.193580294640605555e-01 6.224580367692933436e-01 1.272172875391640867e-01
2.904690455463122822e-02 -4.098127844830316002e-01 -3.035439523266981743e-01
-2.335889938536455102e-01 -1.211433632730475607e-01 -6.352957028354797586e-01
-2.483852350562582023e-01 -1.255732214451248108e-01 -6.442935779226235393e-01
-7.483227393568345209e-02 -3.326401066831713438e-01 -3.074379501621442579e-01
-1.947881528670050710e-01 -2.551044317079590451e-01 -2.608362850697432123e-01
-8.656284483009657471e-02 -3.338796650134334687e-01 -2.854008894720313494e-01
-2.817266788170899039e-01 -2.291944405072762203e-01 1.614902890175212158e-01
-4.072764602178053917e-01 -1.953952544156297710e-01 9.817502458469890003e-02
-2.351381188471071693e-01 -3.013852772359957299e-01 -1.372854807081365924e-01
-6.040490897933530334e-01 -1.763687117027490370e-01 1.317550265179765034e+00
-5.508373411158797861e-01 -2.630866247542078540e-01 1.147959773025916119e+00
-4.992922751593376063e-01 -3.314275397888510888e-01 9.993798044047574880e-01
-2.697744387556127998e-01 -9.982377730679670158e-02 -8.018686698288688408e-01
-1.593297656630911496e-01 -4.375947963948807473e-01 9.268700271351910658e-01
-1.853005733047339287e-01 -4.240631501134937142e-01 1.156485457341692280e+00
-2.144989470134398002e-01 -4.072465306059842582e-01 1.408804569829202435e+00
-5.180243898233996003e-01 -1.447390438405153357e-01 4.450798284180025322e-01
-7.005544907471483729e-01 -1.732255819494338267e-02 3.757713608423621787e-01
-1.917726174725277177e-01 -1.944079378232651534e-01 4.636791975517381426e-01
-6.182461110112744684e-01 -1.329849560871725067e-01 6.710175968537706037e-01
-1.484240101017292313e-01 -3.011854339724864271e-01 2.817524897012690932e-01
-1.716196215320873741e-01 -4.455914117171151378e-01 -1.346367260534026278e-01
-7.689701937515711627e-01 7.465233298081835889e-02 3.133422292780850826e-01
-6.525284259453059121e-01 -7.650956150102075637e-02 2.828540515688681145e-01
-5.572370854382502348e-01 -1.422839582323418839e-01 2.253267093621009742e-01
-4.095226234953215361e-01 -1.803795681649671412e-01 2.289791194428899557e-01
-2.997449021581216067e-01 -2.046728571238086714e-01 2.643117561719166009e-01
-2.175953456552024434e-01 -2.318490167769443611e-01 3.076229490740111094e-01
-4.537510352444548700e-02 -3.983807665684188093e-01 4.106839604766274743e-01
-7.544702704381105463e-01 8.261171454869242758e-02 7.709768636902419869e-02
-6.798776003906317200e-01 -9.860598089241781605e-02 6.941384132397343532e-01
-1.548102761041324563e-02 -5.075131767889815571e-01 -2.851063403199738389e-01
-1.961485611093037318e-01 -2.816698486144030289e-01 9.721954469523858000e-02
-8.486538547100515029e-01 5.002822601749248310e-01 6.100533944881505466e-01
-1.535979204613845961e-01 -2.510706428632616394e-01 3.583585853863789916e-01
-2.398443159174540873e-01 -2.263532909706652552e-01 -1.309811144860877075e-01
-5.729616707717943846e-01 -1.016665381579919536e-01 5.874970976788166377e-01
-1.757347448287401859e-01 -4.266453544181919577e-01 -5.515390204064704593e-02
-7.854991283878649533e-01 6.240301707646882523e-01 -1.473718840626147275e-01
-1.874284424960100393e-01 -1.817200541768211330e-01 5.088483500588265596e-01
-1.137279543440438967e-01 -5.100041914094410878e-01 -5.340859114216528480e-03
-5.867619623641060489e-01 2.234411758002422532e-01 -7.787842937665871990e-01
-5.793429524902462546e-01 3.736771173896682452e-01 -8.802204359989345139e-01
-8.141878512909395127e-01 3.546973843394035653e-01 9.673710506544647147e-02
-6.750216470818592995e-01 2.988781534561638642e-01 -6.104902307354471702e-01
-7.900857151902471731e-01 1.519332751176437624e-01 7.632829905491833600e-01
-2.817439920243230422e-01 2.607438904038928557e-02 -1.173611632614969924e+00
-2.808610279000370996e-03 -4.041554887236959992e-01 -2.970941923243586302e-01
-2.654885121626270883e-01 -2.416431036177908442e-01 2.427190802182951218e-02
-7.645058495806029697e-01 7.312737112613956758e-02 5.408146353124477779e-01
-4.467078944173632493e-01 -1.762193160620563193e-01 4.734578088171192967e-01
-3.820411096820637287e-01 -1.946408118390975384e-01 4.570366897950383089e-01
-2.753889373789353279e-01 -1.074115675213619669e-01 -6.673111320813616132e-01
-7.360076665195318668e-01 1.364820488911552554e-01 -1.417929523679458403e-01
-1.388026856346599169e-01 6.153486423822364382e-02 -1.316603624011658535e+00
-3.681460234218330019e-01 2.002993216868284021e-01 -1.153067113098606544e+00
-4.664765833240882564e-01 2.776785324724012627e-01 -1.043198278775175680e+00
2.595271690413613469e-02 -4.436241347261347112e-01 1.136325447775349273e+00
2.284662945204073148e-02 3.806829261591651581e-02 -1.340290135165543184e+00
-3.157887767157097070e-01 -1.998007490366074945e-01 4.654106611307550212e-01
-2.508151052799237335e-01 -1.934827882800326249e-01 4.868187926430465051e-01
-2.077101718270545350e-01 -1.810292210403521285e-01 4.989593223438237857e-01
-7.329472735613877798e-01 -2.527985833013576822e-02 7.310886264153482195e-01
-2.654842390794935891e-01 -2.179503180633557413e-01 6.179248147657669943e-01
-3.371525336336347323e-01 -2.326594241216047854e-01 6.659490100932952128e-01
-4.056624968854074531e-01 -2.289709059727229601e-01 6.776664357581434484e-01
-4.701895139394796086e-01 -2.077302931805439234e-01 6.606556880120297848e-01
-5.084478515947421506e-01 -1.799005861965091713e-01 6.299887089722235878e-01
-8.391246990234819680e-01 3.471494968358465050e-01 8.457890499621698588e-01
-4.890083884180496110e-01 -1.545758795425834498e-01 5.038576673225281244e-01
2.287058745620636213e-02 -3.227325387826518455e-01 -4.114460647387528924e-01
-2.314535161539960639e-01 -2.412668979074025222e-01 -4.209412618088426150e-01
-1.581600407075973713e-01 -3.606053719561465032e-01 -2.121497749116775244e-01
-8.598066716780089491e-02 -3.145787550279658396e-01 -4.101989559514521710e-01
2.793255171116078989e-02 -3.935767393331673913e-01 5.856824409314683733e-01
-4.865014811187167165e-01 1.670160829980739114e-01 -9.342874735263351216e-01
-3.885437969534306646e-01 1.023607429736513030e-01 -1.054990120061566561e+00
-1.478921027509071395e-01 -4.253173362092996235e-02 -1.261761985288237575e+00
-6.617673004569837314e-01 4.906642532069971363e-01 -6.900337634149673605e-01
-2.123844559980500035e-01 -1.972660354533170013e-01 5.505110822953760419e-01
-9.716012924226927194e-02 -3.999690553422424744e-01 2.279680156352026366e-01
1.679997116093395054e-02 -6.350739090485002514e-02 -1.283454710466151116e+00
-2.629652114975792321e-01 1.174159065899468835e-01 -1.249751689135230048e+00
-7.868281473918163904e-01 3.748164300033022256e-01 -1.497089439943974365e-01
-1.426978167455933977e-01 -1.996685015599435342e-01 -6.609776477140458795e-01
-1.582760780005967316e-01 -2.069355974272595322e-01 -6.945594060047413087e-01
-1.710717327593326287e-01 -2.161870367737034337e-01 -7.374223264949988366e-01
-1.785059324415361748e-01 -2.014031929954722688e-01 -7.874281275000409863e-01
-1.885943074060105751e-01 -1.355216312723114824e-01 -8.767639869353307525e-01
-2.609728429541474659e-01 -1.215891621845074377e-01 -6.202265072988486505e-01
-2.772616757392067366e-01 -1.222743080607464061e-01 -6.118804721489872200e-01
-2.908097841527733096e-01 -1.233333899295586122e-01 -6.030200053102248159e-01
-3.874142023426390136e-01 -1.163756530454457816e-01 -5.209771393113475924e-01
-6.418522809902946769e-01 -6.836201783964629408e-03 -2.301084836403389788e-01
-9.554810412268505138e-02 -3.449985994024314939e-01 3.541827097439070871e-01
-1.339973602475704739e-01 -2.428644481387327581e-01 5.985745658278021075e-01
-1.814565293537020452e-01 -2.148569304126618507e-01 5.928326006887436606e-01
-2.442419347411309838e-01 -1.152340634607827707e-01 -6.278886225157096490e-01
-6.468807442544313169e-01 1.385057794956534305e-01 -4.773888116147536609e-01
-7.131673880950598066e-02 -3.404781462242419954e-01 5.834981368791579692e-01
-2.297602365114043144e-01 -7.846396177131065297e-02 -9.723372303146466944e-01
2.578103857729314996e-02 -5.330705465824825406e-01 1.640336688609342897e-01
-4.387522429975732052e-02 -4.586396767377042272e-01 2.751710841546098907e-01
2.688735692894839158e-02 -4.796678974652730520e-01 2.915484235040409766e-01
-1.517619190750244540e-01 -3.747585860500629584e-01 5.358351992289007992e-02
1.465217044115935119e-02 -1.189535073268606080e-01 -1.181117649610479159e+00
1.541097081096541935e-02 -1.374473924608399511e-01 -1.055235114420382647e+00
-1.109058894959652208e-01 -1.185093878687287772e-01 -1.041819864361462233e+00
-4.104545857289745303e-01 -1.365247311858972662e-02 -7.540251239391178029e-01
-3.079025764192540038e-01 -1.963171225194939584e-01 -2.088992789106854930e-01
-3.253686673057796241e-01 -4.126775858780017125e-02 -8.780355559179238156e-01
-4.815341349715271946e-01 -1.664684288295974479e-01 -1.700079840550658972e-01
-3.813884143521160119e-01 -1.683282837559813006e-01 -3.085447863685978342e-01
-5.457868813900432770e-01 -8.279607013957862582e-02 -3.327182993733540650e-01
-1.373602465804515949e-01 -9.555444094580897718e-02 -1.161800524449526195e+00
-1.972123965405652712e-01 -3.118447390133766151e-01 1.059832796427628843e-03
-4.663821906798168992e-01 6.702282324837194327e-02 -8.239432252699074866e-01
-3.665792861088454924e-01 2.935853447710871922e-02 -9.507418702372356645e-01
-4.783102463111343905e-01 -1.833939533387991816e-02 -6.130410812616333693e-01
-7.137215727206900340e-01 1.877605349780181454e-01 -3.270546071431438273e-01
-5.595946746361915025e-01 5.403517274799442272e-02 -6.187505712562653137e-01
-7.467890338929696892e-01 3.713403318250027008e-01 -3.832271156251927380e-01
-4.472272711108913334e-01 -1.094930421146372845e-01 -4.349709005176004561e-01
-1.452380930728027764e-01 -3.376014056914051764e-01 1.646893797782300606e-01
-1.475609194283089565e-01 -4.570638533338570175e-01 -1.901030877790012008e-01
-1.922916257893247938e-01 -3.689735331698762444e-01 -2.017712413344767697e-01
-1.155556078928900721e-01 -5.192515039080660699e-01 -1.261816107139324405e-01
-1.971164955735311697e-01 -2.789914368345978168e-01 7.179242647790322618e-01
-3.262980370399881647e-01 -2.979678204028481936e-01 8.052171139421724355e-01
-4.376162159002081609e-01 -2.921188891173064350e-01 8.235451473895132324e-01
-5.280565072276572902e-01 -2.577104731561201678e-01 8.028318416501845078e-01
-5.889725707051696180e-01 -2.053409004835656804e-01 7.541350396791706157e-01
-6.267810987485564755e-01 -6.579955641890103402e-02 5.650249815839005763e-01
-8.324306348316126147e-01 3.079353908129374151e-01 3.313302464436451711e-01
-5.754496508889159756e-01 -1.052195156148381661e-01 3.806641730937220247e-01
-5.006516564923895185e-01 -1.470435518311960510e-01 3.319622923320947327e-01
-3.993001826077000604e-01 -1.794379032455730716e-01 3.186566683943534706e-01
-3.010625262737170460e-01 -1.990729185727547756e-01 3.378020170656410581e-01
-2.230947134985826752e-01 -2.055035300610515980e-01 3.727328704097345735e-01
-1.690100117996974904e-01 -2.154109527693123249e-01 4.058898831905219939e-01
-8.373049786247570569e-01 5.848567081831645975e-01 3.760393570773677974e-01
-1.918914192393598173e-01 -3.282206924705619588e-01 -2.249943957945067519e-01
-9.800412626573859476e-02 -4.456081073921430713e-01 1.149398842064846826e-01
-9.531603243680811244e-02 -5.145496071273264471e-01 -2.099695131492969047e-01
-5.654456420779288561e-02 -4.774103934588004305e-01 -2.609672954864139527e-01
-9.553506851464488303e-02 -4.761934837954284738e-01 -2.221697947895925340e-01
-1.720007300029615105e-01 -2.988448545509628795e-01 -2.545522183728361476e-01
-4.079996170222009721e-02 -4.963094049281502329e-01 -2.751164443584275254e-01
-2.978331568787312422e-02 -4.049135020682353980e-01 -2.882599938812108187e-01
-1.622877849248976490e-01 -1.909639409969846602e-01 5.028016831999012615e-01
-1.262951629574872447e-01 -2.319707545715324892e-01 4.675608906492851879e-01
-1.055356065724539494e-01 -2.815104283567388954e-01 4.410000072503457158e-01
-5.282774093987612218e-01 -1.517681574158016300e-01 6.060643372474132651e-01
-5.767954737472151816e-01 -1.528478230875324195e-01 6.621697830558168629e-01
9.100103883181603903e-02 -5.050580526076992038e-01 1.487416766359756504e-01
5.528069259323500351e-01 -1.481174479392022847e-01 4.967938285990853853e-01
1.035292434196911637e-01 -4.120374834028378563e-01 -2.772993423035079452e-01
8.133170798858109229e-01 1.424832706334204779e-01 9.425695067127322080e-01
3.373358615209824940e-01 -2.084454306042026195e-01 3.883432458025196654e-01
4.119156221696276265e-01 -2.028658297652777831e-01 3.753389501504880155e-01
4.828712313646930099e-01 -1.839587891410419118e-01 3.798964757835925354e-01
5.768742282920553688e-01 -1.318355047199794017e-01 4.572459449199935966e-01
2.756464060560800955e-01 -2.026604332966835953e-01 4.205098695600275605e-01
4.517934042428264352e-01 -2.767904925127728788e-01 7.405001160472504118e-01
3.637342839840480568e-01 -2.740588925673819176e-01 7.272035176156695924e-01
5.312295509175233299e-01 -2.522420806579861452e-01 7.185848635554902275e-01
5.802660826861751886e-01 -2.182842676236876889e-01 6.685150758848604768e-01
6.321824200683925365e-01 -8.625547248476719830e-02 3.846273321177704485e-01
2.952906484410234844e-01 -4.424490938277397811e-02 -1.084140371092280120e+00
5.796064051938187855e-01 -1.290274400253514364e-01 5.398700138897331025e-01
8.540742877097251551e-01 2.351089645204115230e-01 4.756991227584709270e-01
7.110574766708763761e-01 -2.298187214133422251e-02 4.755113568886540909e-01
3.967998700481172314e-01 -2.251843413002969641e-01 -8.855628638713716749e-02
6.572846916439578635e-02 -2.981274242487360615e-01 -5.960844746445180808e-01
6.008527013908102066e-02 -2.463804099506331502e-01 -6.764562119834587328e-01
1.572628070316384186e-01 -2.527804221424168052e-01 -6.181099422036218094e-01
2.249915854240562840e-01 -1.938322111203241160e-01 -6.326620822197681626e-01
1.342792522670193389e-01 -2.201157225774401649e-01 -6.705780621640096140e-01
1.985010836422937408e-01 -1.714557099391282868e-01 -6.611051248447643580e-01
3.835614848379707009e-01 -7.116289249902060798e-02 -7.290360136142461922e-01
8.936918985187197739e-02 -5.530978924541418706e-01 -2.400732626507093848e-01
9.909542121435169215e-02 -5.905048225913185345e-01 -1.328609264585308980e-01
6.704008034948625294e-01 -2.087159870831110098e-01 7.571257173585088651e-01
2.468931000990637892e-01 -2.666651966543636121e-01 1.962414330553824415e-01
2.633474090345577778e-01 -3.735100328543183856e-01 -1.808433806497412588e-01
2.678000518090971060e-01 -3.586703739627786769e-01 -1.159479492795534861e-01
6.126658610964306195e-01 -1.320623206939010030e-01 -6.472821459752969853e-02
9.526991198678494421e-02 -5.622777369057549990e-01 1.604384100635693894e-02
5.121462861812755563e-01 -3.504910077095689802e-01 8.706274545136620802e-01
6.079588346512982966e-01 -2.881185981686589237e-01 8.361701658530533710e-01
7.415770263828456166e-01 -2.761459444499231308e-02 1.113959157040736114e+00
1.912529600798116292e-01 -3.954192495086042980e-01 7.576611276559761521e-01
2.891018400066430738e-01 -2.441480678881265964e-01 6.730098585484870499e-01
4.455794300461584090e-01 -6.002552188949294987e-02 -6.193080294091819482e-01
7.816339534096918840e-01 5.629687864008636744e-01 -5.024530945860622433e-01
2.094674991138282816e-01 -3.384310133974359758e-01 -2.403568240729991867e-01
1.522095227081322610e-01 -3.420258500417523440e-01 -2.733147086831820838e-01
3.326654979877375351e-01 -6.059035925101913245e-02 -6.311639457697404421e-01
3.111259489566314818e-01 -8.397977996395813993e-02 -6.356374880647541747e-01
6.430665577956740098e-01 -2.619726662380892357e-01 9.044097564776130138e-01
2.660772059912848153e-01 -3.268748388180429121e-01 -2.220346881142751805e-01
3.790713709939417253e-01 -3.903625514419906128e-01 8.537296202429283110e-01
3.909478736818468025e-01 -4.173748554853489168e-01 9.348174569266736178e-01
4.507692345621712171e-01 -3.386856148945690537e-01 1.334999445230125481e+00
6.931000701759291172e-01 -1.605104167298883056e-01 9.948130504776784289e-01
4.114420131073881493e-01 -3.796148638967948852e-01 1.128640324928495531e+00
7.106352167257854457e-01 -1.511762462716039479e-01 8.047212953707814087e-01
7.671780951391775627e-01 -1.057481824636978193e-02 8.560629120864864383e-01
6.341930405183042463e-02 -2.794923443663958063e-01 -6.440749515953374527e-01
1.456473665824230268e-01 -2.391261661955923490e-01 -6.477975510233557888e-01
2.114906938253223734e-01 -1.888557998259544624e-01 -6.486773926211291119e-01
1.927416032661524170e-01 -3.204681693666583397e-01 -2.575022859175375434e-01
3.217990608718119261e-01 -7.330830218749062599e-02 -6.334776615970987290e-01
2.679433428773415060e-01 -1.239147286675611470e-01 -6.745462154494175078e-01
2.999716807206688762e-01 -8.659161200901824285e-02 -6.373492929203337098e-01
1.722451864789223408e-01 -4.438860096471380912e-01 -2.215575003276097910e-01
1.881800497028738306e-01 -1.563632191141434147e-01 -6.693037992842212347e-01
1.272511046752893282e-01 -1.863958580608113813e-01 -6.814539325556703275e-01
5.804452495188634764e-02 -2.086559253780918555e-01 -6.920989729403150825e-01
1.136607756668192026e-01 -1.568225118662585071e-01 -9.378574185726733514e-01
7.157663749634451955e-02 -2.302700785071979395e-01 -8.397567197613793333e-01
6.704087272050418544e-02 -2.421202738966179435e-01 -7.810671949879484099e-01
6.345675423353623612e-02 -2.289559578117185135e-01 -7.236118950422656404e-01
5.694147486407609426e-02 -2.238607033064944352e-01 -6.780905466299320672e-01
1.838219102795687898e-01 -1.623926657810416119e-01 -6.614122945334000025e-01
1.971772619981415620e-01 -1.726336559760106582e-01 -6.830977891945473335e-01
2.096774844633067514e-01 -1.816565388979881623e-01 -7.116335635477870625e-01
2.227853370831550106e-01 -1.652430975885668119e-01 -7.427804108839710651e-01
3.413439651397525143e-01 -1.963042477630991822e-01 -4.826068567089329964e-01
8.620670806959920274e-01 5.975051784974152458e-01 4.694531733691331699e-02
2.371402161264241082e-01 -1.194784042232489019e-01 -6.528868522731343660e-01
2.514483333662582698e-01 -1.263851832968631295e-01 -6.634755567934140785e-01
1.273037555621328032e-01 -3.378509758595081847e-01 -3.160870558756649906e-01
2.422219143435924149e-01 -2.667260936720661224e-01 -2.784167928195557806e-01
1.394738922624235433e-01 -3.418301479914149787e-01 -2.956549077986293517e-01
3.231635051879835352e-01 -2.330165961759280702e-01 1.335361557473387917e-01
4.434606397140901102e-01 -2.039733335819795546e-01 5.798064867646719744e-02
2.806921058918438461e-01 -3.104009778108530737e-01 -1.584724625832820699e-01
6.279350836130142000e-01 -1.982681726124990718e-01 1.247151202525479619e+00
5.811638989212626338e-01 -2.813987151791221830e-01 1.089569480307921223e+00
5.363070554733186945e-01 -3.491764847344754896e-01 9.517581941738075813e-01
2.970542158133022692e-01 -1.062312834886561808e-01 -8.190756050816121459e-01
2.156057837243359199e-01 -4.443345483194939272e-01 8.936901315898291287e-01
2.312238845473887361e-01 -4.316513163838028300e-01 1.133208232768319501e+00
2.564436392311874591e-01 -4.177423406348298451e-01 1.379939154037063354e+00
5.427329070715427584e-01 -1.556423112775210393e-01 4.054168281443840671e-01
7.088976404905888984e-01 -3.672180970734618966e-02 3.089732271476651748e-01
2.351853210903286917e-01 -1.939688019042798972e-01 4.516068947387246180e-01
6.437285431135202352e-01 -1.492368234170308450e-01 6.156317003559572676e-01
1.961715492147687590e-01 -3.020439450547003357e-01 2.660963031648625465e-01
2.185626130136242296e-01 -4.523076887293240311e-01 -1.519870041798286886e-01
7.967771830784404763e-01 5.441093148910160215e-02 2.381081279835287612e-01
6.604415989521739139e-01 -9.284569456376301488e-02 2.230890480372773599e-01
5.675281841341939248e-01 -1.555999410439188324e-01 1.759985261471728180e-01
4.280547506567811133e-01 -1.881694528069960404e-01 1.958749369397512763e-01
3.252756703479968703e-01 -2.093091342937686283e-01 2.437985935212755306e-01
2.489185054445691159e-01 -2.351313215798441769e-01 2.941616614621396231e-01
9.939058848852264094e-02 -3.988759393750788140e-01 4.037433998284276626e-01
7.851297320704002658e-01 6.461871204043508066e-02 5.444436265966530464e-03
6.958036877372559825e-01 -1.159623070265861922e-01 6.294234294213135739e-01
6.435397019996784429e-02 -5.084323288106160632e-01 -2.884215222394493905e-01
2.426655424293286956e-01 -2.844238777387732009e-01 7.786429112331974545e-02
8.760743553869221323e-01 4.780923418683172832e-01 5.229922046257824420e-01
1.924657944942598231e-01 -2.523410286758622778e-01 3.510218572709349338e-01
2.896089666281448927e-01 -2.355093001233491412e-01 -1.529509900988821336e-01
6.063737912570696942e-01 -1.144975690701830473e-01 5.350563041302621725e-01
2.209799340050066507e-01 -4.334388354049900638e-01 -7.225921609302396464e-02
8.338622078307680319e-01 5.979916248389418598e-01 -2.184778004268732587e-01
2.352086517636398644e-01 -1.793902682850722075e-01 4.946972134651161923e-01
1.594689744178326984e-01 -5.136706049173032085e-01 -1.730574179788502837e-02
6.186246222891187418e-01 2.014884546053599124e-01 -8.176385614148991010e-01
6.193041047592648951e-01 3.502592515467082279e-01 -9.147340383187740898e-01
8.573247877925933569e-01 3.328812854716721725e-01 1.996635353258489898e-02
7.109359552349279188e-01 2.763076521485741122e-01 -6.616456347819421602e-01
8.143454325001664440e-01 1.317475809585580138e-01 6.840073738313210416e-01
3.132358168871403059e-01 1.291888380833698322e-02 -1.184618647258894431e+00
6.137165583825660020e-02 -4.061368741425451789e-01 -3.000483661283964709e-01
3.081072516923826221e-01 -2.481064934399977995e-01 -1.723085223422834988e-03
7.690183696086712040e-01 5.422225170405592376e-02 4.589846646655599827e-01
4.800099604745926563e-01 -1.851790518687854714e-01 4.455559078245731053e-01
4.159087372233927216e-01 -2.008814243819900813e-01 4.368981073244903035e-01
2.852510452404535823e-01 -1.083216755474905590e-01 -6.872002056916919344e-01
7.692680474788513578e-01 1.179706040481211804e-01 -2.077843107209150775e-01
1.810731418442053098e-01 5.468034001253295473e-02 -1.319547111184833810e+00
4.090658182874298276e-01 1.840838083749983811e-01 -1.165371242707228472e+00
5.073923820308812171e-01 2.582835350730616764e-01 -1.063696889612603558e+00
3.523480499736371119e-01 -2.040168216685533942e-01 4.481433399427479092e-01
2.927511070923112801e-01 -1.942834234261345827e-01 4.705494483613902323e-01
2.543751063968410775e-01 -1.793275242795676627e-01 4.831753727935150788e-01
7.432213520443440302e-01 -4.255086202364304071e-02 6.538390141751528883e-01
3.043205788406367907e-01 -2.193194355351928415e-01 5.843367500016967142e-01
3.696925845619434270e-01 -2.379978571968431877e-01 6.246563569711471864e-01
4.372510746359903333e-01 -2.373666308656035007e-01 6.335910222209859555e-01
5.025816476778000030e-01 -2.190735439412069274e-01 6.145230407022349572e-01
5.414216294760443304e-01 -1.923427224880603914e-01 5.826052608356493412e-01
8.577873625642096211e-01 3.237573375343334448e-01 7.585753789938773917e-01
5.234570110264413767e-01 -1.650416517802880678e-01 4.685249681419448864e-01
2.677557244813143500e-01 -2.471294295437456157e-01 -4.370780643994125469e-01
2.086734726104156890e-01 -3.688187745955767705e-01 -2.274940565337413290e-01
1.277339781274628439e-01 -3.187995463442818700e-01 -4.186390579144855240e-01
5.182410658411231719e-01 1.463153628080608448e-01 -9.621035568979428021e-01
4.200607616372837860e-01 8.383912213055150220e-02 -1.073824939602380901e+00
1.787433198926831057e-01 -5.009142437614033661e-02 -1.267056234871113407e+00
7.075651597484027278e-01 4.676251993592280831e-01 -7.379140746132182294e-01
2.569616378743327378e-01 -1.950614130346176589e-01 5.295073027492152029e-01
1.475474330731028072e-01 -4.017327027935193584e-01 2.167537466066561391e-01
3.035705716162178103e-01 1.056604104669958966e-01 -1.255479567761875970e+00
8.305446365696018685e-01 3.525985612955032655e-01 -2.202618577098257591e-01
1.243509615944305702e-01 -1.963136041050811409e-01 -6.682045341948470440e-01
1.366015828343684069e-01 -2.053026093113412553e-01 -7.033137433204503797e-01
1.450305108946103871e-01 -2.151401962645110855e-01 -7.480394800086389573e-01
1.538980223055867458e-01 -2.009124506127275556e-01 -7.994065876674847360e-01
2.118913488296774172e-01 -1.386867721632333295e-01 -8.885921310306561516e-01
2.553958335933501078e-01 -1.244776188825555407e-01 -6.441447715898509507e-01
2.715291729389040509e-01 -1.242594906416050748e-01 -6.359608053879444167e-01
2.851033899463719656e-01 -1.254587066120625982e-01 -6.279136677445931181e-01
4.056633488055716441e-01 -1.280305740557184657e-01 -5.424370625737600093e-01
6.671724251698951669e-01 -2.355167717896801405e-02 -2.860360133669187510e-01
1.471886383289819911e-01 -3.458254860634801808e-01 3.424850252856677102e-01
1.847007009463598748e-01 -2.451253598635197983e-01 5.791241728923222087e-01
2.265282710204990502e-01 -2.132937392410400035e-01 5.711704655160223520e-01
2.403079121955268294e-01 -1.152966305832168192e-01 -6.503199706184910056e-01
6.765489630037992974e-01 1.201459524054351025e-01 -5.260183915349856409e-01
1.194214409619254735e-01 -3.407946789140804400e-01 5.718590930929190463e-01
2.557181860266164453e-01 -8.811731905337588655e-02 -9.866505145848025737e-01
9.585587428761682682e-02 -4.604517524644941018e-01 2.688250688944243683e-01
1.989592942271543041e-01 -3.796960344464447301e-01 3.748820656881205610e-02
1.395175386744952062e-01 -1.255304235484734909e-01 -1.048776185594159083e+00
4.460855301911808013e-01 -2.650832171136076332e-02 -7.761716534713591908e-01
3.486608660363665901e-01 -2.076368623079793974e-01 -2.373205825351268894e-01
3.511869638294664586e-01 -5.472300249282865958e-02 -9.003528688000641544e-01
5.090753157957952357e-01 -1.813662869774939068e-01 -2.145835082187407261e-01
4.112161186319958084e-01 -1.788153415237069277e-01 -3.407819850595320554e-01
5.683334611482155907e-01 -9.540914255771415498e-02 -3.738983382252606402e-01
1.658660558460662293e-01 -1.024556441691676367e-01 -1.169021336415976053e+00
2.431421985424102039e-01 -3.180927438097912452e-01 -1.771477784035122710e-02
4.975160711474666542e-01 4.873991487122095179e-02 -8.547245429440541997e-01
3.966232821775768080e-01 1.200281869221257389e-02 -9.739595829914020619e-01
5.094195250347690607e-01 -2.858448531806988269e-02 -6.359350489463753142e-01
7.473367089155267262e-01 1.671560480017065808e-01 -3.874528741021957545e-01
5.880983504068482137e-01 3.953261595961193864e-02 -6.512727980565615749e-01
7.893583895632203529e-01 3.508350138697450271e-01 -4.460292855440356474e-01
4.708319760322454695e-01 -1.194400548656640582e-01 -4.624521745661158700e-01
1.937476833745362947e-01 -3.390555521086329183e-01 1.491551179280496964e-01
1.942083469781687999e-01 -4.621033644319254563e-01 -2.049224010968053733e-01
2.395490224340766638e-01 -3.783903533435596378e-01 -2.195771750212668350e-01
1.640146874672037680e-01 -5.248996183162200069e-01 -1.389579229586237474e-01
2.456488395922034051e-01 -2.830702299096725660e-01 6.913324418098498736e-01
3.694101644176264188e-01 -3.089791048907095661e-01 7.714849515857442608e-01
4.770689253660003182e-01 -3.065347931590282071e-01 7.844001436148422268e-01
5.627538701521239695e-01 -2.739012392386084294e-01 7.586689980294787361e-01
6.184409059065247849e-01 -2.224150228320567191e-01 7.042770986415070045e-01
6.495382774255082925e-01 -8.119755842003051338e-02 5.041738673194715581e-01
8.662870838432252807e-01 2.882300228680894083e-01 2.500903579266863241e-01
5.941208245361373486e-01 -1.181084505271963181e-01 3.316367529145601845e-01
5.194609390712674468e-01 -1.581257478632095426e-01 2.933744352729217297e-01
4.219126894742586398e-01 -1.868458788288096528e-01 2.944398966830106268e-01
3.291691883079668202e-01 -2.031514231696432971e-01 3.228668584451891421e-01
2.584168300249855554e-01 -2.089698839467647451e-01 3.612765747448938303e-01
2.096670275435574826e-01 -2.169373990319634071e-01 3.974193647037824739e-01
8.718705070181176353e-01 5.635528104888818390e-01 2.912215055994983315e-01
2.386446384890030248e-01 -3.379957801093681491e-01 -2.419819475102388262e-01
1.485850350193042568e-01 -4.470371922669422737e-01 1.038786710437016869e-01
1.429945170840193625e-01 -5.197007861260485306e-01 -2.205484257121996805e-01
1.039812770901152872e-01 -4.824497018983270324e-01 -2.680075910523980198e-01
1.429200987269159118e-01 -4.809405660921151071e-01 -2.330615386383635412e-01
2.190951479080454067e-01 -3.093365354418499136e-01 -2.696007806395396278e-01
8.864213467314474570e-02 -5.002833003728401895e-01 -2.807343084250459864e-01
8.585036262024350884e-02 -4.088358485848895274e-01 -2.929930389351161901e-01
2.094613786565503455e-01 -1.905156098358133931e-01 4.899668049614764875e-01
1.715692099690440675e-01 -2.327295603806314173e-01 4.588801754504587826e-01
1.485740007286810438e-01 -2.831436115482942606e-01 4.346665557625252196e-01
5.628582992555384301e-01 -1.646978218420778184e-01 5.588322364291160582e-01
6.082538035967162138e-01 -1.692933875280063782e-01 6.111781127760274046e-01
-3.904358249012924720e-01 -1.854853435830128294e-01 5.812056086687428236e-01
-3.132446154718202536e-01 -1.926785471566028196e-01 5.792536554603227028e-01
-3.894794475944007850e-01 -1.954630828491665806e-01 6.912660633933642718e-01
-4.686694502566988163e-01 -1.782292517648251806e-01 5.844896026927146604e-01
-3.920870019197137957e-01 -1.755106333378144701e-01 4.729554692260711235e-01
4.228695716179762254e-01 -1.931491632576601836e-01 5.447832015104491221e-01
4.984359997830669631e-01 -1.999961930077768235e-01 5.405873878880981254e-01
4.217794846717679569e-01 -2.032969243548219396e-01 6.517662416962985983e-01
3.467027482277988959e-01 -1.863322434182310694e-01 5.499703387652239428e-01
4.242446750121775523e-01 -1.830210186771619174e-01 4.377076629699365728e-01
