4.926949143409729004e-01 5.167332887649536133e-01 -5.412632226943969727e-02
4.930488467216491699e-01 4.520234465599060059e-01 -4.961284995079040527e-02
4.943130612373352051e-01 4.782642126083374023e-01 -4.332027584314346313e-02
4.890817105770111084e-01 4.099088311195373535e-01 -3.474666550755500793e-02
5.071318745613098145e-01 4.471151828765869141e-01 -6.305141746997833252e-02
5.110485553741455078e-01 4.158758819103240967e-01 -4.655324667692184448e-02
5.127587318420410156e-01 3.707628846168518066e-01 -3.131799399852752686e-02
4.211981594562530518e-01 3.610456287860870361e-01 2.088053524494171143e-02
4.954641163349151611e-01 3.326033949851989746e-01 -2.424643933773040771e-02
5.172263383865356445e-01 2.812840044498443604e-01 -7.895737886428833008e-03
5.219910144805908203e-01 2.359848022460937500e-01 1.573660224676132202e-02
5.168379545211791992e-01 5.174455642700195312e-01 -3.631268814206123352e-02
4.930459856986999512e-01 5.267251133918762207e-01 -3.439355269074440002e-02
5.052946805953979492e-01 5.322004556655883789e-01 -2.622050605714321136e-02
4.954955875873565674e-01 5.560103058815002441e-01 -2.658425271511077881e-02
5.065184235572814941e-01 5.639834403991699219e-01 -2.858620695769786835e-02
4.880595803260803223e-01 5.593691468238830566e-01 -3.167041391134262085e-02
4.978520274162292480e-01 5.886295437812805176e-01 -2.638910338282585144e-02
4.961413145065307617e-01 6.026054024696350098e-01 -7.437779568135738373e-03
5.037685036659240723e-01 4.631521999835968018e-01 -4.926704615354537964e-02
4.875493347644805908e-01 4.638042449951171875e-01 -3.850841149687767029e-02
3.817516267299652100e-01 3.074133396148681641e-01 6.807541847229003906e-02
4.533558487892150879e-01 3.855129480361938477e-01 2.957242541015148163e-04
4.482230544090270996e-01 3.755712807178497314e-01 -2.089599845930933952e-03
4.312505722045898438e-01 3.687316775321960449e-01 2.172103524208068848e-02
4.281974434852600098e-01 3.738831877708435059e-01 1.607476733624935150e-02
4.643026888370513916e-01 3.805569112300872803e-01 7.720718625932931900e-03
4.443958103656768799e-01 3.327025771141052246e-01 1.610445976257324219e-02
4.477786719799041748e-01 3.362105786800384521e-01 9.732376784086227417e-03
4.211436510086059570e-01 3.218150734901428223e-01 4.546632058918476105e-03
4.082853198051452637e-01 3.517657220363616943e-01 2.796090207993984222e-03
3.883140981197357178e-01 3.878208994865417480e-01 4.077117517590522766e-02
4.444822072982788086e-01 6.168790459632873535e-01 -6.660062354058027267e-03
4.158451259136199951e-01 3.596342504024505615e-01 4.568984732031822205e-03
3.775811493396759033e-01 3.699440956115722656e-01 7.087421417236328125e-02
3.982073366641998291e-01 3.667223155498504639e-01 4.950137063860893250e-02
4.440661370754241943e-01 4.499203860759735107e-01 -9.582842700183391571e-03
4.938906133174896240e-01 4.996839761734008789e-01 -3.238360956311225891e-02
4.882200658321380615e-01 5.106427073478698730e-01 -3.835935890674591064e-02
4.602531492710113525e-01 5.023929476737976074e-01 -4.021763801574707031e-02
4.532539546489715576e-01 5.195560455322265625e-01 -2.978522516787052155e-02
4.857660830020904541e-01 5.259028077125549316e-01 -2.516172081232070923e-02
4.714452028274536133e-01 5.195248126983642578e-01 -1.966639421880245209e-02
4.420698583126068115e-01 5.492815375328063965e-01 -2.324132993817329407e-02
4.902446866035461426e-01 4.538991749286651611e-01 -6.845789402723312378e-02
4.898745417594909668e-01 4.443437159061431885e-01 -5.848184600472450256e-02
4.058858454227447510e-01 3.218089044094085693e-01 3.379986435174942017e-02
4.598385095596313477e-01 4.180582165718078613e-01 -1.186214387416839600e-02
4.563411772251129150e-01 4.552150070667266846e-01 -3.962526470422744751e-02
4.641841053962707520e-01 4.288059771060943604e-01 -2.284966409206390381e-02
4.064588546752929688e-01 4.481404125690460205e-01 1.439818087965250015e-02
4.995772540569305420e-01 4.090425670146942139e-01 -4.937552288174629211e-02
4.295992553234100342e-01 2.872015237808227539e-01 1.228834502398967743e-02
4.064534902572631836e-01 3.053087890148162842e-01 1.621373929083347321e-02
3.986621201038360596e-01 2.672905921936035156e-01 5.729046091437339783e-02
4.925000071525573730e-01 3.174529075622558594e-01 1.035369001328945160e-02
4.632253050804138184e-01 3.249169886112213135e-01 -3.020260483026504517e-04
4.402387440204620361e-01 5.428566932678222656e-01 -5.901830736547708511e-03
3.678028881549835205e-01 5.290868878364562988e-01 6.961508095264434814e-02
4.714307785034179688e-01 4.450361728668212891e-01 -3.313840925693511963e-02
4.932192564010620117e-01 4.672571718692779541e-01 -3.727662377059459686e-03
4.416887760162353516e-01 5.322783589363098145e-01 -8.407368324697017670e-03
4.593776166439056396e-01 5.462551712989807129e-01 -6.814370863139629364e-03
4.195989668369293213e-01 2.859213948249816895e-01 2.075328677892684937e-02
4.642754793167114258e-01 4.523062109947204590e-01 -2.322859317064285278e-02
4.684659540653228760e-01 3.128279149532318115e-01 -7.069300860166549683e-03
4.484709203243255615e-01 2.895993590354919434e-01 3.685373812913894653e-04
4.616617560386657715e-01 2.315132468938827515e-01 2.507530525326728821e-02
4.108989834785461426e-01 2.835331559181213379e-01 3.365641087293624878e-02
4.599968791007995605e-01 2.806242406368255615e-01 9.816616773605346680e-03
4.005258977413177490e-01 3.139675855636596680e-01 2.417196147143840790e-02
3.894805312156677246e-01 3.198931813240051270e-01 4.271122440695762634e-02
4.791176319122314453e-01 5.146973729133605957e-01 -5.043954402208328247e-02
4.843371212482452393e-01 5.195774435997009277e-01 -2.721727266907691956e-02
4.605151414871215820e-01 5.112185478210449219e-01 -1.740444451570510864e-02
4.893812239170074463e-01 4.731849133968353271e-01 -2.768697962164878845e-02
4.638377428054809570e-01 5.459759235382080078e-01 -3.747707000002264977e-03
4.485070705413818359e-01 5.556416511535644531e-01 -1.719122566282749176e-02
4.593051075935363770e-01 5.390006899833679199e-01 -7.134747691452503204e-03
4.827015697956085205e-01 4.519717991352081299e-01 -4.170593991875648499e-02
4.924270808696746826e-01 5.259397625923156738e-01 -3.054607473313808441e-02
4.755401611328125000e-01 5.335335135459899902e-01 -1.207403093576431274e-02
4.907811582088470459e-01 5.139665007591247559e-01 -1.010378450155258179e-02
4.828240275382995605e-01 6.102681159973144531e-01 -1.308011729270219803e-02
4.794214963912963867e-01 5.791168808937072754e-01 -1.637121103703975677e-02
4.734917283058166504e-01 5.721104145050048828e-01 -2.998454868793487549e-02
4.801688194274902344e-01 5.616354346275329590e-01 -2.633824758231639862e-02
4.764685332775115967e-01 5.529173016548156738e-01 -1.532258000224828720e-02
4.800680279731750488e-01 5.503945350646972656e-01 -7.531362120062112808e-03
4.758987128734588623e-01 5.377206802368164062e-01 -1.509251073002815247e-02
4.699444174766540527e-01 5.662950277328491211e-01 -2.279888093471527100e-02
4.586110711097717285e-01 5.695849657058715820e-01 -2.363752201199531555e-02
4.417554140090942383e-01 5.064234733581542969e-01 -2.350456081330776215e-02
3.672663867473602295e-01 4.463028013706207275e-01 1.073206514120101929e-01
5.011328458786010742e-01 4.736516177654266357e-01 -3.822475671768188477e-02
4.568350911140441895e-01 5.381590127944946289e-01 -4.191307350993156433e-03
4.602406322956085205e-01 5.482010841369628906e-01 -7.075462024658918381e-03
4.964398741722106934e-01 4.791361391544342041e-01 -4.198706895112991333e-02
4.582798182964324951e-01 4.768072962760925293e-01 -1.494796574115753174e-02
4.936875402927398682e-01 4.727918207645416260e-01 -5.116108804941177368e-02
4.590007066726684570e-01 4.245387315750122070e-01 -9.074073284864425659e-03
4.325954318046569824e-01 4.244771301746368408e-01 -1.709724776446819305e-03
4.530931711196899414e-01 4.626313447952270508e-01 -2.725756913423538208e-02
4.174309968948364258e-01 2.565534114837646484e-01 3.812900558114051819e-02
4.388587176799774170e-01 2.728450000286102295e-01 2.215542085468769073e-02
4.211119413375854492e-01 2.924973964691162109e-01 2.349195815622806549e-02
4.663448035717010498e-01 5.736098885536193848e-01 1.398617774248123169e-02
4.904484748840332031e-01 2.906518578529357910e-01 -2.049270551651716232e-03
4.623608887195587158e-01 2.690461277961730957e-01 1.934873638674616814e-03
4.774562120437622070e-01 2.494050115346908569e-01 8.982291445136070251e-03
4.188334047794342041e-01 3.772799670696258545e-01 2.065304107964038849e-02
3.989827036857604980e-01 3.925379216670989990e-01 3.833535686135292053e-02
4.605262279510498047e-01 3.713744282722473145e-01 1.328156329691410065e-02
4.049478471279144287e-01 3.463895916938781738e-01 2.133912034332752228e-02
4.789672195911407471e-01 3.979968130588531494e-01 6.968412082642316818e-03
4.766460657119750977e-01 4.468879401683807373e-01 -3.656005114316940308e-02
3.921006619930267334e-01 4.046504199504852295e-01 3.522092103958129883e-02
3.992182910442352295e-01 4.057345986366271973e-01 1.614425703883171082e-02
4.138359427452087402e-01 4.114734232425689697e-01 6.607966497540473938e-03
4.358132183551788330e-01 4.083102643489837646e-01 6.907995324581861496e-03
4.499617516994476318e-01 4.057457149028778076e-01 -1.232276298105716705e-02
4.741950035095214844e-01 3.857178092002868652e-01 6.033565383404493332e-03
5.021492838859558105e-01 3.843180239200592041e-01 -1.028665574267506599e-03
3.854431211948394775e-01 4.303673803806304932e-01 3.149986267089843750e-02
3.862663805484771729e-01 3.460938930511474609e-01 2.964734658598899841e-02
5.022717118263244629e-01 4.630915522575378418e-01 -4.912333190441131592e-02
4.605706632137298584e-01 4.168359935283660889e-01 -1.635891571640968323e-02
3.678478002548217773e-01 3.805655241012573242e-01 1.129533499479293823e-01
4.811900258064270020e-01 3.737950623035430908e-01 -1.162230223417282104e-02
4.626763463020324707e-01 4.520891606807708740e-01 -2.104884572327136993e-02
4.148259758949279785e-01 3.581633269786834717e-01 1.654309779405593872e-02
4.743437170982360840e-01 4.277518093585968018e-01 -2.724837698042392731e-02
3.612756729125976562e-01 4.864971339702606201e-01 1.006004065275192261e-01
4.747753143310546875e-01 3.570303022861480713e-01 1.369166560471057892e-02
4.819341301918029785e-01 4.301042258739471436e-01 -4.607924446463584900e-02
4.027973413467407227e-01 5.654957294464111328e-01 2.257021889090538025e-02
4.000536501407623291e-01 5.894084572792053223e-01 3.214652836322784424e-02
3.790795505046844482e-01 4.407177567481994629e-01 7.572936266660690308e-02
3.834004402160644531e-01 5.485644936561584473e-01 3.140544891357421875e-02
3.828544318675994873e-01 3.587954640388488770e-01 7.302735000848770142e-02
4.398807287216186523e-01 6.231000423431396484e-01 -1.774851232767105103e-02
4.982807338237762451e-01 4.572403430938720703e-01 -3.872746974229812622e-02
4.615499377250671387e-01 4.404675662517547607e-01 -8.264034986495971680e-03
3.840488791465759277e-01 3.671149909496307373e-01 4.144752398133277893e-02
4.374725818634033203e-01 3.760599792003631592e-01 7.281025871634483337e-03
4.507565498352050781e-01 3.625963926315307617e-01 7.926144637167453766e-03
4.675405323505401611e-01 5.485625267028808594e-01 -5.037962459027767181e-03
3.965969681739807129e-01 4.780330955982208252e-01 3.627777472138404846e-02
4.589183926582336426e-01 6.667478084564208984e-01 -5.417364882305264473e-04
4.271375536918640137e-01 6.255537271499633789e-01 1.822608150541782379e-02
4.153283536434173584e-01 6.077762246131896973e-01 3.326497972011566162e-02
5.170230865478515625e-01 2.788343727588653564e-01 8.414426818490028381e-03
4.789588749408721924e-01 6.720035076141357422e-01 -6.983449216932058334e-03
4.498696625232696533e-01 3.763933181762695312e-01 7.408846169710159302e-03
4.718685746192932129e-01 3.674643933773040771e-01 9.067689999938011169e-03
4.762351810932159424e-01 3.723075091838836670e-01 9.556761942803859711e-03
3.849459886550903320e-01 3.426310420036315918e-01 3.624068573117256165e-02
4.737263321876525879e-01 3.591825962066650391e-01 1.975607685744762421e-02
4.368367195129394531e-01 3.651636540889739990e-01 1.440615020692348480e-02
4.415431022644042969e-01 3.502950966358184814e-01 3.962801769375801086e-03
4.251651763916015625e-01 3.615868687629699707e-01 2.279457263648509979e-02
4.217793345451354980e-01 3.623634874820709229e-01 2.135208435356616974e-02
3.810492455959320068e-01 3.386280834674835205e-01 8.249425888061523438e-02
4.123026132583618164e-01 3.555631637573242188e-01 3.425520658493041992e-02
5.042558312416076660e-01 4.927403330802917480e-01 -4.525878652930259705e-02
4.603826105594635010e-01 4.789746403694152832e-01 -3.263799101114273071e-02
4.693008363246917725e-01 4.668749272823333740e-01 -2.980520576238632202e-02
4.832950830459594727e-01 4.906805753707885742e-01 -4.463184997439384460e-02
5.118126869201660156e-01 3.547200858592987061e-01 -1.228384114801883698e-02
4.140504002571105957e-01 5.936256647109985352e-01 7.649058010429143906e-03
4.321159720420837402e-01 6.121705770492553711e-01 2.246182411909103394e-02
4.564266502857208252e-01 6.407359838485717773e-01 -3.342355787754058838e-02
3.894079923629760742e-01 5.651531815528869629e-01 7.664766907691955566e-02
4.727205336093902588e-01 3.623320758342742920e-01 1.400576066225767136e-02
4.719617664813995361e-01 3.973517417907714844e-01 -1.576971635222434998e-02
4.983635544776916504e-01 6.554273366928100586e-01 -1.108448673039674759e-02
4.470067024230957031e-01 6.449648737907409668e-01 2.036528848111629486e-02
3.729505836963653564e-01 4.970230162143707275e-01 6.110002472996711731e-02
4.797390401363372803e-01 5.503084659576416016e-01 -2.625546231865882874e-02
4.789898693561553955e-01 5.584982037544250488e-01 -1.846901513636112213e-02
4.777026772499084473e-01 5.566697120666503906e-01 -2.914409339427947998e-02
4.680516123771667480e-01 5.863770842552185059e-01 -2.942319214344024658e-02
4.562941491603851318e-01 5.888091325759887695e-01 -2.615828439593315125e-02
4.656444489955902100e-01 5.243604183197021484e-01 -1.381575688719749451e-02
4.536983072757720947e-01 5.394255518913269043e-01 -1.654856465756893158e-02
4.501760900020599365e-01 5.284560322761535645e-01 -1.223992928862571716e-02
4.488110542297363281e-01 5.035506486892700195e-01 -1.683408580720424652e-02
4.099559187889099121e-01 4.767644703388214111e-01 2.523358725011348724e-02
4.937765598297119141e-01 3.718774914741516113e-01 -1.467558741569519043e-02
4.877400696277618408e-01 3.533499240875244141e-01 1.052486523985862732e-02
4.718509614467620850e-01 3.751818537712097168e-01 7.073563523590564728e-03
4.609210491180419922e-01 5.269098877906799316e-01 8.262204937636852264e-05
3.956361413002014160e-01 5.273846387863159180e-01 2.893456071615219116e-02
4.919336438179016113e-01 3.474777042865753174e-01 3.154249861836433411e-03
4.500237703323364258e-01 5.904182791709899902e-01 -1.759317144751548767e-02
5.087682008743286133e-01 3.898797333240509033e-01 -5.095629766583442688e-02
4.828836321830749512e-01 3.896998167037963867e-01 -3.458784520626068115e-02
4.987859427928924561e-01 3.849582970142364502e-01 -3.610857948660850525e-02
4.759812653064727783e-01 4.254057109355926514e-01 -2.330335602164268494e-02
4.916835725307464600e-01 6.369830965995788574e-01 -2.458566986024379730e-02
5.033922195434570312e-01 6.140381097793579102e-01 -2.265441603958606720e-02
4.685399830341339111e-01 6.080774664878845215e-01 -1.969516836106777191e-02
4.232966601848602295e-01 5.602818131446838379e-01 -3.233255818486213684e-03
4.423545897006988525e-01 4.582273662090301514e-01 -1.082657463848590851e-02
4.433516860008239746e-01 5.881152749061584473e-01 -8.072960190474987030e-03
4.190380573272705078e-01 4.721978902816772461e-01 -3.987487871199846268e-03
4.422218799591064453e-01 4.950892031192779541e-01 1.301165437325835228e-03
4.121585488319396973e-01 5.029227733612060547e-01 -6.870918907225131989e-03
4.687107503414154053e-01 6.371966600418090820e-01 -1.283902954310178757e-02
4.723458588123321533e-01 4.167087674140930176e-01 -1.072081923484802246e-02
4.264234304428100586e-01 5.701454877853393555e-01 9.405916789546608925e-04
4.315367937088012695e-01 6.086813807487487793e-01 6.961738690733909607e-04
4.232060015201568604e-01 5.318719744682312012e-01 4.441188648343086243e-04
3.801763653755187988e-01 4.972399175167083740e-01 4.421144351363182068e-02
4.077484011650085449e-01 5.379466414451599121e-01 1.759612001478672028e-02
3.687803149223327637e-01 5.249406099319458008e-01 5.182611197233200073e-02
4.354493916034698486e-01 5.061896443367004395e-01 -4.838170018047094345e-03
4.808007776737213135e-01 4.142275154590606689e-01 -1.723350398242473602e-02
4.721704125404357910e-01 4.481746256351470947e-01 -4.800140857696533203e-02
4.798396229743957520e-01 4.592119753360748291e-01 -3.985929861664772034e-02
5.026995539665222168e-01 4.400565624237060547e-01 -3.971315175294876099e-02
4.782438874244689941e-01 3.420262932777404785e-01 3.643731586635112762e-03
4.740982353687286377e-01 3.264385759830474854e-01 -9.225154295563697815e-03
4.380778074264526367e-01 3.078915178775787354e-01 2.823903691023588181e-03
4.423077702522277832e-01 3.274316489696502686e-01 -1.166215538978576660e-02
4.117528200149536133e-01 3.306710124015808105e-01 1.648384518921375275e-02
3.933954536914825439e-01 3.693161308765411377e-01 1.749017834663391113e-02
3.732648491859436035e-01 4.084858596324920654e-01 6.761968135833740234e-02
4.095672070980072021e-01 3.921726047992706299e-01 2.618968859314918518e-02
4.259360432624816895e-01 3.895004987716674805e-01 2.652752213180065155e-03
4.401271343231201172e-01 4.030674695968627930e-01 7.329340092837810516e-03
4.572092294692993164e-01 3.875301182270050049e-01 2.081670612096786499e-02
4.603050053119659424e-01 3.879457712173461914e-01 9.397509507834911346e-03
4.851953983306884766e-01 3.798272609710693359e-01 -3.376112319529056549e-03
3.658062517642974854e-01 4.077804684638977051e-01 1.041565388441085815e-01
4.606606066226959229e-01 4.614401459693908691e-01 -2.426512166857719421e-02
4.800144135951995850e-01 4.165000617504119873e-01 -2.674221619963645935e-02
4.785405397415161133e-01 4.571786522865295410e-01 -5.345253273844718933e-02
4.930715262889862061e-01 4.725215137004852295e-01 -5.486070737242698669e-02
4.770103096961975098e-01 4.598851501941680908e-01 -4.782211035490036011e-02
4.596791565418243408e-01 4.649800360202789307e-01 -2.951876074075698853e-02
4.941385984420776367e-01 4.495581388473510742e-01 -5.640491843223571777e-02
4.921084940433502197e-01 4.616188704967498779e-01 -3.888357430696487427e-02
4.726600944995880127e-01 3.647805154323577881e-01 1.234578806906938553e-02
4.870707094669342041e-01 3.689816594123840332e-01 4.784598946571350098e-03
4.998161196708679199e-01 3.718154132366180420e-01 9.465429931879043579e-03
4.315498173236846924e-01 3.524092137813568115e-01 1.442732103168964386e-02
4.411017894744873047e-01 3.358327746391296387e-01 2.536549977958202362e-02
5.078598260879516602e-01 4.084681868553161621e-01 -3.250282257795333862e-02
5.973640680313110352e-01 3.843667209148406982e-01 3.002065233886241913e-02
5.041700601577758789e-01 4.632752835750579834e-01 -3.551785275340080261e-02
6.170728802680969238e-01 3.368272781372070312e-01 9.186872839927673340e-02
5.610730051994323730e-01 3.876065611839294434e-01 1.805368065834045410e-02
5.654526352882385254e-01 3.864388763904571533e-01 5.929363891482353210e-03
5.876790881156921387e-01 3.871493041515350342e-01 8.212100714445114136e-03
6.005756855010986328e-01 3.882507681846618652e-01 2.757656760513782501e-02
5.454616546630859375e-01 3.722031414508819580e-01 3.039183653891086578e-02
5.734840631484985352e-01 3.449327051639556885e-01 2.094905823469161987e-02
5.574598312377929688e-01 3.416521251201629639e-01 7.429904770106077194e-03
5.919153690338134766e-01 3.368168771266937256e-01 1.704677753150463104e-02
5.951361060142517090e-01 3.501513600349426270e-01 2.735912427306175232e-02
6.072337627410888672e-01 3.917455077171325684e-01 2.928406372666358948e-02
5.392218828201293945e-01 6.304492354393005371e-01 -1.755243726074695587e-02
5.842261910438537598e-01 3.795557022094726562e-01 2.097528986632823944e-02
6.274685263633728027e-01 4.032310247421264648e-01 7.577014714479446411e-02
6.046637296676635742e-01 3.806303739547729492e-01 4.245676472783088684e-02
5.634312629699707031e-01 4.517438709735870361e-01 -1.884059747681021690e-04
5.248689055442810059e-01 5.141181945800781250e-01 -2.401112020015716553e-02
5.124899148941040039e-01 5.351806282997131348e-01 -3.828806430101394653e-02
5.326988697052001953e-01 5.081824064254760742e-01 -2.790224179625511169e-02
5.263542532920837402e-01 5.403501987457275391e-01 -2.374020218849182129e-02
5.269597172737121582e-01 5.331358313560485840e-01 -3.373545035719871521e-02
5.413490533828735352e-01 5.316483974456787109e-01 -3.553414717316627502e-02
5.288171172142028809e-01 5.630093216896057129e-01 -1.969644054770469666e-02
5.123234391212463379e-01 4.535039663314819336e-01 -5.994276702404022217e-02
5.082249641418457031e-01 4.461668729782104492e-01 -6.733428686857223511e-02
6.003147959709167480e-01 3.315688073635101318e-01 2.629553526639938354e-02
5.286280512809753418e-01 4.160169959068298340e-01 -9.497612714767456055e-03
5.313401222229003906e-01 4.510737359523773193e-01 -3.000165149569511414e-02
5.484114289283752441e-01 4.510422646999359131e-01 -3.635834157466888428e-02
5.916877388954162598e-01 4.485360682010650635e-01 1.785731315612792969e-02
5.136966109275817871e-01 4.147428572177886963e-01 -6.530950218439102173e-02
5.847918391227722168e-01 3.144438266754150391e-01 2.317139878869056702e-02
5.876357555389404297e-01 3.305996358394622803e-01 2.213127352297306061e-02
6.178019642829895020e-01 3.081304430961608887e-01 5.688936263322830200e-02
5.329227447509765625e-01 3.197249770164489746e-01 -4.890744574368000031e-03
5.456568002700805664e-01 3.450819551944732666e-01 1.128136925399303436e-02
5.427979230880737305e-01 5.473743081092834473e-01 8.413783274590969086e-03
6.010901331901550293e-01 5.631196498870849609e-01 8.193585276603698730e-02
5.327489972114562988e-01 4.727382957935333252e-01 -2.654584497213363647e-02
5.081925988197326660e-01 4.675463140010833740e-01 -3.963092342019081116e-02
5.470201969146728516e-01 5.433648824691772461e-01 5.157655104994773865e-03
5.428355336189270020e-01 5.601319670677185059e-01 -7.102503906935453415e-03
6.069954037666320801e-01 3.098864555358886719e-01 2.394768036901950836e-02
5.411978363990783691e-01 4.727290272712707520e-01 -3.472436219453811646e-02
5.565292239189147949e-01 3.169864714145660400e-01 4.059621132910251617e-03
5.780454277992248535e-01 2.895516157150268555e-01 -3.255055053159594536e-04
5.652653574943542480e-01 2.443904280662536621e-01 2.208982780575752258e-02
6.223681569099426270e-01 3.181715905666351318e-01 3.182474151253700256e-02
5.670867562294006348e-01 2.816762626171112061e-01 1.523311156779527664e-02
6.102976799011230469e-01 3.324852287769317627e-01 3.961065784096717834e-02
6.190837025642395020e-01 3.400514423847198486e-01 4.938355833292007446e-02
5.155452489852905273e-01 5.200065970420837402e-01 -3.178220987319946289e-02
5.349846482276916504e-01 5.173728466033935547e-01 -3.164863958954811096e-02
5.383872389793395996e-01 5.276060700416564941e-01 -2.605000324547290802e-02
5.260674357414245605e-01 4.698675274848937988e-01 -4.376733675599098206e-02
5.452373623847961426e-01 5.529320836067199707e-01 1.754479715600609779e-03
5.303176045417785645e-01 5.553770065307617188e-01 -7.555058691650629044e-04
5.331866145133972168e-01 5.290021300315856934e-01 -9.626170620322227478e-03
5.241159200668334961e-01 4.623643755912780762e-01 -5.721290782094001770e-02
5.400080680847167969e-01 5.270406007766723633e-01 -7.013339549303054810e-03
5.224553942680358887e-01 5.209586024284362793e-01 -3.566534444689750671e-02
5.130684971809387207e-01 5.247558951377868652e-01 -4.269066825509071350e-02
5.151131749153137207e-01 5.984771847724914551e-01 -4.817032720893621445e-03
5.068972706794738770e-01 5.807860493659973145e-01 -1.590084284543991089e-02
5.146572589874267578e-01 5.676621794700622559e-01 -3.786018490791320801e-02
5.003995895385742188e-01 5.700583457946777344e-01 -4.180157557129859924e-02
5.082612037658691406e-01 5.588011145591735840e-01 -3.696663677692413330e-02
5.227212905883789062e-01 5.587204694747924805e-01 -1.550394296646118164e-02
5.280987024307250977e-01 5.380143523216247559e-01 -6.900828331708908081e-03
5.351792573928833008e-01 5.590777397155761719e-01 -1.294509600847959518e-02
5.363948345184326172e-01 5.668817758560180664e-01 -1.765930466353893280e-02
5.465648770332336426e-01 5.177672505378723145e-01 -1.496735680848360062e-02
6.357700824737548828e-01 4.751342535018920898e-01 1.111139953136444092e-01
5.303184390068054199e-01 5.434505343437194824e-01 -5.576875526458024979e-03
5.367224216461181641e-01 5.617768764495849609e-01 -7.046424783766269684e-03
5.172259807586669922e-01 4.760368764400482178e-01 -2.545380219817161560e-02
5.279569625854492188e-01 4.775591194629669189e-01 -2.312713675200939178e-02
5.198273062705993652e-01 4.668362438678741455e-01 -1.804644055664539337e-02
5.565690398216247559e-01 4.228808283805847168e-01 1.067155273631215096e-03
5.540958046913146973e-01 4.361701905727386475e-01 4.574295599013566971e-05
5.315219759941101074e-01 4.660173356533050537e-01 -1.859883591532707214e-02
5.972127318382263184e-01 2.623500823974609375e-01 3.496191650629043579e-02
5.907759666442871094e-01 2.807568013668060303e-01 3.594623878598213196e-02
5.845261216163635254e-01 2.999180257320404053e-01 1.230402849614620209e-02
5.505118370056152344e-01 5.853573679924011230e-01 -4.884017631411552429e-03
5.328155159950256348e-01 3.139405250549316406e-01 -7.873767986893653870e-03
5.405958294868469238e-01 2.691234052181243896e-01 -1.058079581707715988e-02
5.513597726821899414e-01 2.448894083499908447e-01 1.693778857588768005e-02
5.873966813087463379e-01 3.937104642391204834e-01 2.047334983944892883e-02
6.108422279357910156e-01 4.116335511207580566e-01 2.313894405961036682e-02
5.414474010467529297e-01 3.686136305332183838e-01 2.658882737159729004e-02
5.900360941886901855e-01 3.704760968685150146e-01 3.225710988044738770e-02
5.199365615844726562e-01 3.960790038108825684e-01 6.481881719082593918e-03
5.313254594802856445e-01 4.589995443820953369e-01 -3.270822018384933472e-02
6.191438436508178711e-01 4.241752028465270996e-01 4.879380017518997192e-02
5.928510427474975586e-01 4.239622354507446289e-01 5.526484455913305283e-03
5.813629031181335449e-01 4.213031828403472900e-01 2.658733166754245758e-02
5.725057125091552734e-01 4.238958358764648438e-01 5.541683174669742584e-03
5.449153184890747070e-01 4.130506217479705811e-01 6.323801819235086441e-03
5.442404150962829590e-01 3.897844851016998291e-01 1.422154484316706657e-03
5.139701962471008301e-01 3.764660060405731201e-01 -1.995506696403026581e-02
6.190930604934692383e-01 4.637203514575958252e-01 4.619152843952178955e-02
6.182798743247985840e-01 3.718015551567077637e-01 2.669285982847213745e-02
5.048969984054565430e-01 4.665480554103851318e-01 -5.613102391362190247e-02
5.158502459526062012e-01 4.317724406719207764e-01 -1.457951683551073074e-02
6.136444211006164551e-01 3.875101208686828613e-01 1.057864800095558167e-01
5.305563211441040039e-01 3.777757287025451660e-01 3.414325183257460594e-03
5.423657298088073730e-01 4.596357941627502441e-01 -6.918144412338733673e-03
5.993585586547851562e-01 3.836659193038940430e-01 2.492973767220973969e-02
5.339495539665222168e-01 4.481845796108245850e-01 -4.527102410793304443e-02
6.266528964042663574e-01 5.238701701164245605e-01 1.220880076289176941e-01
5.334064960479736328e-01 3.769423067569732666e-01 1.205724291503429413e-02
5.276097059249877930e-01 4.318050444126129150e-01 -5.369021743535995483e-02
5.755153298377990723e-01 5.910831093788146973e-01 3.629075363278388977e-02
5.933775901794433594e-01 6.127475500106811523e-01 4.964742809534072876e-02
6.252844333648681641e-01 4.647935628890991211e-01 7.290966063737869263e-02
6.056159138679504395e-01 5.599337220191955566e-01 5.676724016666412354e-02
6.196199059486389160e-01 3.572370707988739014e-01 7.288614660501480103e-02
5.405080914497375488e-01 6.401550173759460449e-01 1.297819707542657852e-02
5.029374361038208008e-01 4.651499986648559570e-01 -4.754900932312011719e-02
5.377294421195983887e-01 4.491782486438751221e-01 -1.158865168690681458e-02
6.192882657051086426e-01 4.023723304271697998e-01 6.320404261350631714e-02
5.844205617904663086e-01 3.873681128025054932e-01 2.156788296997547150e-02
5.640417933464050293e-01 3.824800550937652588e-01 4.872768186032772064e-03
5.267578959465026855e-01 5.511585474014282227e-01 -4.271702840924263000e-03
6.053192615509033203e-01 4.826889336109161377e-01 2.702931687235832214e-02
4.956724345684051514e-01 6.637130975723266602e-01 -5.502189509570598602e-03
5.529006719589233398e-01 6.479580402374267578e-01 2.078747376799583435e-02
5.691661238670349121e-01 6.281409263610839844e-01 2.894483320415019989e-02
5.432514548301696777e-01 3.853414356708526611e-01 1.347641460597515106e-02
5.477570295333862305e-01 3.800899386405944824e-01 6.988143548369407654e-03
5.508198142051696777e-01 3.601418137550354004e-01 1.537648495286703110e-03
6.142040491104125977e-01 3.475699424743652344e-01 5.312979221343994141e-02
5.394883155822753906e-01 3.788513243198394775e-01 1.237002760171890259e-02
5.601432919502258301e-01 3.578148782253265381e-01 7.152056787163019180e-03
5.618263483047485352e-01 3.574817776679992676e-01 1.371953263878822327e-02
5.824137926101684570e-01 3.605157732963562012e-01 1.878034882247447968e-02
5.750716924667358398e-01 3.766585290431976318e-01 2.704961784183979034e-02
6.315302252769470215e-01 3.546696007251739502e-01 9.868428111076354980e-02
5.716226696968078613e-01 3.770094513893127441e-01 1.689822971820831299e-02
5.530038475990295410e-01 4.911674559116363525e-01 -2.222113683819770813e-02
5.443854928016662598e-01 4.599395394325256348e-01 -2.027669921517372131e-02
5.137501955032348633e-01 5.011425018310546875e-01 -3.836797177791595459e-02
5.746852755546569824e-01 6.069096326828002930e-01 1.064603589475154877e-02
5.459969043731689453e-01 6.073616743087768555e-01 1.530920900404453278e-02
5.167308449745178223e-01 6.502985358238220215e-01 -7.806328590959310532e-03
5.836403369903564453e-01 5.890810489654541016e-01 8.259794116020202637e-02
5.440047979354858398e-01 3.626022040843963623e-01 4.566861316561698914e-03
5.358771681785583496e-01 4.051695466041564941e-01 -1.636188104748725891e-02
5.355488657951354980e-01 6.549373269081115723e-01 1.297160610556602478e-02
6.159769296646118164e-01 5.050885081291198730e-01 5.521442741155624390e-02
5.138848423957824707e-01 5.480929613113403320e-01 -1.242772303521633148e-02
5.238915681838989258e-01 5.653611421585083008e-01 -1.943541690707206726e-02
5.175407528877258301e-01 5.675719976425170898e-01 -1.440749689936637878e-02
5.257751345634460449e-01 5.853841900825500488e-01 -1.676145941019058228e-02
5.342143774032592773e-01 5.916385650634765625e-01 -2.066388726234436035e-02
5.427698493003845215e-01 5.425987839698791504e-01 -1.110580191016197205e-02
5.319941043853759766e-01 5.410413146018981934e-01 -1.348879653960466385e-03
5.516501069068908691e-01 5.311627388000488281e-01 -6.890862714499235153e-03
5.559914112091064453e-01 5.205511450767517090e-01 -5.580643191933631897e-03
5.948917269706726074e-01 4.899652302265167236e-01 1.855477876961231232e-02
5.155715346336364746e-01 3.969936668872833252e-01 1.271152403205633163e-03
5.428585410118103027e-01 3.567942678928375244e-01 1.685675792396068573e-02
5.394253134727478027e-01 3.576115071773529053e-01 6.100999191403388977e-03
5.352838039398193359e-01 5.452379584312438965e-01 -2.696073055267333984e-02
5.966179370880126953e-01 5.350575447082519531e-01 1.731001771986484528e-02
5.119014382362365723e-01 3.425237536430358887e-01 -3.513089846819639206e-03
5.433370471000671387e-01 5.941935181617736816e-01 -1.475978549569845200e-02
5.093777775764465332e-01 3.971099555492401123e-01 -1.466531679034233093e-02
5.328722596168518066e-01 4.233208894729614258e-01 -1.404400635510683060e-02
5.210545659065246582e-01 6.125388741493225098e-01 -2.504095248878002167e-02
5.605955123901367188e-01 5.708299279212951660e-01 8.029870688915252686e-03
5.594611167907714844e-01 4.740566611289978027e-01 -3.257999196648597717e-06
5.436803698539733887e-01 5.850273966789245605e-01 -1.561093423515558243e-02
5.786191821098327637e-01 4.739668369293212891e-01 2.996046096086502075e-03
5.632539987564086914e-01 4.995394945144653320e-01 1.787488348782062531e-03
5.748630762100219727e-01 4.939433634281158447e-01 -1.324966922402381897e-02
5.166055560111999512e-01 6.368448138236999512e-01 -2.417979389429092407e-02
5.270259380340576172e-01 4.394257068634033203e-01 -3.070317395031452179e-02
5.667012929916381836e-01 5.852210521697998047e-01 2.507645264267921448e-02
5.526580214500427246e-01 5.961078405380249023e-01 -1.954036066308617592e-03
5.729109644889831543e-01 5.515143275260925293e-01 1.070889644324779510e-02
6.076903939247131348e-01 5.159674882888793945e-01 4.037757217884063721e-02
5.871926546096801758e-01 5.498656034469604492e-01 2.818968147039413452e-03
6.069337725639343262e-01 5.397533774375915527e-01 6.536268442869186401e-02
5.660553574562072754e-01 5.231038331985473633e-01 -1.418506167829036713e-02
5.254772305488586426e-01 4.160315990447998047e-01 -2.411554008722305298e-02
5.243266820907592773e-01 4.584116935729980469e-01 -7.491512596607208252e-02
5.211622714996337891e-01 4.654391109943389893e-01 -2.785278484225273132e-02
5.313580632209777832e-01 4.295108616352081299e-01 -4.389433562755584717e-02
5.387291908264160156e-01 3.520557582378387451e-01 1.246028579771518707e-02
5.455262064933776855e-01 3.214766383171081543e-01 7.422259659506380558e-04
5.801355242729187012e-01 3.333581984043121338e-01 3.717477433383464813e-03
5.996313095092773438e-01 3.353962302207946777e-01 6.085889413952827454e-03
5.970555543899536133e-01 3.422465920448303223e-01 1.547597814351320267e-02
5.985243320465087891e-01 3.735367655754089355e-01 3.240709006786346436e-02
6.314483284950256348e-01 4.343284964561462402e-01 8.318902552127838135e-02
6.032689809799194336e-01 4.071100056171417236e-01 2.297107316553592682e-02
5.927364826202392578e-01 4.196609854698181152e-01 1.649698987603187561e-02
5.714163780212402344e-01 4.059714972972869873e-01 5.478818900883197784e-03
5.478575229644775391e-01 3.932840228080749512e-01 1.153199654072523117e-02
5.282497406005859375e-01 3.879604339599609375e-01 9.344514459371566772e-03
5.389351248741149902e-01 3.820137679576873779e-01 1.735821738839149475e-02
6.353852748870849609e-01 4.378880858421325684e-01 1.141631081700325012e-01
5.276970267295837402e-01 4.752538204193115234e-01 -2.945289760828018188e-02
5.163122415542602539e-01 4.033439457416534424e-01 -3.364367038011550903e-02
5.231114625930786133e-01 4.456138014793395996e-01 -5.504234880208969116e-02
5.045214295387268066e-01 4.580676853656768799e-01 -3.819760680198669434e-02
5.350530147552490234e-01 4.657430052757263184e-01 -5.193855985999107361e-02
5.328726768493652344e-01 4.614550769329071045e-01 -1.777513884007930756e-03
5.194567441940307617e-01 4.597682356834411621e-01 -5.361219123005867004e-02
5.013676285743713379e-01 4.650413691997528076e-01 -4.384730383753776550e-02
5.305594205856323242e-01 3.757361769676208496e-01 1.393352914601564407e-02
5.334368944168090820e-01 3.593138754367828369e-01 1.541491504758596420e-02
5.264194011688232422e-01 3.671991527080535889e-01 -1.818755827844142914e-02
5.803679227828979492e-01 3.758962154388427734e-01 2.432349883019924164e-02
5.851507782936096191e-01 3.483238518238067627e-01 2.859587408602237701e-02
4.541612267494201660e-01 3.649935126304626465e-01 1.859564334154129028e-02
4.501473009586334229e-01 3.591370880603790283e-01 5.463620647788047791e-03
4.395619332790374756e-01 3.359623551368713379e-01 3.298144415020942688e-02
4.215011596679687500e-01 3.465010523796081543e-01 1.869941875338554382e-02
4.468534588813781738e-01 3.695126473903656006e-01 1.199433207511901855e-02
5.667384862899780273e-01 3.628209829330444336e-01 7.918104529380798340e-03
5.792016386985778809e-01 3.727256953716278076e-01 3.009884059429168701e-02
5.755113959312438965e-01 3.605470359325408936e-01 1.908146217465400696e-02
5.406565666198730469e-01 3.656881451606750488e-01 2.414855360984802246e-02
5.667906999588012695e-01 3.825016319751739502e-01 2.068996056914329529e-02
