4.988396167755126953e-01 5.227406620979309082e-01 -4.981151968240737915e-02
4.926515817642211914e-01 4.649685025215148926e-01 -4.518700763583183289e-02
4.972245395183563232e-01 4.876903891563415527e-01 -4.371457546949386597e-02
4.908610880374908447e-01 4.179358184337615967e-01 -3.647573664784431458e-02
5.139245390892028809e-01 4.642954468727111816e-01 -6.472270190715789795e-02
5.073977708816528320e-01 4.306538105010986328e-01 -4.273988306522369385e-02
5.182452797889709473e-01 3.739045858383178711e-01 -2.914458699524402618e-02
4.290584325790405273e-01 3.652833104133605957e-01 1.561216544359922409e-02
5.009312629699707031e-01 3.314651846885681152e-01 -2.756254374980926514e-02
5.230399370193481445e-01 2.887877225875854492e-01 -7.928227074444293976e-03
5.282706022262573242e-01 2.383890748023986816e-01 1.109250448644161224e-02
5.151806473731994629e-01 5.296431183815002441e-01 -3.858487680554389954e-02
4.972665607929229736e-01 5.360628366470336914e-01 -3.319687396287918091e-02
5.055317282676696777e-01 5.430555939674377441e-01 -2.269091643393039703e-02
4.980157017707824707e-01 5.592923760414123535e-01 -2.188907004892826080e-02
5.076646208763122559e-01 5.746410489082336426e-01 -2.817996777594089508e-02
4.987557232379913330e-01 5.693439245223999023e-01 -3.316152840852737427e-02
4.985588192939758301e-01 5.958313941955566406e-01 -2.441781759262084961e-02
4.942395687103271484e-01 6.096336245536804199e-01 -9.210566990077495575e-03
5.044421553611755371e-01 4.788713753223419189e-01 -4.950873553752899170e-02
4.915015697479248047e-01 4.707598686218261719e-01 -2.920989692211151123e-02
3.888645172119140625e-01 3.101158440113067627e-01 6.363072991371154785e-02
4.547823965549468994e-01 3.916713893413543701e-01 -2.991897054016590118e-04
4.491608440876007080e-01 3.810147643089294434e-01 3.597487229853868484e-04
4.334515035152435303e-01 3.759433627128601074e-01 1.432009972631931305e-02
4.343681037425994873e-01 3.746394813060760498e-01 1.784378848969936371e-02
4.709077775478363037e-01 3.834038376808166504e-01 3.580091986805200577e-03
4.484331607818603516e-01 3.420603871345520020e-01 1.073288917541503906e-02
4.546131193637847900e-01 3.451189398765563965e-01 1.012596115469932556e-02
4.301954507827758789e-01 3.257274925708770752e-01 1.501846127212047577e-04
4.170677661895751953e-01 3.541933000087738037e-01 1.295863650739192963e-03
3.932088017463684082e-01 3.855963647365570068e-01 3.693607822060585022e-02
4.523136913776397705e-01 6.261486411094665527e-01 -1.730351359583437443e-03
4.209747314453125000e-01 3.627231419086456299e-01 7.451685145497322083e-03
3.807484209537506104e-01 3.713607788085937500e-01 7.246373593807220459e-02
4.010063409805297852e-01 3.706152439117431641e-01 4.599429294466972351e-02
4.398728907108306885e-01 4.591446816921234131e-01 -1.222250331193208694e-02
5.000303387641906738e-01 5.134819149971008301e-01 -2.719590254127979279e-02
4.877767860889434814e-01 5.211918354034423828e-01 -3.786186501383781433e-02
4.670848250389099121e-01 5.144956111907958984e-01 -3.420180082321166992e-02
4.592367410659790039e-01 5.307433009147644043e-01 -3.292389959096908569e-02
4.831542372703552246e-01 5.374380946159362793e-01 -2.731550484895706177e-02
4.766824245452880859e-01 5.354428291320800781e-01 -2.589016593992710114e-02
4.471245408058166504e-01 5.624305009841918945e-01 -1.603475213050842285e-02
4.950590729713439941e-01 4.679054915904998779e-01 -7.044468820095062256e-02
4.932420849800109863e-01 4.518161714076995850e-01 -6.042233109474182129e-02
4.150946736335754395e-01 3.242371380329132080e-01 2.872093766927719116e-02
4.693431556224822998e-01 4.260942041873931885e-01 -6.802752614021301270e-03
4.595567882061004639e-01 4.647214412689208984e-01 -3.119115717709064484e-02
4.737001955509185791e-01 4.452801346778869629e-01 -2.272067964076995850e-02
4.144960045814514160e-01 4.523261487483978271e-01 1.398286502808332443e-02
5.024873018264770508e-01 4.154849350452423096e-01 -4.785733669996261597e-02
4.372377395629882812e-01 2.899262309074401855e-01 7.672937586903572083e-03
4.168291687965393066e-01 3.059463500976562500e-01 9.503445588052272797e-03
4.070182144641876221e-01 2.737824320793151855e-01 5.135079100728034973e-02
4.957944154739379883e-01 3.233160376548767090e-01 3.162777284160256386e-03
4.752811193466186523e-01 3.322414457798004150e-01 -4.327865317463874817e-03
4.427320659160614014e-01 5.518651008605957031e-01 -3.470907453447580338e-03
3.697327077388763428e-01 5.369960069656372070e-01 7.763056457042694092e-02
4.720534682273864746e-01 4.612482190132141113e-01 -3.326853364706039429e-02
4.938839077949523926e-01 4.791367650032043457e-01 -4.736000671982765198e-03
4.446599483489990234e-01 5.393427610397338867e-01 -4.999122582376003265e-03
4.629393517971038818e-01 5.520385503768920898e-01 -1.072077173739671707e-02
4.250130653381347656e-01 2.883790135383605957e-01 1.561832893639802933e-02
4.715027809143066406e-01 4.704343974590301514e-01 -2.555143088102340698e-02
4.711402952671051025e-01 3.158502876758575439e-01 -8.548012003302574158e-03
4.566148221492767334e-01 2.875270247459411621e-01 -6.621291860938072205e-03
4.640657603740692139e-01 2.345550656318664551e-01 1.850346103310585022e-02
4.134232997894287109e-01 2.873113155364990234e-01 2.510716207325458527e-02
4.678078591823577881e-01 2.788527905941009521e-01 1.840401208028197289e-03
4.105413556098937988e-01 3.140390813350677490e-01 1.875032112002372742e-02
3.947359323501586914e-01 3.210783004760742188e-01 3.946932032704353333e-02
4.841638803482055664e-01 5.276218652725219727e-01 -4.775135591626167297e-02
4.839783906936645508e-01 5.406388640403747559e-01 -2.636074647307395935e-02
4.680011272430419922e-01 5.273622870445251465e-01 -1.309011597186326981e-02
4.891963303089141846e-01 4.880790114402770996e-01 -2.384887076914310455e-02
4.620513916015625000e-01 5.572677850723266602e-01 -7.482690270990133286e-03
4.533279538154602051e-01 5.620570182800292969e-01 -1.115568820387125015e-02
4.626758098602294922e-01 5.470252037048339844e-01 -1.056984905153512955e-02
4.893867969512939453e-01 4.687299132347106934e-01 -3.844853118062019348e-02
4.911768138408660889e-01 5.378063917160034180e-01 -2.494293637573719025e-02
4.840548932552337646e-01 5.414510369300842285e-01 -1.290610060095787048e-02
4.852270483970642090e-01 5.265579223632812500e-01 -6.935038138180971146e-03
4.828777909278869629e-01 6.107950806617736816e-01 -9.666918776929378510e-03
4.830540120601654053e-01 5.917701721191406250e-01 -1.378426887094974518e-02
4.783423244953155518e-01 5.840373635292053223e-01 -2.475340478122234344e-02
4.800231754779815674e-01 5.746246576309204102e-01 -2.339049056172370911e-02
4.796980619430541992e-01 5.627669095993041992e-01 -1.642664521932601929e-02
4.790713191032409668e-01 5.615278482437133789e-01 -2.848402131348848343e-03
4.771280586719512939e-01 5.516190528869628906e-01 -2.377587184309959412e-02
4.684720933437347412e-01 5.716713666915893555e-01 -1.634443178772926331e-02
4.562292098999023438e-01 5.718505978584289551e-01 -2.427234128117561340e-02
4.514557421207427979e-01 5.237604975700378418e-01 -2.741019427776336670e-02
3.693681955337524414e-01 4.433800280094146729e-01 1.069538146257400513e-01
5.014573335647583008e-01 4.861674606800079346e-01 -3.280523791909217834e-02
4.610305726528167725e-01 5.470140576362609863e-01 -6.249321624636650085e-03
4.635593295097351074e-01 5.584083199501037598e-01 -9.233830496668815613e-03
4.831022322177886963e-01 4.859835505485534668e-01 -3.425991535186767578e-02
4.671048223972320557e-01 4.840515851974487305e-01 -1.540945842862129211e-02
4.924893379211425781e-01 4.833649694919586182e-01 -5.171515047550201416e-02
4.582293331623077393e-01 4.331388473510742188e-01 -5.652625113725662231e-03
4.415740370750427246e-01 4.309382736682891846e-01 1.761202700436115265e-03
4.552813470363616943e-01 4.803057610988616943e-01 -2.981587871909141541e-02
4.273682832717895508e-01 2.550084888935089111e-01 3.286626935005187988e-02
4.395522773265838623e-01 2.768051922321319580e-01 1.949977315962314606e-02
4.288208186626434326e-01 2.945351302623748779e-01 2.197967842221260071e-02
4.716866910457611084e-01 5.855132341384887695e-01 1.120784319937229156e-02
4.862828254699707031e-01 3.044252395629882812e-01 -7.419619243592023849e-03
4.693480134010314941e-01 2.742061316967010498e-01 -3.022396238520741463e-03
4.821837246417999268e-01 2.527649700641632080e-01 6.456965580582618713e-03
4.287568628787994385e-01 3.824662864208221436e-01 2.312652952969074249e-02
3.982300162315368652e-01 3.940711319446563721e-01 3.783867508172988892e-02
4.641233384609222412e-01 3.816060721874237061e-01 1.248456723988056183e-02
4.080877602100372314e-01 3.463498353958129883e-01 1.511426083743572235e-02
4.786394536495208740e-01 4.052676260471343994e-01 9.951493702828884125e-04
4.788550138473510742e-01 4.602362513542175293e-01 -3.836730495095252991e-02
3.971131443977355957e-01 4.034198820590972900e-01 4.341607913374900818e-02
3.998140692710876465e-01 4.098680317401885986e-01 1.573180407285690308e-02
4.151742756366729736e-01 4.229291379451751709e-01 5.738966166973114014e-03
4.419521093368530273e-01 4.103837609291076660e-01 -4.141113022342324257e-04
4.560979902744293213e-01 4.165591299533843994e-01 -1.391888409852981567e-02
4.761465191841125488e-01 3.901700079441070557e-01 1.274236012250185013e-03
5.076975822448730469e-01 3.885723352432250977e-01 -5.653792060911655426e-03
3.881332278251647949e-01 4.338623881340026855e-01 3.229486942291259766e-02
3.938495814800262451e-01 3.439259231090545654e-01 2.669537439942359924e-02
5.084139108657836914e-01 4.767989516258239746e-01 -4.334522411227226257e-02
4.645891785621643066e-01 4.283772706985473633e-01 -1.265030354261398315e-02
3.707571029663085938e-01 3.766423165798187256e-01 1.017997115850448608e-01
4.829426407814025879e-01 3.834865689277648926e-01 -1.211748272180557251e-02
4.742608368396759033e-01 4.604526162147521973e-01 -1.640781573951244354e-02
4.134487807750701904e-01 3.591176867485046387e-01 1.048387959599494934e-02
4.827854633331298828e-01 4.460845887660980225e-01 -2.535201422870159149e-02
3.688346445560455322e-01 4.916344583034515381e-01 1.032068356871604919e-01
4.794988036155700684e-01 3.656303286552429199e-01 9.458662942051887512e-03
4.783317148685455322e-01 4.361366331577301025e-01 -4.819583520293235779e-02
4.019778370857238770e-01 5.723583102226257324e-01 2.460930310189723969e-02
3.992159366607666016e-01 5.953155755996704102e-01 3.552486374974250793e-02
3.805180191993713379e-01 4.385801553726196289e-01 7.485075294971466064e-02
3.899880349636077881e-01 5.545260906219482422e-01 4.341686889529228210e-02
3.872329592704772949e-01 3.486073911190032959e-01 6.819819658994674683e-02
4.397728145122528076e-01 6.338853240013122559e-01 -2.024745568633079529e-02
4.991304278373718262e-01 4.673435091972351074e-01 -4.172688722610473633e-02
4.675621688365936279e-01 4.510029852390289307e-01 -5.545530468225479126e-03
3.819916844367980957e-01 3.754607141017913818e-01 3.598738834261894226e-02
4.429983198642730713e-01 3.784627616405487061e-01 6.409640423953533173e-03
4.563486576080322266e-01 3.704978227615356445e-01 6.690516602247953415e-03
4.714446663856506348e-01 5.534418225288391113e-01 -1.149461604654788971e-02
3.962639272212982178e-01 4.813248217105865479e-01 3.591703996062278748e-02
4.609853625297546387e-01 6.743068695068359375e-01 1.104128314182162285e-04
4.309989809989929199e-01 6.360652446746826172e-01 2.017305232584476471e-02
4.232817590236663818e-01 6.117418408393859863e-01 3.683371841907501221e-02
5.168722867965698242e-01 2.801825702190399170e-01 3.216408193111419678e-03
4.761870205402374268e-01 6.766809821128845215e-01 -3.122872207313776016e-03
4.542357027530670166e-01 3.788720965385437012e-01 4.842856898903846741e-03
4.756474792957305908e-01 3.671420812606811523e-01 8.974142372608184814e-03
4.790494740009307861e-01 3.708267807960510254e-01 7.059615105390548706e-03
3.884820640087127686e-01 3.482421934604644775e-01 3.434968367218971252e-02
4.807736575603485107e-01 3.590526878833770752e-01 1.473689638078212738e-02
4.447577595710754395e-01 3.619262874126434326e-01 8.469430729746818542e-03
4.447889029979705811e-01 3.549810945987701416e-01 1.539634540677070618e-03
4.309274554252624512e-01 3.617465198040008545e-01 2.456520311534404755e-02
4.262862205505371094e-01 3.638360202312469482e-01 1.714403741061687469e-02
3.884215950965881348e-01 3.377307057380676270e-01 8.140023797750473022e-02
4.219238460063934326e-01 3.676444590091705322e-01 3.515551984310150146e-02
5.053881406784057617e-01 5.058209300041198730e-01 -4.205918684601783752e-02
4.743020236492156982e-01 4.963855743408203125e-01 -2.735851518809795380e-02
4.742765724658966064e-01 4.757956266403198242e-01 -3.579451143741607666e-02
4.842738509178161621e-01 5.029608011245727539e-01 -3.979031741619110107e-02
5.139858126640319824e-01 3.582544624805450439e-01 -1.763218827545642853e-02
4.109082221984863281e-01 6.019211411476135254e-01 8.723841980099678040e-03
4.330305457115173340e-01 6.194583773612976074e-01 2.291987277567386627e-02
4.491173624992370605e-01 6.453881859779357910e-01 -2.387421764433383942e-02
3.840680420398712158e-01 5.702481865882873535e-01 8.143327385187149048e-02
4.773322641849517822e-01 3.692264556884765625e-01 1.761483028531074524e-02
4.726369082927703857e-01 4.074192643165588379e-01 -1.976692304015159607e-02
4.938207864761352539e-01 6.645727157592773438e-01 -9.001103462651371956e-04
4.437817037105560303e-01 6.550784111022949219e-01 1.655260473489761353e-02
3.768913447856903076e-01 4.913259148597717285e-01 6.072582677006721497e-02
4.810900688171386719e-01 5.636692643165588379e-01 -2.174771949648857117e-02
4.798389375209808350e-01 5.772508382797241211e-01 -2.215174399316310883e-02
4.795961976051330566e-01 5.700672268867492676e-01 -2.071107923984527588e-02
4.671728909015655518e-01 5.904421806335449219e-01 -2.128258720040321350e-02
4.598415195941925049e-01 5.945420861244201660e-01 -1.696215942502021790e-02
4.631250500679016113e-01 5.401391386985778809e-01 -2.534442581236362457e-02
4.598270058631896973e-01 5.556586980819702148e-01 -1.351843215525150299e-02
4.596192836761474609e-01 5.397772192955017090e-01 -1.037976704537868500e-02
4.547093510627746582e-01 5.116685032844543457e-01 -1.026515197008848190e-02
4.116259217262268066e-01 4.893920719623565674e-01 2.861662767827510834e-02
4.910232126712799072e-01 3.787888884544372559e-01 -2.216424793004989624e-02
4.903793632984161377e-01 3.558757901191711426e-01 4.541169619187712669e-04
4.803365468978881836e-01 3.759284615516662598e-01 5.671967752277851105e-03
4.660752415657043457e-01 5.453783869743347168e-01 1.805214909836649895e-03
3.986441493034362793e-01 5.376109480857849121e-01 3.245445340871810913e-02
5.000008940696716309e-01 3.489398360252380371e-01 -4.535565152764320374e-03
4.482359290122985840e-01 6.001585125923156738e-01 -1.443306636065244675e-02
5.106444358825683594e-01 4.041694998741149902e-01 -4.455065727233886719e-02
4.842232167720794678e-01 3.990254998207092285e-01 -3.888245671987533569e-02
5.024458169937133789e-01 3.947354257106781006e-01 -3.538757935166358948e-02
4.759595394134521484e-01 4.375132620334625244e-01 -2.033188194036483765e-02
4.907172620296478271e-01 6.432373523712158203e-01 -1.759512349963188171e-02
5.048907995223999023e-01 6.218077540397644043e-01 -1.614866591989994049e-02
4.724804461002349854e-01 6.172699928283691406e-01 -2.163561992347240448e-02
4.267575144767761230e-01 5.790060162544250488e-01 -3.559427335858345032e-03
4.487557411193847656e-01 4.719610512256622314e-01 -1.388326846063137054e-02
4.444940090179443359e-01 5.902011394500732422e-01 -1.306238351389765739e-03
4.277049303054809570e-01 4.792647659778594971e-01 -1.427505630999803543e-03
4.454272389411926270e-01 5.056865215301513672e-01 -4.360520280897617340e-03
4.148418307304382324e-01 5.146816372871398926e-01 2.878089668229222298e-03
4.667871892452239990e-01 6.458017826080322266e-01 -1.170028839260339737e-02
4.788376390933990479e-01 4.303342103958129883e-01 -9.742137044668197632e-03
4.304240643978118896e-01 5.802735686302185059e-01 5.080741364508867264e-03
4.354601502418518066e-01 6.106562614440917969e-01 -7.109539583325386047e-04
4.254656434059143066e-01 5.372545123100280762e-01 -5.582056939601898193e-03
3.839469254016876221e-01 5.028491020202636719e-01 4.110181331634521484e-02
4.134311378002166748e-01 5.508958697319030762e-01 1.778964698314666748e-02
3.774703741073608398e-01 5.242224335670471191e-01 5.456229299306869507e-02
4.401084780693054199e-01 5.159326791763305664e-01 -2.962713595479726791e-03
4.792551994323730469e-01 4.134131968021392822e-01 -1.812370307743549347e-02
4.738731086254119873e-01 4.627843797206878662e-01 -5.627971515059471130e-02
4.836515784263610840e-01 4.744273126125335693e-01 -3.323901817202568054e-02
5.011324882507324219e-01 4.523222744464874268e-01 -3.971021994948387146e-02
4.818207025527954102e-01 3.493906855583190918e-01 -2.541155554354190826e-03
4.792814254760742188e-01 3.272043168544769287e-01 -1.204237528145313263e-02
4.431347846984863281e-01 3.109591305255889893e-01 -3.544737119227647781e-03
4.452168941497802734e-01 3.282817006111145020e-01 -3.862595418468117714e-03
4.190622568130493164e-01 3.343419432640075684e-01 1.430557761341333389e-02
4.039713442325592041e-01 3.715446293354034424e-01 1.403936930000782013e-02
3.734853267669677734e-01 4.129892587661743164e-01 6.827647984027862549e-02
4.139903783798217773e-01 3.992970585823059082e-01 2.713163383305072784e-02
4.257744550704956055e-01 3.965504467487335205e-01 1.022054813802242279e-03
4.484187066555023193e-01 4.091221094131469727e-01 7.263387553393840790e-03
4.646523594856262207e-01 3.882029056549072266e-01 1.272391434758901596e-02
4.639225006103515625e-01 3.971698880195617676e-01 1.934585277922451496e-03
4.833763837814331055e-01 3.833548426628112793e-01 -4.854165948927402496e-03
3.686993420124053955e-01 4.076220989227294922e-01 1.026125773787498474e-01
4.697804450988769531e-01 4.736180007457733154e-01 -2.562313526868820190e-02
4.835039079189300537e-01 4.268388450145721436e-01 -2.623656019568443298e-02
4.891014695167541504e-01 4.674866199493408203e-01 -5.295285210013389587e-02
4.971408247947692871e-01 4.820516407489776611e-01 -5.080097541213035583e-02
4.827865660190582275e-01 4.761945903301239014e-01 -5.397070199251174927e-02
4.667560160160064697e-01 4.839291274547576904e-01 -3.076569736003875732e-02
4.959280490875244141e-01 4.654912948608398438e-01 -5.672926083207130432e-02
4.921250939369201660e-01 4.792002141475677490e-01 -3.911397606134414673e-02
4.819406270980834961e-01 3.739193081855773926e-01 7.939373143017292023e-03
4.841102957725524902e-01 3.738175332546234131e-01 3.701964160427451134e-03
4.974495470523834229e-01 3.844207525253295898e-01 3.381703048944473267e-03
4.368316829204559326e-01 3.601953685283660889e-01 1.420958526432514191e-02
4.399959146976470947e-01 3.451005220413208008e-01 2.092594467103481293e-02
5.138564109802246094e-01 4.122825860977172852e-01 -3.378635272383689880e-02
5.886185169219970703e-01 3.913603127002716064e-01 2.759013697504997253e-02
5.027334690093994141e-01 4.750589728355407715e-01 -3.893584758043289185e-02
6.204080581665039062e-01 3.387922048568725586e-01 9.013333916664123535e-02
5.616219043731689453e-01 3.979222178459167480e-01 1.484322920441627502e-02
5.636008977890014648e-01 3.960996270179748535e-01 4.384456202387809753e-03
5.890770554542541504e-01 3.882187008857727051e-01 7.072236854583024979e-03
5.976417064666748047e-01 3.940168321132659912e-01 2.937130071222782135e-02
5.443648099899291992e-01 3.837453424930572510e-01 2.686393074691295624e-02
5.737087726593017578e-01 3.470666110515594482e-01 1.892896369099617004e-02
5.636319518089294434e-01 3.486712276935577393e-01 6.292067002505064011e-03
5.962952375411987305e-01 3.440888524055480957e-01 2.310510165989398956e-02
5.949185490608215332e-01 3.590946495532989502e-01 2.493710815906524658e-02
6.117911338806152344e-01 3.989932835102081299e-01 1.684824004769325256e-02
5.390449166297912598e-01 6.333932876586914062e-01 -1.251660846173763275e-02
5.876367688179016113e-01 3.823121786117553711e-01 2.118677832186222076e-02
6.211553215980529785e-01 4.075399041175842285e-01 7.923389971256256104e-02
6.049591302871704102e-01 3.904054462909698486e-01 4.150762781500816345e-02
5.593155622482299805e-01 4.684344828128814697e-01 -2.163754543289542198e-04
5.281730890274047852e-01 5.293653607368469238e-01 -2.541194111108779907e-02
5.047714114189147949e-01 5.413360595703125000e-01 -2.943052724003791809e-02
5.305597186088562012e-01 5.270811319351196289e-01 -2.475552633404731750e-02
5.303570628166198730e-01 5.467621088027954102e-01 -1.844083517789840698e-02
5.253505706787109375e-01 5.413820743560791016e-01 -3.036584705114364624e-02
5.407616496086120605e-01 5.427443981170654297e-01 -2.657278068363666534e-02
5.268687605857849121e-01 5.763267278671264648e-01 -1.579488627612590790e-02
5.149733424186706543e-01 4.663828909397125244e-01 -6.173171103000640869e-02
5.092064142227172852e-01 4.587444961071014404e-01 -6.686112284660339355e-02
6.061159968376159668e-01 3.343633711338043213e-01 2.079989388585090637e-02
5.323828458786010742e-01 4.186727106571197510e-01 -1.107053644955158234e-02
5.306973457336425781e-01 4.646968841552734375e-01 -3.132232278585433960e-02
5.478413701057434082e-01 4.592555165290832520e-01 -3.886143118143081665e-02
5.931292772293090820e-01 4.538825154304504395e-01 1.337685436010360718e-02
5.182744264602661133e-01 4.308915436267852783e-01 -6.267040967941284180e-02
5.923195481300354004e-01 3.213084340095520020e-01 2.128326147794723511e-02
5.846740007400512695e-01 3.380339741706848145e-01 2.628020383417606354e-02
6.180729269981384277e-01 3.101095557212829590e-01 5.209016054868698120e-02
5.431529283523559570e-01 3.271178305149078369e-01 -5.500088445842266083e-03
5.531901717185974121e-01 3.499929010868072510e-01 1.503837294876575470e-02
5.434003472328186035e-01 5.592745542526245117e-01 7.961367256939411163e-03
5.986162424087524414e-01 5.663117766380310059e-01 8.466929197311401367e-02
5.314920544624328613e-01 4.817403852939605713e-01 -2.697704732418060303e-02
5.063600540161132812e-01 4.750069975852966309e-01 -3.179730474948883057e-02
5.437111854553222656e-01 5.571581721305847168e-01 1.388042932376265526e-03
5.455546379089355469e-01 5.683099627494812012e-01 -1.669477438554167747e-03
6.098146438598632812e-01 3.133022487163543701e-01 1.619384996592998505e-02
5.407674312591552734e-01 4.900670349597930908e-01 -2.732754312455654144e-02
5.641143918037414551e-01 3.268379569053649902e-01 -5.159257911145687103e-03
5.787678956985473633e-01 2.990309000015258789e-01 -8.096055127680301666e-03
5.738979578018188477e-01 2.425071001052856445e-01 1.237689331173896790e-02
6.245202422142028809e-01 3.185886442661285400e-01 3.386970981955528259e-02
5.634986162185668945e-01 2.883645892143249512e-01 8.960193954408168793e-03
6.130783557891845703e-01 3.374711871147155762e-01 3.815646469593048096e-02
6.212171316146850586e-01 3.475092351436614990e-01 4.345355555415153503e-02
5.180361270904541016e-01 5.378457903861999512e-01 -2.696166560053825378e-02
5.297001004219055176e-01 5.343598723411560059e-01 -2.658189460635185242e-02
5.432811379432678223e-01 5.441155433654785156e-01 -1.525689754635095596e-02
5.296989083290100098e-01 4.796529412269592285e-01 -4.313194006681442261e-02
5.407919287681579590e-01 5.622770190238952637e-01 2.992907771840691566e-03
5.330340862274169922e-01 5.662362575531005859e-01 -5.514603108167648315e-03
5.312955975532531738e-01 5.425651073455810547e-01 -1.660791598260402679e-02
5.264407396316528320e-01 4.760150909423828125e-01 -4.645926877856254578e-02
5.345801711082458496e-01 5.385506749153137207e-01 -6.190245971083641052e-03
5.194271206855773926e-01 5.367501974105834961e-01 -3.090813569724559784e-02
5.092663168907165527e-01 5.334334969520568848e-01 -3.826083615422248840e-02
5.141190886497497559e-01 6.087461709976196289e-01 -6.437630858272314072e-03
5.072380900382995605e-01 5.883349180221557617e-01 -1.890999265015125275e-02
5.127876996994018555e-01 5.796650052070617676e-01 -3.454378992319107056e-02
5.008057355880737305e-01 5.812274217605590820e-01 -3.320051729679107666e-02
5.055133700370788574e-01 5.633170008659362793e-01 -3.454440832138061523e-02
5.223151445388793945e-01 5.696551203727722168e-01 -1.646721921861171722e-02
5.242840051651000977e-01 5.439129471778869629e-01 -4.309084266424179077e-03
5.306795239448547363e-01 5.689074397087097168e-01 -1.514138188213109970e-02
5.366594195365905762e-01 5.803137421607971191e-01 -2.971455268561840057e-02
5.435328483581542969e-01 5.330270528793334961e-01 -2.133479900658130646e-02
6.294650435447692871e-01 4.922319054603576660e-01 1.182531118392944336e-01
5.249609351158142090e-01 5.551970601081848145e-01 -7.996261119842529297e-03
5.345776081085205078e-01 5.752499699592590332e-01 -5.212322808802127838e-03
5.193213820457458496e-01 4.852023124694824219e-01 -2.119594439864158630e-02
5.206683874130249023e-01 4.913665354251861572e-01 -1.935120113193988800e-02
5.193383693695068359e-01 4.812538325786590576e-01 -1.780611649155616760e-02
5.609809756278991699e-01 4.341497123241424561e-01 -2.658632351085543633e-03
5.637472271919250488e-01 4.476090967655181885e-01 -2.721304073929786682e-03
5.299785137176513672e-01 4.732793569564819336e-01 -1.443088799715042114e-02
5.976092219352722168e-01 2.663201391696929932e-01 2.768727391958236694e-02
5.960426330566406250e-01 2.906166911125183105e-01 3.340286388993263245e-02
5.833057165145874023e-01 3.043070733547210693e-01 7.420547306537628174e-03
5.543305873870849609e-01 5.943148732185363770e-01 -4.136119503527879715e-03
5.336129665374755859e-01 3.228115737438201904e-01 -1.447810791432857513e-02
5.471990108489990234e-01 2.774302363395690918e-01 -1.330982800573110580e-02
5.527142286300659180e-01 2.454752773046493530e-01 1.034205593168735504e-02
5.921911001205444336e-01 3.956784904003143311e-01 2.481138892471790314e-02
6.172232031822204590e-01 4.108991324901580811e-01 1.661365479230880737e-02
5.441567301750183105e-01 3.786563575267791748e-01 2.217335999011993408e-02
5.898561477661132812e-01 3.721103370189666748e-01 3.157762065529823303e-02
5.232950448989868164e-01 4.048866629600524902e-01 3.450520802289247513e-03
5.333395004272460938e-01 4.628377854824066162e-01 -3.337987884879112244e-02
6.199390292167663574e-01 4.293635487556457520e-01 4.961005598306655884e-02
5.949789881706237793e-01 4.267781972885131836e-01 7.300387602299451828e-03
5.855848789215087891e-01 4.313475787639617920e-01 2.367327921092510223e-02
5.679802894592285156e-01 4.336194694042205811e-01 9.889327920973300934e-03
5.477685332298278809e-01 4.260194897651672363e-01 2.293094061315059662e-03
5.459940433502197266e-01 3.938536643981933594e-01 5.966310855001211166e-04
5.162249803543090820e-01 3.837449550628662109e-01 -1.724715717136859894e-02
6.110896468162536621e-01 4.681946635246276855e-01 4.622054845094680786e-02
6.167680025100708008e-01 3.780057728290557861e-01 2.685492485761642456e-02
5.052957534790039062e-01 4.771286249160766602e-01 -5.173001065850257874e-02
5.260509848594665527e-01 4.427035450935363770e-01 -1.275079976767301559e-02
6.156714558601379395e-01 3.923168480396270752e-01 1.005156114697456360e-01
5.322590470314025879e-01 3.908224105834960938e-01 -2.925884444266557693e-03
5.454002618789672852e-01 4.719685912132263184e-01 2.434505149722099304e-04
6.020253896713256836e-01 3.866307735443115234e-01 2.930137887597084045e-02
5.338284373283386230e-01 4.543054103851318359e-01 -3.832640126347541809e-02
6.253435611724853516e-01 5.271446704864501953e-01 1.203808784484863281e-01
5.312093496322631836e-01 3.783320486545562744e-01 1.391487661749124527e-02
5.330528020858764648e-01 4.486676454544067383e-01 -5.280116572976112366e-02
5.744748711585998535e-01 5.981945991516113281e-01 3.549866005778312683e-02
5.873154997825622559e-01 6.173541545867919922e-01 5.189587175846099854e-02
6.255271434783935547e-01 4.693664014339447021e-01 7.674836367368698120e-02
6.047469973564147949e-01 5.658286809921264648e-01 6.423673778772354126e-02
6.254823803901672363e-01 3.634401857852935791e-01 7.636154443025588989e-02
5.444484949111938477e-01 6.411200165748596191e-01 1.107409875839948654e-02
5.006371140480041504e-01 4.742323756217956543e-01 -4.440078884363174438e-02
5.423741936683654785e-01 4.562252163887023926e-01 -8.097417652606964111e-03
6.181779503822326660e-01 4.051026403903961182e-01 6.714656203985214233e-02
5.892003774642944336e-01 3.906685411930084229e-01 2.203493751585483551e-02
5.645534992218017578e-01 3.875319361686706543e-01 6.301991175860166550e-03
5.308019518852233887e-01 5.678145885467529297e-01 -2.269889460876584053e-03
6.095758080482482910e-01 4.922201931476593018e-01 3.805524855852127075e-02
5.004612207412719727e-01 6.716632843017578125e-01 3.695686114951968193e-03
5.468870401382446289e-01 6.487488746643066406e-01 1.622246578335762024e-02
5.597385168075561523e-01 6.315782070159912109e-01 3.275906294584274292e-02
5.502654314041137695e-01 3.945223987102508545e-01 1.191857457160949707e-02
5.540678501129150391e-01 3.916952311992645264e-01 9.653944522142410278e-03
5.514265298843383789e-01 3.708314895629882812e-01 -2.230188343673944473e-03
6.214060187339782715e-01 3.540247380733489990e-01 5.027165263891220093e-02
5.477411746978759766e-01 3.878256082534790039e-01 1.427927613258361816e-02
5.638036131858825684e-01 3.628058731555938721e-01 4.432304296642541885e-03
5.619543790817260742e-01 3.583315014839172363e-01 1.100549474358558655e-02
5.890221595764160156e-01 3.680168390274047852e-01 2.393263764679431915e-02
5.814690589904785156e-01 3.846715986728668213e-01 2.971075661480426788e-02
6.333485245704650879e-01 3.553581237792968750e-01 9.540626406669616699e-02
5.772896409034729004e-01 3.835732042789459229e-01 1.536274235695600510e-02
5.438578724861145020e-01 5.047271251678466797e-01 -1.862424425780773163e-02
5.425136685371398926e-01 4.755891561508178711e-01 -1.609972119331359863e-02
5.104987025260925293e-01 5.126630663871765137e-01 -3.790871426463127136e-02
5.729117989540100098e-01 6.127249598503112793e-01 1.349653676152229309e-02
5.496048331260681152e-01 6.203204393386840820e-01 2.365766093134880066e-02
5.128183960914611816e-01 6.659742593765258789e-01 -1.243776641786098480e-04
5.846472978591918945e-01 5.938829183578491211e-01 8.499038964509963989e-02
5.483504533767700195e-01 3.774682581424713135e-01 1.029642857611179352e-02
5.334827899932861328e-01 4.165368676185607910e-01 -1.773240044713020325e-02
5.381329059600830078e-01 6.630599498748779297e-01 2.005326375365257263e-02
6.148923635482788086e-01 5.083577632904052734e-01 5.814695358276367188e-02
5.102593302726745605e-01 5.598581433296203613e-01 -1.249121688306331635e-02
5.258046984672546387e-01 5.724313855171203613e-01 -1.866311952471733093e-02
5.266291499137878418e-01 5.811033248901367188e-01 -1.769251190125942230e-02
5.287932157516479492e-01 5.933893322944641113e-01 -1.294510159641504288e-02
5.313479900360107422e-01 6.039461493492126465e-01 -1.830394193530082703e-02
5.413635969161987305e-01 5.516045093536376953e-01 -9.645655751228332520e-03
5.316342115402221680e-01 5.496715307235717773e-01 -3.300072625279426575e-03
5.422238707542419434e-01 5.421522855758666992e-01 -7.889043539762496948e-03
5.500704646110534668e-01 5.357645750045776367e-01 -3.305362770333886147e-03
5.894691944122314453e-01 5.006140470504760742e-01 2.348272688686847687e-02
5.207797884941101074e-01 4.056510329246520996e-01 -9.435577318072319031e-03
5.435749888420104980e-01 3.694568872451782227e-01 1.732676103711128235e-02
5.443156361579895020e-01 3.572607338428497314e-01 4.794092848896980286e-03
5.381993055343627930e-01 5.603761672973632812e-01 -2.824870496988296509e-02
5.963986515998840332e-01 5.386372208595275879e-01 1.316373795270919800e-02
5.129098296165466309e-01 3.531418442726135254e-01 -4.606048110872507095e-03
5.378472805023193359e-01 6.082285642623901367e-01 -3.148352028802037239e-03
5.166858434677124023e-01 4.031620323657989502e-01 -1.574157178401947021e-02
5.309505462646484375e-01 4.378786087036132812e-01 -1.028598006814718246e-02
5.191776156425476074e-01 6.170891523361206055e-01 -2.476833947002887726e-02
5.579268932342529297e-01 5.828883647918701172e-01 6.158381700515747070e-03
5.581490397453308105e-01 4.861815273761749268e-01 5.515554919838905334e-03
5.468164086341857910e-01 5.991837978363037109e-01 -6.419268436729907990e-03
5.734402537345886230e-01 4.865260422229766846e-01 6.074922159314155579e-03
5.628615617752075195e-01 5.097720623016357422e-01 2.530244179069995880e-03
5.710363388061523438e-01 5.113301873207092285e-01 -1.075567305088043213e-02
5.137245059013366699e-01 6.498081684112548828e-01 -2.506844326853752136e-02
5.274605154991149902e-01 4.492116570472717285e-01 -3.005454502999782562e-02
5.647848844528198242e-01 6.007274389266967773e-01 2.050500176846981049e-02
5.516739487648010254e-01 6.077967286109924316e-01 -3.198342630639672279e-03
5.681512355804443359e-01 5.639778375625610352e-01 1.258908025920391083e-02
5.997452139854431152e-01 5.299374461174011230e-01 4.268107935786247253e-02
5.905104279518127441e-01 5.541697144508361816e-01 3.392431885004043579e-03
6.061161160469055176e-01 5.453451871871948242e-01 7.467824220657348633e-02
5.586286783218383789e-01 5.315441489219665527e-01 -1.526743918657302856e-02
5.282276272773742676e-01 4.259028732776641846e-01 -2.931946516036987305e-02
5.276896357536315918e-01 4.762155413627624512e-01 -7.282643765211105347e-02
5.288177728652954102e-01 4.850296676158905029e-01 -2.587285637855529785e-02
5.280336141586303711e-01 4.470792710781097412e-01 -4.484324157238006592e-02
5.367012023925781250e-01 3.523870706558227539e-01 9.115209802985191345e-03
5.485109090805053711e-01 3.304140567779541016e-01 -5.615496076643466949e-03
5.879584550857543945e-01 3.343531489372253418e-01 3.531216643750667572e-03
6.004660725593566895e-01 3.334341645240783691e-01 6.310859695076942444e-03
5.986411571502685547e-01 3.515252768993377686e-01 1.158506516367197037e-02
6.021843552589416504e-01 3.796851634979248047e-01 3.493817523121833801e-02
6.289931535720825195e-01 4.399734437465667725e-01 7.970653474330902100e-02
6.055183410644531250e-01 4.139972627162933350e-01 2.503134682774543762e-02
5.947165489196777344e-01 4.205218553543090820e-01 1.512350142002105713e-02
5.678688287734985352e-01 4.142253994941711426e-01 6.945064757019281387e-03
5.487064719200134277e-01 3.983186781406402588e-01 9.450162760913372040e-03
5.413182973861694336e-01 3.983196616172790527e-01 7.048685103654861450e-03
5.422059893608093262e-01 3.977529406547546387e-01 1.449822075664997101e-02
6.357179880142211914e-01 4.429021179676055908e-01 1.173012405633926392e-01
5.280962586402893066e-01 4.910404682159423828e-01 -2.533708140254020691e-02
5.207623243331909180e-01 4.142443239688873291e-01 -3.308424726128578186e-02
5.274454355239868164e-01 4.572655558586120605e-01 -4.906069114804267883e-02
5.042365193367004395e-01 4.635750949382781982e-01 -3.306035324931144714e-02
5.345275998115539551e-01 4.773797988891601562e-01 -4.481419175863265991e-02
5.336914658546447754e-01 4.781628549098968506e-01 -3.984699957072734833e-03
5.197065472602844238e-01 4.769609570503234863e-01 -4.635373875498771667e-02
5.049003362655639648e-01 4.820015132427215576e-01 -4.455551132559776306e-02
5.295884609222412109e-01 3.838008344173431396e-01 1.985217444598674774e-02
5.324676036834716797e-01 3.693588674068450928e-01 1.485229935497045517e-02
5.278818011283874512e-01 3.784108459949493408e-01 -1.966574601829051971e-02
5.853242874145507812e-01 3.859568536281585693e-01 1.972983591258525848e-02
5.908823609352111816e-01 3.595050275325775146e-01 3.150501102209091187e-02
4.534966647624969482e-01 3.674508929252624512e-01 1.239036768674850464e-02
4.543578326702117920e-01 3.634533882141113281e-01 7.277926430106163025e-03
4.467444121837615967e-01 3.401677608489990234e-01 2.299546264111995697e-02
4.253247678279876709e-01 3.545646965503692627e-01 1.612708717584609985e-02
4.500727057456970215e-01 3.720812201499938965e-01 5.031134933233261108e-03
5.685086846351623535e-01 3.715945482254028320e-01 1.736818114295601845e-03
5.810712575912475586e-01 3.826780915260314941e-01 1.589443162083625793e-02
5.739557743072509766e-01 3.643617033958435059e-01 1.644234359264373779e-02
5.435129404067993164e-01 3.746441900730133057e-01 1.535552088171243668e-02
5.765893459320068359e-01 3.870630860328674316e-01 1.950399391353130341e-02
