-2.276225888937993824e-02 -3.228853337446682126e-01 -6.128318852843654962e-01
2.708680504263227817e-02 -5.724823368401974477e-01 -2.485754551286345482e-01
2.908965724299827915e-02 -3.619539349597764577e-01 -3.272069509245238983e-01
-4.034371436224126750e-02 -5.191562703942582679e-01 1.585726030526903862e-01
2.684246879015678156e-02 -6.135503226821024114e-01 -1.344496906018094462e-01
2.558693281731419522e-02 -6.023965576879808381e-01 2.768364549225205140e-02
2.828477157448228141e-02 -4.428199276603757006e-01 4.405185375591624819e-01
-5.310713138821583357e-01 -1.400633368847341576e-01 5.531725616600278173e-01
2.884684262857317716e-02 -4.238233684506145238e-01 7.542731170157814802e-01
2.765952064539542454e-02 -4.573650981699781681e-01 9.056321832428348984e-01
2.597444392004338853e-02 -4.433053505575128561e-01 1.437986601529937403e+00
-2.149890130418775913e-02 -3.072247568111686755e-01 -6.467949890669943969e-01
-1.893941508762937015e-02 -2.778614743082951088e-01 -6.765299671492122080e-01
-1.464286638524411183e-02 -2.375317202427281726e-01 -6.938441601297222761e-01
-1.711015217149994966e-02 -2.399682360889884292e-01 -7.446967382751372710e-01
-1.802398432148197283e-02 -2.441117241922904357e-01 -7.931719934487024837e-01
-2.033987057259929732e-02 -2.552898767046001272e-01 -8.487602792806239194e-01
-2.005346239532151964e-02 -2.412833445885776973e-01 -9.021015857690013462e-01
1.636606105535481914e-02 -1.637648820151881290e-01 -9.846001643409239001e-01
2.579662741726140851e-02 -5.253389098014515923e-01 -2.988388732966407169e-01
-4.986426340928684642e-02 -4.172535957756609015e-01 -2.763110326635236369e-01
-8.239496709085321058e-01 1.703485522163878940e-01 1.055832574492345799e+00
-3.155074778323418982e-01 -2.108434798106046948e-01 4.173336486439382931e-01
-3.963054302550625962e-01 -2.022237052924906742e-01 4.089019598070104955e-01
-4.715410910123880583e-01 -1.799156198157323416e-01 4.243004140056090279e-01
-5.634892533027331396e-01 -1.236136740008166868e-01 5.194732780077551126e-01
-2.443086261800080372e-01 -2.054364657014877693e-01 4.484341205544088993e-01
-4.295199402064140415e-01 -2.743718127521419525e-01 7.966211787914003750e-01
-3.372441878223799705e-01 -2.735472085676322607e-01 7.789740787888534967e-01
-5.111460149075739423e-01 -2.450103192723909196e-01 7.777683463129347885e-01
-5.628744386141253386e-01 -2.073557896191582373e-01 7.317083561772492750e-01
-6.313084017309726903e-01 -7.347456803890517474e-02 4.538304720070795995e-01
-2.732729690209012574e-01 -3.214835094895625300e-02 -1.104448739973200144e+00
-5.569107139150890617e-01 -1.197022661324288473e-01 6.021112544140825307e-01
-8.500488914362991366e-01 2.636821769287420736e-01 5.731885283514897012e-01
-7.175671025185126339e-01 -4.821311563569925102e-03 5.597673678075585357e-01
-3.691635207517238726e-01 -2.209890701822314618e-01 -5.524188856510248158e-02
-1.113176762261502417e-01 -3.154888783380389583e-01 -5.847710494098734557e-01
-9.664241857859584561e-02 -2.667626456006608748e-01 -6.653703762272065170e-01
-1.914019576135754797e-01 -2.650544402105778907e-01 -6.020051009016285093e-01
-2.492816787229549247e-01 -2.018272412833918006e-01 -6.154416023679600833e-01
-1.627263088976511618e-01 -2.346079469807530460e-01 -6.567896110763515871e-01
-2.174935639785812169e-01 -1.785388780546943721e-01 -6.480614109651212651e-01
-3.571039229461745457e-01 -6.465191143591203504e-02 -7.466950843902195878e-01
-4.002351674702547824e-02 -5.640071913139275139e-01 -2.403500151698438891e-01
-5.184790928616789252e-02 -6.020758926844478331e-01 -1.291866029755782685e-01
-6.678679153905031640e-01 -1.961392544228206525e-01 8.313460120108304707e-01
-2.073292557844161887e-01 -2.714539056470055556e-01 2.226893476448781328e-01
-2.223350744033785187e-01 -3.751249812364387815e-01 -1.658269109005003905e-01
-2.285451952914674401e-01 -3.599992193584569122e-01 -9.848133678258230717e-02
-6.009797657137152527e-01 -1.217774792351432600e-01 -9.336803574737262412e-03
-4.680341146328254043e-02 -5.766195204990216538e-01 2.256643811255115706e-02
-4.879277059498319247e-01 -3.424784079707063889e-01 9.352939367813277727e-01
-5.943387153518289168e-01 -2.771150742681038892e-01 9.046245115032407469e-01
-7.452801282805978644e-01 -4.851783701599429732e-03 1.226390881537663624e+00
-1.413955835069884426e-01 -4.017165179466242186e-01 8.003986613627613877e-01
-2.555124592056317034e-01 -2.468209896364910172e-01 7.198246391888512008e-01
-4.270486166079201507e-01 -5.172281288082805628e-02 -6.219914025958477310e-01
-7.523017993730896080e-01 6.020470084644560238e-01 -4.537463867540831863e-01
-1.630253064405304819e-01 -3.381268502363776740e-01 -2.313313402780479144e-01
-1.013676242105940872e-01 -3.395043979580756321e-01 -2.684174371440457563e-01
-3.171496455897039324e-01 -6.437850161627911572e-02 -6.413563141953804170e-01
-2.986347166717857604e-01 -8.608335570664618630e-02 -6.499225726130504199e-01
-6.335123579638244351e-01 -2.495304774507296486e-01 9.850762249912090596e-01
-2.270961109181857118e-01 -3.256746586300902635e-01 -2.079380213767807462e-01
-3.413705046434518664e-01 -3.858960939364255438e-01 9.118761704140663227e-01
-3.534557127798372278e-01 -4.128218443422215778e-01 1.001698295359552127e+00
-4.280764107182841727e-01 -3.320165594711004253e-01 1.423918077198932153e+00
-6.881689467967593288e-01 -1.451880146978659081e-01 1.090638744202543364e+00
-3.814103390134606641e-01 -3.765330387524250533e-01 1.202525981582649450e+00
-7.107286685708968932e-01 -1.368756290077719484e-01 8.959041721043572437e-01
-7.663543996999928609e-01 8.990491868874822545e-03 9.550273353557949818e-01
-1.063721492862048090e-01 -2.990219271321837846e-01 -6.319120264255682073e-01
-1.776592122014410968e-01 -2.526847158184358788e-01 -6.321474547349081874e-01
-2.343872417337725667e-01 -1.962004309610727582e-01 -6.329481325982384554e-01
-1.451047347417346867e-01 -3.184746566195872930e-01 -2.503350597939730804e-01
-3.076497256011361259e-01 -7.543275069939189836e-02 -6.456694427827649463e-01
-2.688844042417231073e-01 -1.262041674906978495e-01 -6.956420489774246541e-01
-2.878356013550900094e-01 -8.963698808728629008e-02 -6.535809804434218329e-01
-1.270363257452767902e-01 -4.525663081961379675e-01 -2.139154898414346029e-01
-2.042913734909180823e-01 -1.634947686600358718e-01 -6.596338906308347738e-01
-1.492540272740553453e-01 -2.002684832057676223e-01 -6.710957353580915274e-01
-8.628644780968236505e-02 -2.294920916105190889e-01 -6.839976865465517974e-01
-8.854779793087372286e-02 -1.566479728959377926e-01 -9.748283966012540880e-01
-1.106135635740117529e-01 -2.357918933000864303e-01 -8.863960849472092285e-01
-1.071092852237263138e-01 -2.495141544031029834e-01 -8.323267843502071273e-01
-9.798669411333482682e-02 -2.368066429656227045e-01 -7.767410505165384116e-01
-8.794752822284807037e-02 -2.325304115278354899e-01 -7.315284262677481664e-01
-1.981561822521026306e-01 -1.683032197261444818e-01 -6.967792339031402271e-01
-2.136032121048949683e-01 -1.765327151865254685e-01 -7.173756654863834292e-01
-2.290779802548214006e-01 -1.850707907178428258e-01 -7.439604333996654439e-01
-2.397192017834451905e-01 -1.681568035121683291e-01 -7.729274174819655840e-01
-3.217116313717118814e-01 -1.931277299100461198e-01 -4.693351298988279741e-01
-8.414620759034194819e-01 6.392502580651537869e-01 1.306492591935154435e-01
3.004791017050639779e-02 -4.193875601410321785e-01 -3.096510278434405627e-01
-2.384880694239396304e-01 -1.250050165281180736e-01 -6.770563298603078373e-01
-2.537018465574458759e-01 -1.295663716968473711e-01 -6.860062475564969731e-01
-7.599427704257133431e-02 -3.399259027799614863e-01 -3.137522682325109002e-01
-1.995349350601107741e-01 -2.611676069871537997e-01 -2.676988144382690393e-01
-8.826261553130887449e-02 -3.411477923810783963e-01 -2.916308382487797779e-01
-2.893268967533839664e-01 -2.353774818328484564e-01 1.658468541816382480e-01
-4.182636690649568223e-01 -2.006664858215860825e-01 1.008235164828972241e-01
-2.414815044145368628e-01 -3.095158305772756080e-01 -1.409890674577339853e-01
-6.203446878741800674e-01 -1.811266588439730540e-01 1.353094180294348803e+00
-5.656974312483002976e-01 -2.701839848361551333e-01 1.178928609627740265e+00
-5.127618199005468114e-01 -3.403685514923271427e-01 1.026340358414283394e+00
-2.781852973045262356e-01 -1.025215746222668534e-01 -8.427401655111990131e-01
-1.636280484805461288e-01 -4.493999113181592620e-01 9.518744542431392119e-01
-1.902994777278061989e-01 -4.355032181011848635e-01 1.187684293669236446e+00
-2.202855439777484658e-01 -4.182329320337832002e-01 1.446810277365692343e+00
-5.319992759630602919e-01 -1.486437087508376553e-01 4.602425465832329365e-01
-7.194535415160840941e-01 -1.778987091682382449e-02 3.859086479768687461e-01
-1.969461200074120732e-01 -1.996525341185333424e-01 4.790446639019356745e-01
-6.349247060299685330e-01 -1.365725264037612741e-01 6.866673682749406815e-01
-1.524280853582449247e-01 -3.093105960871982418e-01 2.893634487865257565e-01
-1.762494511643566408e-01 -4.576122535266682334e-01 -1.382688593065511951e-01
-7.897149137176224798e-01 7.666624677165256863e-02 3.217953485962730120e-01
-6.701318643829949906e-01 -7.857358228263533473e-02 2.904846829493021865e-01
-5.722698232297096510e-01 -1.461223929668177268e-01 2.314054044733619975e-01
-4.205704277056856455e-01 -1.852457172817798536e-01 2.354533550798791897e-01
-3.078311999658722709e-01 -2.101943729643260816e-01 2.726890527767209527e-01
-2.234654750154980718e-01 -2.381036713351103451e-01 3.176981058646752842e-01
-4.659920014573704083e-02 -4.091279938465057775e-01 4.217630997631554024e-01
-7.748238219933298865e-01 8.484035344543183754e-02 7.917757449903839451e-02
-6.982188450135033975e-01 -1.012661028444700184e-01 7.115587078944081156e-01
-1.589866337333244173e-02 -5.206528125389606743e-01 -2.920771075473815870e-01
-2.014401146766855444e-01 -2.892685334267217634e-01 9.984226571990295618e-02
-8.715482226675144162e-01 5.137785120136078021e-01 6.265109830840165372e-01
-1.577415737176883770e-01 -2.578438445038671034e-01 3.701969598557672825e-01
-2.463146618548990308e-01 -2.324596858254150966e-01 -1.345146266178357530e-01
-5.884186150175185759e-01 -1.044092229185477061e-01 6.023108478406520305e-01
-1.804755892716074506e-01 -4.381550832401148732e-01 -5.664180265094886924e-02
-8.066897539600805800e-01 6.408648039508255678e-01 -1.513475771686304538e-01
-1.924847510302638565e-01 -1.866223659526813350e-01 5.240970013683265982e-01
-1.167960245818108200e-01 -5.237627144552892133e-01 -5.484939593956128512e-03
-6.025912008637019923e-01 2.294690097247893412e-01 -7.997937714022915756e-01
-5.949720463242762492e-01 3.837579075437718146e-01 -9.039663842834952945e-01
-8.361524204147308126e-01 3.642661476562083500e-01 9.934680581412691502e-02
-6.932318913195700816e-01 3.069410660614555475e-01 -6.269595932432849850e-01
-8.114000743734512966e-01 1.560320207796359604e-01 7.838742852735514077e-01
-2.895192072273193862e-01 2.676571798974132499e-02 -1.205915553504210092e+00
-2.640862083232817237e-03 -4.135272837127015322e-01 -3.031305245128379511e-01
-2.726506686204059893e-01 -2.481619759447175610e-01 2.492669761052315747e-02
-7.851301337086837862e-01 7.510014962974531638e-02 5.554043401596078233e-01
-4.587588558871473765e-01 -1.809732329160786968e-01 4.889224708807362596e-01
-3.923475375517950781e-01 -1.998916904406047301e-01 4.726015903050537759e-01
-2.814825734345937081e-01 -1.109519840012613834e-01 -7.066442080293509065e-01
-7.558631473416497215e-01 1.401639639249595559e-01 -1.456181384176168381e-01
-1.425472037803880987e-01 6.319490514581865837e-02 -1.352122001327638046e+00
-3.780776244030634725e-01 2.057028500105066993e-01 -1.184173735586037335e+00
-4.790608501401631969e-01 2.851695478233948755e-01 -1.071340925054713011e+00
2.665285047096258020e-02 -4.555919047643692821e-01 1.166980421991767436e+00
2.346296924518470606e-02 3.909527273634416655e-02 -1.376447509993848684e+00
-3.243078972155943873e-01 -2.051908286800725456e-01 4.809244471540816690e-01
-2.575814132130094247e-01 -1.987024265621593067e-01 5.022019098962209327e-01
-2.133136261399335432e-01 -1.859128960210858494e-01 5.142683249952786362e-01
-7.527201933227276598e-01 -2.596183866412016261e-02 7.508016502732894892e-01
-2.726462802611360203e-01 -2.238300236117307662e-01 6.325076762691583809e-01
-3.462479900673258726e-01 -2.389359412611296030e-01 6.802387365628210780e-01
-4.166061654007773285e-01 -2.351479169458059459e-01 6.918846393928772542e-01
-4.828739455038055794e-01 -2.133342903126984602e-01 6.749777139475980903e-01
-5.221643888342608619e-01 -1.847538136852988622e-01 6.444979229917029429e-01
-8.617619963326452748e-01 3.565146387198976363e-01 8.686061332956835912e-01
-5.022005019241548851e-01 -1.587459154694284003e-01 5.191367810408129557e-01
2.552958380753572731e-02 -3.337218174963387796e-01 -4.161436526189183915e-01
-2.355880641122560792e-01 -2.476785673394450438e-01 -4.273385860733507347e-01
-1.624267675338888495e-01 -3.695374774110091742e-01 -2.174698714150697931e-01
-8.622733149245243034e-02 -3.246045699536250773e-01 -4.153201984740415575e-01
2.868609582495576515e-02 -4.041943670500303121e-01 6.014825568850938886e-01
-4.997051843582553943e-01 1.715162339937172931e-01 -9.595396310241222082e-01
-3.992771267863339801e-01 1.051047388159306317e-01 -1.084056785684153201e+00
-1.518884488230834995e-01 -4.367958104821501042e-02 -1.295928712580446174e+00
-6.796199785480476763e-01 5.039010374319774499e-01 -7.086489936351760832e-01
-2.181140097578997405e-01 -2.025877354327758617e-01 5.655054162390014127e-01
-9.978124471511085058e-02 -4.107591303224977786e-01 2.341179659907179911e-01
1.725318859381133607e-02 -6.522064721933507059e-02 -1.318281944778730619e+00
-2.700592961807797288e-01 1.205834650427946020e-01 -1.283466583456069898e+00
-8.080546262744601194e-01 3.849279503367939448e-01 -1.537476859500357396e-01
-1.471861695278512960e-01 -2.048352256429734064e-01 -7.138223655861040129e-01
-1.632952722578033811e-01 -2.122880200829388997e-01 -7.479809699565223013e-01
-1.764962428947394191e-01 -2.217903918386776585e-01 -7.918842052068266746e-01
-1.842020971638004267e-01 -2.066276498509642678e-01 -8.404103401078102387e-01
-1.946556161422878795e-01 -1.390554453632958376e-01 -9.214002299666996798e-01
-2.625834656158914093e-01 -1.277101449161861524e-01 -6.413161132539049181e-01
-2.790097372061809411e-01 -1.285219569594792666e-01 -6.321364907341306960e-01
-2.926936496886026751e-01 -1.296564193352801597e-01 -6.223186465021541824e-01
-3.936513491128934561e-01 -1.212158910788073141e-01 -5.324819544710415187e-01
-6.591677061353902189e-01 -7.020625218154274982e-03 -2.363161833583773408e-01
-9.812573155144410642e-02 -3.543057213057747568e-01 3.638329965368902741e-01
-1.376122438114761870e-01 -2.494162690120074188e-01 6.137206998629136656e-01
-1.863517319480827439e-01 -2.206531847933823620e-01 6.076875886753678735e-01
-2.457996133389610538e-01 -1.209583986822007629e-01 -6.498142896447378636e-01
-6.643318236331001714e-01 1.422422865805611503e-01 -4.902674606083627928e-01
-7.324067004574474904e-02 -3.496633186215274414e-01 5.991039127004791354e-01
-2.368291436648695125e-01 -8.058189470445509262e-02 -1.010940067055543956e+00
2.647654073077804204e-02 -5.474513370225553288e-01 1.684588555356585360e-01
-4.505885826755218204e-02 -4.710125251739047947e-01 2.825944500144657034e-01
2.761270453624264931e-02 -4.926080299833826004e-01 2.994136053424010235e-01
-1.558560420180250539e-01 -3.848685512810345877e-01 5.502905791742968011e-02
1.504783330243211759e-02 -1.221531694227353526e-01 -1.217559142844052644e+00
1.572953632255227885e-02 -1.410223496690932166e-01 -1.095559850528642798e+00
-1.143068445565925129e-01 -1.216344835710161942e-01 -1.081146011063760515e+00
-4.216077754119811338e-01 -1.423723461421668585e-02 -7.798506125846529358e-01
-3.162089487293187062e-01 -2.016132234143013235e-01 -2.145348120917183188e-01
-3.351740794805986301e-01 -4.244308924811646122e-02 -9.123173999521427824e-01
-4.945246134910448177e-01 -1.709592933225509981e-01 -1.745943361007924466e-01
-3.913885816487070457e-01 -1.728693220657340213e-01 -3.168353044869003377e-01
-5.605107238843061168e-01 -8.502968244769104622e-02 -3.416941322523991964e-01
-1.412641511883624967e-01 -9.813819451780420033e-02 -1.197320652984842582e+00
-2.025326494883532558e-01 -3.202574601256968911e-01 1.088424196655335408e-03
-4.793018001323507971e-01 6.880751005523380592e-02 -8.492610541400651414e-01
-3.771717403260761436e-01 3.010184177155988960e-02 -9.821692463807760731e-01
-4.901565333933435298e-01 -1.955114710875717476e-02 -6.307245096920734984e-01
-7.329758354738231674e-01 1.928258024623041855e-01 -3.358776490424548733e-01
-5.746904609242646789e-01 5.549096548063631174e-02 -6.355990310786245878e-01
-7.669353666217419985e-01 3.813580872432633662e-01 -3.935655387027594543e-01
-4.584472502906191682e-01 -1.129922743000208452e-01 -4.463260463637190867e-01
-1.491562209712320453e-01 -3.467089714697948466e-01 1.691322557463346143e-01
-1.515417108508465560e-01 -4.692226558542462733e-01 -1.951498109670448677e-01
-1.974791297540168244e-01 -3.785642227732157750e-01 -2.070555556925874896e-01
-1.186729832420564401e-01 -5.332594942411787997e-01 -1.295856480000029398e-01
-2.024341613746107882e-01 -2.865178653972240141e-01 7.345396516223683392e-01
-3.351006687399804562e-01 -3.060061800731954662e-01 8.237104728497230965e-01
-4.494219086633606253e-01 -2.999994605630837974e-01 8.427710389878670938e-01
-5.423020325519170015e-01 -2.646627993208836571e-01 8.216471597059760157e-01
-6.048614453926992596e-01 -2.108804383131483995e-01 7.716871478435676224e-01
-6.436899444739259124e-01 -6.757465045397992309e-02 5.800334224502718961e-01
-8.548873445338394106e-01 3.162426483659066534e-01 3.402686388075268908e-01
-5.909737140571031944e-01 -1.080580513658071506e-01 3.931174834201787149e-01
-5.141578736369121216e-01 -1.510103860860712022e-01 3.438681523658559946e-01
-4.100722132246188423e-01 -1.842786488094088071e-01 3.310394605720121675e-01
-3.091843699888652264e-01 -2.044433633340383416e-01 3.509362806762394982e-01
-2.291132008145289056e-01 -2.110474551933809728e-01 3.865503241826724334e-01
-1.735694412739905435e-01 -2.212221531632034832e-01 4.202106908943208374e-01
-8.598931848372890485e-01 6.006345481178110290e-01 3.861838740198595410e-01
-1.970446370476763853e-01 -3.364633437445325725e-01 -2.308256396145753619e-01
-1.006480104779231555e-01 -4.576293996055036395e-01 1.180406530360348372e-01
-9.788739920400357786e-02 -5.283106279417917328e-01 -2.155633204374343137e-01
-5.806998243547523142e-02 -4.895481198979916293e-01 -2.671877622775191696e-01
-9.811234427822812521e-02 -4.885853425108610537e-01 -2.278062491434815762e-01
-1.762906275502855724e-01 -3.058856197393526877e-01 -2.610582860057011345e-01
-4.190063279568373433e-02 -5.090972098049828531e-01 -2.818090259598537983e-01
-3.040163401097850659e-02 -4.143298721730475087e-01 -2.942431662222548816e-01
-1.666658670398273312e-01 -1.961156276446414104e-01 5.180401043406295258e-01
-1.297022625810573260e-01 -2.382286932835948612e-01 4.823581872885922550e-01
-1.083826695959398956e-01 -2.891048124450126267e-01 4.545733650451055929e-01
-5.425288940615189404e-01 -1.558624486522335317e-01 6.208179738570769324e-01
-5.923558435480211770e-01 -1.569712407611123517e-01 6.772051992485486061e-01
9.345599883224964266e-02 -5.186831423095905613e-01 1.527543243546125584e-01
5.677201500949307089e-01 -1.521132529841213721e-01 5.107179567297435163e-01
1.064221878784041841e-01 -4.218092130076276369e-01 -2.832738275935486882e-01
8.352581579704168036e-01 1.463270809308223619e-01 9.679974737294392284e-01
3.464362636414062280e-01 -2.140687201949096341e-01 4.011002338616218577e-01
4.230279829620036125e-01 -2.083385969327928855e-01 3.879685189754407126e-01
4.958977811005844671e-01 -1.889214958844682712e-01 3.925518034163779646e-01
5.924367226758322502e-01 -1.353920673139810127e-01 4.707392091595739014e-01
2.830825948053272700e-01 -2.081276594272929437e-01 4.336384718048393871e-01
4.639815589069256063e-01 -2.842575455963647357e-01 7.582617954241355207e-01
3.735468435924884645e-01 -2.814522545295403688e-01 7.445164470835943238e-01
5.455606763122684555e-01 -2.590468844974891383e-01 7.358711581960644121e-01
5.959200800568602574e-01 -2.241729822210065670e-01 6.846578447301829851e-01
6.492369787214373744e-01 -8.858241138182332275e-02 3.958235442811317562e-01
3.032708557379450998e-01 -4.540528254799158780e-02 -1.119489286160113561e+00
5.952426062637394821e-01 -1.325082486873931931e-01 5.542213723003184267e-01
8.771148841758957815e-01 2.414515635835683405e-01 4.885321885520572671e-01
7.302398693736940061e-01 -2.360185974241529872e-02 4.885411900668201746e-01
4.075044490468879843e-01 -2.312592010789629171e-01 -9.094529228747083582e-02
7.035370543665556142e-02 -3.153813396999096685e-01 -5.917044566656586291e-01
6.480792111866010008e-02 -2.656642826571148364e-01 -6.706298351864230511e-01
1.637210772466799469e-01 -2.636826375367669062e-01 -6.159640656287870275e-01
2.320692245769994111e-01 -2.008879709748054854e-01 -6.359119799020032104e-01
1.403123433833476930e-01 -2.325415707141114119e-01 -6.681899686854579912e-01
2.051405267243606723e-01 -1.784012420503643392e-01 -6.661444457890075554e-01
3.896022769980791445e-01 -7.343353467115118494e-02 -7.636015673243021773e-01
9.178012701450133370e-02 -5.679500516000999255e-01 -2.464979406661367278e-01
1.017687455898784732e-01 -6.064350332585179970e-01 -1.364451534786280673e-01
6.884863899669042553e-01 -2.143465755502056425e-01 7.772608292021603305e-01
2.535536030219638359e-01 -2.738590968526253278e-01 2.015354920547429707e-01
2.704518043656101156e-01 -3.835412692597426343e-01 -1.857125754136732532e-01
2.750245673063369534e-01 -3.683463230807499933e-01 -1.190759062451476336e-01
6.291939161816335613e-01 -1.356250021646823178e-01 -6.647440272299465214e-02
9.784003454994205651e-02 -5.774464577352951267e-01 1.647666245776505112e-02
5.259625971056962612e-01 -3.599462998192435315e-01 8.941146103038342119e-01
6.243599069922147748e-01 -2.958912526676069632e-01 8.587206487995788784e-01
7.615827533545456163e-01 -2.835955825351121895e-02 1.144010749693422646e+00
1.964124436745890989e-01 -4.060865831281597060e-01 7.781007598421147975e-01
2.969010196905119692e-01 -2.507345173236790181e-01 6.891036943368191725e-01
4.530335351939944744e-01 -6.253603959775089205e-02 -6.425798778310285453e-01
8.027203070956971942e-01 5.781561498622966866e-01 -5.160079096204550630e-01
2.151924414617722991e-01 -3.467289328556617534e-01 -2.463897414223881199e-01
1.567514892751842304e-01 -3.498277797678381873e-01 -2.796079984820099007e-01
3.373113965541146841e-01 -6.292436729700537357e-02 -6.599486015772559888e-01
3.156872416911276069e-01 -8.683179269977428505e-02 -6.665407216263361523e-01
6.604147408194149804e-01 -2.690399747554135246e-01 9.288082774390185037e-01
2.732552438040505294e-01 -3.354019996566419692e-01 -2.279116060923573883e-01
3.892976834080181803e-01 -4.008934691299570474e-01 8.767609292596150183e-01
4.014945817685235951e-01 -4.286344915132076494e-01 9.600362840293339417e-01
4.629297599197048640e-01 -3.478224296822012285e-01 1.371014091663976586e+00
7.117980209951975112e-01 -1.648405502952101642e-01 1.021650405913136161e+00
4.225415972181068014e-01 -3.898558382680770151e-01 1.159087964737274490e+00
7.298062180061721804e-01 -1.552545680162241704e-01 8.264304826173525242e-01
7.878744691691084157e-01 -1.086009785273191197e-02 8.791571562182607380e-01
6.817763769317974898e-02 -2.982846584022407210e-01 -6.379375393407413775e-01
1.519318521770438024e-01 -2.509829569369873559e-01 -6.450350705868999057e-01
2.183991525801449729e-01 -1.960722707929968278e-01 -6.522024565604813695e-01
1.982298856046185165e-01 -3.280809694726358750e-01 -2.639138961953220175e-01
3.263866972270145217e-01 -7.593470373354599401e-02 -6.633741246044997375e-01
2.721243947519725870e-01 -1.272240430443589143e-01 -7.187755814176184366e-01
3.044806808034682399e-01 -8.944996406750316265e-02 -6.687332447118399248e-01
1.768918921484530227e-01 -4.553420525188855983e-01 -2.271423377185666226e-01
1.945506639684739802e-01 -1.629061967052556348e-01 -6.757460124996064188e-01
1.328638374619500739e-01 -1.976990075388722623e-01 -6.807737213743410010e-01
6.245960977895870236e-02 -2.265945804079885217e-01 -6.880443854798441450e-01
1.166467300811909191e-01 -1.606880566804073096e-01 -9.827892209326960504e-01
7.335359906950844611e-02 -2.359582850966003287e-01 -8.943304666050142515e-01
6.868311420860717664e-02 -2.480819453093678906e-01 -8.398487386259114729e-01
6.493275926354105665e-02 -2.345425310580736555e-01 -7.843076185810962109e-01
5.816054454825850262e-02 -2.293393992817646110e-01 -7.383773213105446764e-01
1.873390492843080013e-01 -1.664072448088979028e-01 -7.155319069345975613e-01
2.011677748875578819e-01 -1.769053070861750232e-01 -7.374578272754646058e-01
2.141920221183318818e-01 -1.861568540213042189e-01 -7.653009288031560331e-01
2.277682455100398240e-01 -1.693139387058361089e-01 -7.949705485374840563e-01
3.505867269888933713e-01 -2.020850689092256181e-01 -4.914191950025887934e-01
8.853233009322307723e-01 6.136242396871898208e-01 4.821177404717991166e-02
2.408322959494636484e-01 -1.226008645824995247e-01 -6.979528279309783478e-01
2.553934970646289937e-01 -1.297094264901802463e-01 -7.087082321483078040e-01
1.316646898226174756e-01 -3.455489938530384997e-01 -3.225378771366695929e-01
2.492591083616391145e-01 -2.733359950102203229e-01 -2.856687741871191122e-01
1.439158536701398150e-01 -3.495861980430614580e-01 -3.020765766283664000e-01
3.318815757619102413e-01 -2.393027488439907202e-01 1.371385972708609735e-01
4.554239991025124112e-01 -2.094759781839199420e-01 5.954480922021460065e-02
2.882644138703878145e-01 -3.187747501809625739e-01 -1.627476177002602498e-01
6.448750607047912808e-01 -2.036169075211446966e-01 1.280795942805326604e+00
5.968421169269335635e-01 -2.889900855503428900e-01 1.118963105957470283e+00
5.507751581020219334e-01 -3.585963145970709753e-01 9.774340361946869393e-01
3.040080267090796706e-01 -1.088764816083399589e-01 -8.605092790249964096e-01
2.214222401263734596e-01 -4.563214833802144987e-01 9.177994555491970630e-01
2.374616747418261120e-01 -4.432960924155930904e-01 1.163779102280587452e+00
2.633617896694666616e-01 -4.290118904104249786e-01 1.417166151329414703e+00
5.573743616624309283e-01 -1.598411166259690042e-01 4.183250448555972945e-01
7.280217666999888593e-01 -3.771246203274641884e-02 3.173084826962777605e-01
2.415299800456287560e-01 -1.992015515093377154e-01 4.650864996991108669e-01
6.610945846968672157e-01 -1.532628275038562249e-01 6.311326276259108248e-01
2.014637229385809469e-01 -3.101922674585013695e-01 2.732978410425117577e-01
2.244588366109212529e-01 -4.645097173871644003e-01 -1.560871993054777640e-01
8.182720598273842683e-01 5.587878810771068627e-02 2.445316363025713535e-01
6.782585132298946107e-01 -9.535041834815594086e-02 2.291073878842011524e-01
5.828385477196373898e-01 -1.597976033589461053e-01 1.807464813213819355e-01
4.396025011478510436e-01 -1.932457517797847579e-01 2.012377063166325142e-01
3.340507213811436671e-01 -2.149557242559585468e-01 2.509116777328737058e-01
2.556336482833614365e-01 -2.414745237755293594e-01 3.028857485509564018e-01
1.020718756726154419e-01 -4.096365250658746682e-01 4.146352909660997454e-01
8.063103923367762604e-01 6.636194944141488028e-02 5.591313995402552584e-03
7.145745747895029254e-01 -1.190906553523242151e-01 6.457129155988565739e-01
6.609006558765712080e-02 -5.215850924577019043e-01 -2.954394189987845643e-01
2.492119973686897083e-01 -2.920968587506425074e-01 7.996485881777004590e-02
8.997084537168920093e-01 4.909899648209834488e-01 5.371011034991362010e-01
1.976579970559066979e-01 -2.591485018632004866e-01 3.614352352271887892e-01
2.974218272060664692e-01 -2.418626991499412959e-01 -1.570771909372421504e-01
6.227321034473138894e-01 -1.175864014156431381e-01 5.493656297254942977e-01
2.269413703341387478e-01 -4.451318338280119136e-01 -7.420857145518910958e-02
8.563575374706982046e-01 6.141238090251803783e-01 -2.243717360117400972e-01
2.415539401169171096e-01 -1.842297287875047651e-01 5.086198847001284218e-01
1.637710127080711509e-01 -5.275280378066256048e-01 -1.777260253723231265e-02
6.353087678711606401e-01 2.069240639451557229e-01 -8.397003653730319428e-01
6.360112415656722362e-01 3.597082915067701947e-01 -9.394110695256152610e-01
8.804530738916218624e-01 3.418615206411064200e-01 2.050499334536876050e-02
7.301150696206155644e-01 2.837616795151420845e-01 -6.794950306646985183e-01
8.363142527354883171e-01 1.353017729515370027e-01 7.024600392251114656e-01
3.216860654890520976e-01 1.326739991470939073e-02 -1.217303097974868464e+00
6.327531743158254507e-02 -4.156177728953003303e-01 -3.061650892482155051e-01
3.164191455834650668e-01 -2.547997304080804604e-01 -1.769568695197565322e-03
7.897643892280417077e-01 5.568502026995014731e-02 4.713668145660925290e-01
4.929593209203861903e-01 -1.901746779747277571e-01 4.590122297108607530e-01
4.271288213765123132e-01 -2.063006577008463793e-01 4.502722667354335240e-01
2.895881798962446352e-01 -1.112887835268391856e-01 -7.297303418438181311e-01
7.900208027266515387e-01 1.211531280689591705e-01 -2.133897650990816963e-01
1.859580016885189480e-01 5.615546856608127912e-02 -1.355144895762144586e+00
4.201012991383272777e-01 1.890498877966115820e-01 -1.196809782565980029e+00
5.210804455782946931e-01 2.652513208864393235e-01 -1.092392532542688421e+00
3.618534400221475877e-01 -2.095206394605408917e-01 4.616242067309568320e-01
3.006487340559169663e-01 -1.995246606623375385e-01 4.842429503769463128e-01
2.612374534571249018e-01 -1.841652921197431958e-01 4.969887060927664635e-01
7.632714384407108810e-01 -4.369876763562446920e-02 6.713093548269251087e-01
3.125303186189190008e-01 -2.252360761413694235e-01 5.991101058218519793e-01
3.796658828803707308e-01 -2.444183907106087794e-01 6.398123484455728871e-01
4.490469168830424351e-01 -2.437701356133867847e-01 6.488318149026794934e-01
5.161399307242309220e-01 -2.249835510623658941e-01 6.295828666004441576e-01
5.560277093713494878e-01 -1.975316049024180565e-01 5.973621797430399560e-01
8.809281276698088803e-01 3.324914280864490479e-01 7.790396859286454756e-01
5.375784544793171804e-01 -1.694940257171935194e-01 4.821992578819445097e-01
2.764206158054428597e-01 -2.539233294570228949e-01 -4.447735652032598352e-01
2.143029141529120274e-01 -3.780245143358302862e-01 -2.331853304157043283e-01
1.332762521781056253e-01 -3.277643671160790362e-01 -4.240571280968277179e-01
5.322215680498403323e-01 1.502625498229612777e-01 -9.880584740983029413e-01
4.313934147308386979e-01 8.610168606600548946e-02 -1.103210764895279805e+00
1.835653274907746990e-01 -5.144275447947510571e-02 -1.301530284166281248e+00
7.266533392591121299e-01 4.802404473356465253e-01 -7.578209851297064148e-01
2.638937625041763990e-01 -2.003236383100133189e-01 5.437603184593067240e-01
1.515278606705345865e-01 -4.125703561751130621e-01 2.226011719184364246e-01
3.117600782437621731e-01 1.085108390169776671e-01 -1.289348984636482953e+00
8.529504671790890669e-01 3.621107040870161775e-01 -2.262039222976617303e-01
1.270154818666365260e-01 -2.011036825983658627e-01 -7.261209801796568719e-01
1.397402387795777523e-01 -2.103014042854354226e-01 -7.616576263821328574e-01
1.485999699613479996e-01 -2.203944380351280374e-01 -8.064718633466831932e-01
1.578238030370695544e-01 -2.058136315915661818e-01 -8.546977215159814456e-01
2.174949784269140096e-01 -1.420968864324021474e-01 -9.344572066953116263e-01
2.614477372002367295e-01 -1.292277689493686599e-01 -6.607276472566681047e-01
2.776449505018571129e-01 -1.289879566183070314e-01 -6.522053974727788361e-01
2.913416849314782731e-01 -1.302080755730979922e-01 -6.430312121721555307e-01
4.144123895835516436e-01 -1.322702253701270037e-01 -5.556087319307774219e-01
6.852093211845899923e-01 -2.427583763339959122e-02 -2.938746218674787025e-01
1.511593866221279114e-01 -3.551549151152233463e-01 3.517775385580974579e-01
1.896834224481811493e-01 -2.517381739729169787e-01 5.941333736681242428e-01
2.326393863600777490e-01 -2.190478229844949887e-01 5.858690119945864083e-01
2.461458737212616210e-01 -1.196508840320119615e-01 -6.679244437848881333e-01
6.947813989490430053e-01 1.231411698951873634e-01 -5.407001497620096409e-01
1.226431059507999688e-01 -3.499883905006142548e-01 5.871941297532692339e-01
2.626111038795504449e-01 -9.036154384401423600e-02 -1.025805647682256794e+00
9.844180451658490760e-02 -4.728734857649130596e-01 2.760772365588981536e-01
2.043266737132816147e-01 -3.899391985779225855e-01 3.849953654192292407e-02
1.432487301909944888e-01 -1.287856343717103669e-01 -1.088947102663813560e+00
4.552949250684577009e-01 -2.744809214495759486e-02 -8.052398366907316252e-01
3.580667859118280560e-01 -2.132383389298420084e-01 -2.437228450244606215e-01
3.602435003425101812e-01 -5.608752889871063130e-02 -9.355508463460049384e-01
5.228101892385244032e-01 -1.862623125925908507e-01 -2.203768664026154456e-01
4.223019754688437377e-01 -1.838063989132141529e-01 -3.503345153860872863e-01
5.836630633351316266e-01 -9.846285445525293500e-02 -3.848771226487641695e-01
1.703382308124408162e-01 -1.052120290644123490e-01 -1.205227314078890721e+00
2.497015123645554002e-01 -3.266740190623127482e-01 -1.819267191485837709e-02
5.102154998963865928e-01 5.004944612733627785e-02 -8.799982097233147726e-01
4.072264383861348147e-01 1.236068778304286880e-02 -1.005400629076842023e+00
5.200151772507881631e-01 -3.013855675644860899e-02 -6.579894893341162732e-01
7.674981849798530043e-01 1.716646086672898308e-01 -3.979064704918562345e-01
6.029098170752189567e-01 4.008174648065840340e-02 -6.702261173254613347e-01
8.106531274833645995e-01 3.602995916976996504e-01 -4.580619399959950933e-01
4.824039155504278309e-01 -1.233639750581747019e-01 -4.768710733071808150e-01
1.989744678043297021e-01 -3.482023467940207340e-01 1.531789218507357830e-01
1.994475588564297297e-01 -4.743713621003280423e-01 -2.103371714613118115e-01
2.460114021581751853e-01 -3.882284461621350324e-01 -2.253007910347535336e-01
1.684393567059776498e-01 -5.390599793818857677e-01 -1.427066289842464641e-01
2.522757757579139337e-01 -2.907066931925381681e-01 7.087309811297215489e-01
3.793758438103083108e-01 -3.173145190048094477e-01 7.910150087405445340e-01
4.899389447004818265e-01 -3.148042664046841743e-01 8.043865808891581537e-01
5.779354357589294722e-01 -2.812903481436475062e-01 7.779672068202718727e-01
6.351247559605708304e-01 -2.284151739463462505e-01 7.220778951619131192e-01
6.670610498059117432e-01 -8.338804723876203084e-02 5.180722071047729749e-01
8.896571482625761362e-01 2.960056833017352673e-01 2.568371141515117806e-01
6.101485850802390587e-01 -1.212946946127537728e-01 3.416641802286046747e-01
5.334745793942587966e-01 -1.623915495620260607e-01 3.026055001651752896e-01
4.332947438950762731e-01 -1.918864713831247570e-01 3.040424449924912231e-01
3.380492758437227963e-01 -2.086318948688110630e-01 3.334517112343304834e-01
2.653882117728649792e-01 -2.146073218592339238e-01 3.729262189699014129e-01
2.153232724901732453e-01 -2.227897787856258915e-01 4.098149756790383513e-01
8.953911969768668655e-01 5.787559293284267881e-01 2.990778680838226400e-01
2.451201947498413691e-01 -3.465728499492608528e-01 -2.482297574845797605e-01
1.525934542892157797e-01 -4.590970372951925782e-01 1.066810317778299488e-01
1.468521194172341948e-01 -5.335955416397535345e-01 -2.264177644916287591e-01
1.067864085405596519e-01 -4.947644693216353140e-01 -2.744149653830518787e-01
1.467756934556865289e-01 -4.934573146674017252e-01 -2.389523580766286237e-01
2.253760928757442272e-01 -3.168479166906750244e-01 -2.764399750440458270e-01
9.103345786867222955e-02 -5.131847215181997157e-01 -2.875460010678851930e-01
8.835655884349591371e-02 -4.184611683926915404e-01 -2.991221555356484707e-01
2.151120757566995501e-01 -1.956552017306876223e-01 5.038287712918747552e-01
1.761976796347413110e-01 -2.390079696052653802e-01 4.721345670096233071e-01
1.525821223235059865e-01 -2.907820544677650609e-01 4.470144690015469546e-01
5.780426820749280381e-01 -1.691409201843736554e-01 5.733635529069378567e-01
6.246628333958295087e-01 -1.738604617070964586e-01 6.263769258924409833e-01
-4.009687193074809031e-01 -1.904892326045937168e-01 5.962672518063838467e-01
-3.216951014355657890e-01 -1.978764892052131685e-01 5.941833724584073551e-01
-3.999865415474967989e-01 -2.007361440813903997e-01 7.056500169924468935e-01
-4.813128746458623652e-01 -1.830373912059419794e-01 5.993848234862579893e-01
-4.026644405815051897e-01 -1.802454318634820751e-01 4.883566879723844067e-01
4.342774401110078841e-01 -1.983598012459926174e-01 5.592176199901279787e-01
5.118824445484397856e-01 -2.053915451968930661e-01 5.549579919421165908e-01
4.331579455900698150e-01 -2.087813212793960815e-01 6.672758955739039877e-01
3.560558434217195867e-01 -1.913589794891041862e-01 5.644425669053569905e-01
4.356896400468812658e-01 -1.879584269294065635e-01 4.510713324869748408e-01
