-1.735439173019004411e-02 -1.815463708049191993e-01 -3.964592649897964449e-01
1.638879910489521308e-02 -3.464498116494105773e-01 -1.504547987838682488e-01
1.659041010160033913e-02 -2.209013508321007180e-01 -2.009884281032743303e-01
-2.440985671021000947e-02 -3.141141159375111513e-01 9.594393029670822415e-02
1.624096410739139795e-02 -3.712269853662828467e-01 -8.134842500272121413e-02
1.548130541765296853e-02 -3.644784296224745646e-01 1.674991358810551390e-02
1.711362555799578189e-02 -2.679270154840258655e-01 2.665345715131133275e-01
-3.213232812023676388e-01 -8.474494819718669802e-02 3.330815803710356349e-01
1.745370514928290540e-02 -2.564331980299918712e-01 4.563709365330694823e-01
1.673531915194953479e-02 -2.767275320843829434e-01 5.479503356240833511e-01
1.571576797621421218e-02 -2.682207193124979128e-01 8.700499557224610214e-01
-1.674322076275908122e-02 -1.700855172758068967e-01 -4.189649120846290486e-01
-1.509680350925393655e-02 -1.506910234987421937e-01 -4.369371853544921080e-01
-1.197367515481609357e-02 -1.268187777945031236e-01 -4.451757215023279812e-01
-9.353703011566322223e-03 -1.467723256758053374e-01 -4.118139467389738684e-01
-9.819219538394596825e-03 -1.493407372701978097e-01 -4.416269569570694387e-01
-1.126237299241744649e-02 -1.560197601886219587e-01 -4.786423585908590184e-01
-1.109115176170871742e-02 -1.474051992137295208e-01 -5.160455910539880620e-01
1.067956679284409738e-02 -1.001762065829558956e-01 -5.766409263249734352e-01
1.560818057574220319e-02 -3.184830463204209039e-01 -1.816887080095628271e-01
-3.026827517768926334e-02 -2.540812762957607163e-01 -1.688664799834600494e-01
-4.985285495211062567e-01 1.030689369119048848e-01 6.388286815120736151e-01
-1.908969574723951013e-01 -1.275702847845812116e-01 2.395528451937796177e-01
-2.397835429614811886e-01 -1.223549132158590069e-01 2.337017534462200175e-01
-2.853046787224240433e-01 -1.088574656313987532e-01 2.444330634147258152e-01
-3.409376689355188006e-01 -7.479212356824049834e-02 3.098084820999380540e-01
-1.478182822874556379e-01 -1.242987853274772903e-01 2.606623763889670542e-01
-2.598798935684829559e-01 -1.660079330937511699e-01 4.962522985555111177e-01
-2.040486958434364340e-01 -1.655090085325223725e-01 4.853228167726459930e-01
-3.092675322321412068e-01 -1.482428398204040931e-01 4.838461763648069791e-01
-3.405656769489233682e-01 -1.254600671417929192e-01 4.540729974316368711e-01
-3.819714637040831917e-01 -4.445558981942898669e-02 2.699946788490548144e-01
-1.634151126052239000e-01 -1.932168536076733778e-02 -6.608303534384720734e-01
-3.369573412350739261e-01 -7.242553816782315579e-02 3.674413033201942014e-01
-5.143198132508342013e-01 1.595401974660735078e-01 3.468061834513180841e-01
-4.341620604182860887e-01 -2.917122536635431695e-03 3.385193532256280946e-01
-2.233614030496919867e-01 -1.337088471635494713e-01 -3.342395725311764210e-02
-7.087510673460761801e-02 -1.818926003415617387e-01 -3.761042093744642045e-01
-6.207889410384659357e-02 -1.475605408863023271e-01 -4.287405051368802233e-01
-1.206919091166245295e-01 -1.554245564540801539e-01 -3.837713369187785162e-01
-1.599614180267598940e-01 -1.172811966995488397e-01 -3.815422094031504230e-01
-1.032572206078374855e-01 -1.330770433427823640e-01 -4.174135303882806625e-01
-1.397738071942153937e-01 -1.023722924216743380e-01 -3.982692087484513976e-01
-2.182613171220388892e-01 -3.739134156162937650e-02 -4.384191467387061891e-01
-2.421612274364792761e-02 -3.413201808963943762e-01 -1.454731005394362953e-01
-3.137043914785975218e-02 -3.642844121178407946e-01 -7.816401086406354892e-02
-4.040916998779575664e-01 -1.186735324546477344e-01 5.039221134532869684e-01
-1.254440129158926887e-01 -1.642424611867632223e-01 1.347375895366775822e-01
-1.345232434254932663e-01 -2.270001610956882132e-01 -1.003361288915924909e-01
-1.382806604959752050e-01 -2.178165669483291822e-01 -5.958587000463833050e-02
-3.636212034194166165e-01 -7.368113733345982297e-02 -5.649208831925101038e-03
-2.831827994831614959e-02 -3.488821020620864743e-01 1.365376539533791345e-02
-2.952193563596114956e-01 -2.072156467756967047e-01 5.658971004446726738e-01
-3.596030536208285611e-01 -1.676677361530831689e-01 5.473432788864194265e-01
-4.509297526983004900e-01 -2.935558594266085564e-03 7.420245180871702928e-01
-8.555102046063511878e-02 -2.430575071287721656e-01 4.842790740456628384e-01
-1.545971315601084584e-01 -1.493383810920940746e-01 4.465918932729913138e-01
-2.670511751312103499e-01 -2.642701252735812911e-02 -3.687911490514750312e-01
-4.551781960541845251e-01 3.642669298294762825e-01 -2.745380403993964435e-01
-9.870389399068413283e-02 -2.056306943213881411e-01 -1.404266433050835872e-01
-6.180231503648148106e-02 -2.072698570721893674e-01 -1.635444438913880028e-01
-2.023259340471796897e-01 -3.378181271543923003e-02 -3.730331444805798924e-01
-1.900959678170832667e-01 -4.754971883610303873e-02 -3.760597960551006480e-01
-3.833049615411052713e-01 -1.509777494633297579e-01 5.960177410728171310e-01
-1.374038958630707796e-01 -1.973877286815106658e-01 -1.259016342757091067e-01
-2.065453128241863112e-01 -2.334854018011291998e-01 5.517282433988022206e-01
-2.138574357554929861e-01 -2.497767552278107317e-01 6.060748684538310727e-01
-2.590064899040154245e-01 -2.008857332603879442e-01 8.615378326204456982e-01
-4.163747847532555113e-01 -8.784562083187141823e-02 6.598880616085267548e-01
-2.307713077560560322e-01 -2.278203102490943266e-01 7.275851359935714413e-01
-4.300244842079070651e-01 -8.281623405321880682e-02 5.420644284457445394e-01
-4.636806843800140854e-01 5.439670501410365233e-03 5.778367286536472136e-01
-6.807035828721663684e-02 -1.692734465953216194e-01 -4.080097844319237055e-01
-1.124485689020766621e-01 -1.458722948367379146e-01 -4.031674063631456306e-01
-1.504695159184672448e-01 -1.133424575579091709e-01 -3.915769659967827110e-01
-8.810108782464398658e-02 -1.940717232392801250e-01 -1.520153536601211997e-01
-1.961543486446601925e-01 -4.073163122603584707e-02 -3.745313626171355992e-01
-1.658187549992953258e-01 -7.440771205259544274e-02 -3.976455575490440708e-01
-1.828359536378281192e-01 -5.014306446080574187e-02 -3.776229573813285612e-01
-7.686298987224682300e-02 -2.743859136528481457e-01 -1.298049026226029135e-01
-1.312261124676914470e-01 -9.357099715904348969e-02 -4.033682131845237606e-01
-9.493523541258674925e-02 -1.119917144372180040e-01 -4.227343908005654072e-01
-5.539514408357848474e-02 -1.247599284510791939e-01 -4.380314874029185290e-01
-5.177207488809887348e-02 -9.555278877184925079e-02 -5.715375798433441901e-01
-6.505476263938891890e-02 -1.437104432007432209e-01 -5.071960815458051997e-01
-6.299822618345540803e-02 -1.521218225610523334e-01 -4.699779248453914704e-01
-5.749784798302037814e-02 -1.444861241593673462e-01 -4.341738506659549302e-01
-5.164909896262881439e-02 -1.418596982518751659e-01 -4.066760068735089106e-01
-1.193697060144747191e-01 -1.014022865043289201e-01 -3.925148327999234965e-01
-1.280992302531593907e-01 -1.065341318271757487e-01 -4.051839686717517708e-01
-1.367074090102633477e-01 -1.119149057005657255e-01 -4.224764140305889981e-01
-1.424476773555038989e-01 -1.017913450643641582e-01 -4.412788211113820580e-01
-2.002379624944219394e-01 -1.150973915160244943e-01 -2.885591494826682535e-01
-5.091243834281709013e-01 3.867766626847668476e-01 7.904899008942845029e-02
1.793877907843993702e-02 -2.553952240401127227e-01 -1.896672511066395117e-01
-1.474973102156003080e-01 -7.377543566994870794e-02 -3.854253769458040324e-01
-1.566537750483378844e-01 -7.649772296111256864e-02 -3.910332991386358259e-01
-4.693239026537399106e-02 -2.075473097468654160e-01 -1.920351129769968246e-01
-1.212927765447053829e-01 -1.589288723648372148e-01 -1.621639821916778246e-01
-5.410934176592263611e-02 -2.083434155585663916e-01 -1.780836154357925416e-01
-1.750564667582947820e-01 -1.424145172346173993e-01 1.003451995136641628e-01
-2.530693167537858557e-01 -1.214127217307163775e-01 6.100300256584478831e-02
-1.461077398079546619e-01 -1.872717272905362051e-01 -8.530506050193231715e-02
-3.753378978937291777e-01 -1.095902015635541460e-01 8.186860228049965826e-01
-3.422737211085529196e-01 -1.634740989891767526e-01 7.133075971299227547e-01
-3.102451707310649454e-01 -2.059390837439956101e-01 6.209844829431929725e-01
-1.647673066226378324e-01 -6.201530031759139305e-02 -4.917317692064564483e-01
-9.900271406144112163e-02 -2.719082170362643325e-01 5.759290982867639741e-01
-1.151401911498535213e-01 -2.635000598912302650e-01 7.186052003930676335e-01
-1.332831805110168411e-01 -2.530507193951017086e-01 8.753886972392734833e-01
-3.218847421829789113e-01 -8.993647929646320094e-02 2.692672535727016481e-01
-4.353034452994553050e-01 -1.076371690673383341e-02 2.334929975897965804e-01
-1.191617243233347168e-01 -1.207992329587019853e-01 2.815152789035986203e-01
-3.841594989694137041e-01 -8.263284412358284925e-02 4.226171032538319494e-01
-9.222620626346600403e-02 -1.871475507100210933e-01 1.750493035777567208e-01
-1.066392600727330553e-01 -2.768770727733684822e-01 -8.365920283536709690e-02
-4.778149010445282840e-01 4.638671099519875440e-02 1.947014168977654336e-01
-4.054614961740981016e-01 -4.754073477993525643e-02 1.757569822063684839e-01
-3.462503293372609647e-01 -8.841096241790413757e-02 1.400112283966246096e-01
-2.544650149133467210e-01 -1.120824268788798150e-01 1.415944275651708217e-01
-1.862524490189256809e-01 -1.271775444195020199e-01 1.613541447853652500e-01
-1.352071892991730806e-01 -1.440639909176200106e-01 1.870430038049111232e-01
-2.819472168959324954e-02 -2.475418008431011785e-01 2.551866319907114544e-01
-4.688050857363776913e-01 5.133242943998261865e-02 4.790617716656964120e-02
-4.224554488492842097e-01 -6.127078378668482372e-02 4.343337608294763896e-01
-9.619444032015256330e-03 -3.156327675789585285e-01 -1.775214139494818433e-01
-1.218808038049226106e-01 -1.750211541832511486e-01 6.040929344220291597e-02
-5.273279262373389287e-01 3.108603175808415386e-01 3.790687864182586964e-01
-9.544111821532075268e-02 -1.560077300130728872e-01 2.176569941204142822e-01
-1.490320288190711828e-01 -1.406491125469981895e-01 -8.138771734999483698e-02
-3.560211127124368602e-01 -6.317252318357891028e-02 3.674453404761006681e-01
-1.091962736562939185e-01 -2.651045638165472340e-01 -3.427097302686465952e-02
-4.880854828327265693e-01 3.877535393641782235e-01 -9.157244617484039395e-02
-1.164623849296995139e-01 -1.129153644833671422e-01 3.126676925978220112e-01
-7.066712298142951987e-02 -3.169012326234899035e-01 -3.318649555782648974e-03
-3.645961979565033317e-01 1.388396119534869300e-01 -4.839130869893413234e-01
-3.599862488355469736e-01 2.321916978303999457e-01 -5.469424484092275662e-01
-5.059117905445376095e-01 2.203982664959376336e-01 6.010952271658087653e-02
-4.194381058253782157e-01 1.857138788596159884e-01 -3.793402287342075851e-01
-4.909354496284752400e-01 9.440675777241036570e-02 4.742810443912404139e-01
-1.746263244536874204e-01 1.623237851136455356e-02 -7.287093028702127384e-01
-1.868503724418088541e-03 -2.519054546241186188e-01 -1.856072765775795830e-01
-1.649665594300357974e-01 -1.501497412792165420e-01 1.508183224075265727e-02
-4.750408921354534186e-01 4.543914362280165875e-02 3.360459138143570001e-01
-2.775708214716559041e-01 -1.094973716153271326e-01 2.879717611763812357e-01
-2.373888305437379387e-01 -1.209439338531383967e-01 2.765129088042304062e-01
-1.734478374565662229e-01 -6.511860312120854033e-02 -4.059695151935400759e-01
-4.573329801384460325e-01 8.480583082729786781e-02 -8.810586753267735105e-02
-8.624780523374386831e-02 3.823591094923717293e-02 -8.180978085156276336e-01
-2.287547804357865644e-01 1.244599649862365709e-01 -7.164811130948525175e-01
-2.898544889148162440e-01 1.725410679147181270e-01 -6.482119676329318736e-01
1.612623604939450450e-02 -2.756546661464138737e-01 7.060783780867261328e-01
1.419620692652567850e-02 2.365448894412303105e-02 -8.328158926169990650e-01
-1.962216277346851001e-01 -1.241501633031978358e-01 2.823563654685798952e-01
-1.558489466608858898e-01 -1.202243729172556286e-01 2.972952100593717617e-01
-1.290648402290992536e-01 -1.124861015946070353e-01 3.057670176518012539e-01
-4.554313441968513843e-01 -1.570814269179265921e-02 4.542989773442318580e-01
-1.649639042649706511e-01 -1.354277584544583135e-01 3.887825321379505539e-01
-2.094964223634292466e-01 -1.445675536152917218e-01 4.222943784207471296e-01
-2.520664485851291658e-01 -1.422756196123486916e-01 4.304709372214006180e-01
-2.921615920886377893e-01 -1.290773430316844994e-01 4.186006410317872906e-01
-3.159341699719142582e-01 -1.117848019205647248e-01 3.972008641044251220e-01
-5.214067961097814674e-01 2.157082367003582135e-01 5.255478229144223690e-01
-3.038550734742795356e-01 -9.604879251193931822e-02 3.091851362428075234e-01
1.317701117245917430e-02 -1.993802352724323157e-01 -2.589022363817807815e-01
-1.449372741318191160e-01 -1.499460212776710932e-01 -2.640330273304494213e-01
-9.827588223050653937e-02 -2.244724295474975762e-01 -1.320276205690045224e-01
-5.447549990388078633e-02 -1.946902297655865866e-01 -2.578957428270447494e-01
1.735644572473676872e-02 -2.445567231161893673e-01 3.639254158758680191e-01
-3.020972322326489490e-01 1.037926231084833617e-01 -5.804177577503129015e-01
-2.407941198606167177e-01 6.364788475266180967e-02 -6.549268491660136249e-01
-9.187897097598574092e-02 -2.642677969753215450e-02 -7.839480925913520082e-01
-4.112022543288755827e-01 3.048839779450940313e-01 -4.287661824380464282e-01
-1.319692995264380997e-01 -1.225751686807567964e-01 3.417404439379607695e-01
-6.037237583016996645e-02 -2.485287156149107446e-01 1.416524565037287076e-01
1.043899571536049953e-02 -3.946157854669785081e-02 -7.973972097581167873e-01
-1.633986564509966044e-01 7.295870670893300769e-02 -7.765580311521169676e-01
-4.889112951841276811e-01 2.328996350679837235e-01 -9.302462409586009784e-02
-8.705449303960866025e-02 -1.246232193903105134e-01 -3.999615616541039032e-01
-9.645500039561927252e-02 -1.291649146273368132e-01 -4.207500166943649589e-01
-1.042539486812916749e-01 -1.349100602295045803e-01 -4.473077294253471337e-01
-1.086937222948138881e-01 -1.256734789129669849e-01 -4.790255412678323665e-01
-1.147274292078623859e-01 -8.451773511206717160e-02 -5.373948752062780443e-01
-1.699822925131315721e-01 -7.143745224757935830e-02 -3.786208397006172177e-01
-1.808454983781344616e-01 -7.140732797535487286e-02 -3.733715900534146925e-01
-1.898133151876120195e-01 -7.173500055488357674e-02 -3.679688551322692902e-01
-2.479796422197821926e-01 -6.819990517812923869e-02 -3.207563501103054548e-01
-3.988276614862691360e-01 -4.247809060371920964e-03 -1.429824760875400003e-01
-5.937071200853649700e-02 -2.143717311457065122e-01 2.198580102413325577e-01
-8.326192087440720258e-02 -1.509086479522672164e-01 3.742510243502561451e-01
-1.127516181011216645e-01 -1.335056206053986116e-01 3.709979629574142734e-01
-1.587926488702882111e-01 -6.798647042068539648e-02 -3.834350389461347319e-01
-4.019521969968558039e-01 8.606331738775185869e-02 -2.966350186716875115e-01
-4.431407195490266737e-02 -2.115628577907129326e-01 3.628810601336880381e-01
-1.405667605320717328e-01 -4.875213695877489428e-02 -5.997679065363712425e-01
1.601956031161100302e-02 -3.312339704903433102e-01 1.019255750100933611e-01
-2.726274194688471653e-02 -2.849848713724254523e-01 1.709830178256916966e-01
1.670699319004409489e-02 -2.980511739258009385e-01 1.811594028718319649e-01
-9.430028229232956249e-02 -2.328636898596725402e-01 3.329518389170349479e-02
9.103438839636823765e-03 -7.393781824616318943e-02 -7.315368716690464623e-01
9.821411204936930650e-03 -8.574165277088452441e-02 -6.519134863377047395e-01
-6.788031490192070194e-02 -7.381995940810459622e-02 -6.435602750974123154e-01
-2.548413956679631553e-01 -7.936428301033721100e-03 -4.657003146902098933e-01
-1.913213805666060807e-01 -1.219855427846443519e-01 -1.298037155302660395e-01
-1.995777105932505791e-01 -2.548581632571633726e-02 -5.416984959942574562e-01
-2.992107976623543664e-01 -1.034384641883132616e-01 -1.056378371205042299e-01
-2.371294402402170931e-01 -1.045941219821111545e-01 -1.917372325915955855e-01
-3.391355176596562160e-01 -5.144698244754009053e-02 -2.067411228453197580e-01
-8.485057050954236679e-02 -5.935960815368646060e-02 -7.195046298322083089e-01
-1.225418390770909305e-01 -1.937709215827831954e-01 6.585481555250183305e-04
-2.889422568542672209e-01 4.170508877698730910e-02 -5.099983471723437134e-01
-2.260050284183918734e-01 1.836554860566996794e-02 -5.869820097802413983e-01
-2.998769644574217352e-01 -9.584241529861869946e-03 -3.785497706587603872e-01
-4.434850731718427141e-01 1.166687371884966851e-01 -2.032218752015042540e-01
-3.477166607815229682e-01 3.358069655986728463e-02 -3.843919217560252122e-01
-4.640321968656007101e-01 2.307396869938003192e-01 -2.381257788896675720e-01
-2.792151512471114927e-01 -6.665785934456702755e-02 -2.695634788399505766e-01
-9.024657344767916811e-02 -2.097753379307789601e-01 1.023330140104699026e-01
-9.168990773321894494e-02 -2.840925679926371572e-01 -1.181657223639667187e-01
-1.194842204480828229e-01 -2.294529637694404656e-01 -1.254550475012607968e-01
-7.180277180979977025e-02 -3.226472338890289393e-01 -7.840544900709556231e-02
-1.224822491067047991e-01 -1.733568698326699575e-01 4.524562483163432347e-01
-2.027517653430077615e-01 -1.851482226191940583e-01 5.077994822591751500e-01
-2.719215264712744329e-01 -1.815138730096430564e-01 5.186378014283210547e-01
-3.281183975622550264e-01 -1.601335204274665358e-01 5.054246918781775122e-01
-3.659698033502056802e-01 -1.275926464279146799e-01 4.750493008144047735e-01
-3.894628830982700407e-01 -4.088586042969133416e-02 3.516311041806261528e-01
-5.172473063851938946e-01 1.913417704417899046e-01 2.058786258725513463e-01
-3.575670685675831351e-01 -6.538023560598427153e-02 2.314865310295406431e-01
-3.110898493186251557e-01 -9.136843110223002995e-02 1.994537168912051683e-01
-2.481130982580044275e-01 -1.114973046804728085e-01 1.892544920061203229e-01
-1.870711809301530693e-01 -1.236979113903293737e-01 2.006078724370086164e-01
-1.386243307218757437e-01 -1.276936995455839607e-01 2.229116574710223730e-01
-1.050177272406691564e-01 -1.338498733991615453e-01 2.444182476830540907e-01
-5.202760767017853283e-01 3.634123304342917748e-01 2.336595223726165571e-01
-1.192474394299778417e-01 -2.042562880842586637e-01 -1.399255092619404728e-01
-6.089681014183478958e-02 -2.768874469626103618e-01 7.142017763003050135e-02
-5.922650965775155818e-02 -3.197864488317243570e-01 -1.305044778984956189e-01
-3.513508790209507460e-02 -2.970239301019415024e-01 -1.625723210803444729e-01
-5.936261207460358236e-02 -2.961224607712420465e-01 -1.382304415169550715e-01
-1.070534188981682178e-01 -1.862103527464409325e-01 -1.583539170899008752e-01
-2.535186679945722332e-02 -3.086961908002683330e-01 -1.713183920558591922e-01
-1.860021761896185621e-02 -2.523642437711028919e-01 -1.800242047431979131e-01
-1.008407380737534886e-01 -1.186592371355628117e-01 3.085571723876707750e-01
-7.847600682001454331e-02 -1.441396351139063725e-01 2.854821008409542671e-01
-6.557664499982229778e-02 -1.749220952401877582e-01 2.701504519305508722e-01
-3.282556595132177790e-01 -9.430415860926011362e-02 3.802788122929801062e-01
-3.584033223275948643e-01 -9.497503031572041010e-02 4.179874017405511566e-01
5.654530268883339872e-02 -3.138278510525127629e-01 9.242359331351845952e-02
3.434975617487072697e-01 -9.203571777569097279e-02 3.045073507405442470e-01
6.427930711993434798e-02 -2.567082391036716871e-01 -1.730682474765825596e-01
5.053707194391101609e-01 8.853480981631278723e-02 5.856842762634073551e-01
2.096103367869837086e-01 -1.295217078719543835e-01 2.230191257362870161e-01
2.559519521627411365e-01 -1.260547120841044588e-01 2.131473972047936982e-01
3.000416290599545732e-01 -1.143064469129413396e-01 2.167585909849281123e-01
3.584522580280360415e-01 -8.191860900954939240e-02 2.748338206718416998e-01
1.712783685286978219e-01 -1.259270849093274691e-01 2.469847817267032397e-01
2.807308039960236812e-01 -1.719892693692415264e-01 4.778844869878682289e-01
2.260135208367888282e-01 -1.702919354956975440e-01 4.703443618146891936e-01
3.300900312731620545e-01 -1.567356261506791526e-01 4.633382818759805843e-01
3.605598541154435566e-01 -1.356352646457521516e-01 4.305649113809089101e-01
3.928191013664399378e-01 -5.359655011598718488e-02 2.324208359703030524e-01
1.834491637734902980e-01 -2.757640897198188057e-02 -6.703857541053555025e-01
3.601499504048799594e-01 -8.017376224553585118e-02 3.371656699841176774e-01
5.306960199273191847e-01 1.460896241880798030e-01 2.955850969449143051e-01
4.418296841843911693e-01 -1.428024299723773538e-02 2.938501112842564211e-01
2.465594793948220342e-01 -1.399227624548728954e-01 -5.502620788623513448e-02
3.999719425650705151e-02 -1.806888822257386451e-01 -3.799537569194972875e-01
3.677381101854526602e-02 -1.471476409482597170e-01 -4.303631819529565306e-01
9.885823930224368894e-02 -1.551487442947006024e-01 -3.914998027483207466e-01
1.441701943619366766e-01 -1.194981040795375371e-01 -3.963307615791524796e-01
8.462161123901057458e-02 -1.338549413854779324e-01 -4.242285019813323288e-01
1.273720826927222660e-01 -1.055307986650535490e-01 -4.135361067977969540e-01
2.492308123580135870e-01 -4.333212666395847013e-02 -4.425927537381895149e-01
5.553132091787871261e-02 -3.437132581669803955e-01 -1.492005435794458990e-01
6.157490793043440824e-02 -3.669218984890090240e-01 -8.255577449107853738e-02
4.165668528961958827e-01 -1.296898235131678234e-01 4.727809594764771361e-01
1.534119308537502668e-01 -1.656977157070258500e-01 1.219385116329840812e-01
1.636361424807475373e-01 -2.321106881525851762e-01 -1.123754199788873365e-01
1.664028804947705886e-01 -2.228669597797123814e-01 -7.204656228161621101e-02
3.806920998653513522e-01 -8.205954561933648250e-02 -4.022016295237929029e-02
5.919785180021297499e-02 -3.493824382300587672e-01 9.969158037987480014e-03
3.182322657503249275e-01 -2.177845481223537050e-01 5.409816588541147553e-01
3.777672955057411741e-01 -1.790282127859974537e-01 5.196279397396494915e-01
4.607936124927221044e-01 -1.715887802263083017e-02 6.921806391614317988e-01
1.188388248823741833e-01 -2.457016034045329533e-01 4.707877882366702238e-01
1.796391696284560524e-01 -1.517062505752546642e-01 4.347224330020260652e-01
2.888983137200806794e-01 -3.504670875160753596e-02 -3.734051792336243736e-01
4.856837796006345798e-01 3.498118355575563498e-01 -3.122092086533045929e-01
1.301192759475262584e-01 -2.107121730483010325e-01 -1.495790031898436290e-01
9.435773470643793459e-02 -2.132461779839722738e-01 -1.703764366136932829e-01
2.204026906245482031e-01 -3.588207895239781120e-02 -3.791723422757460327e-01
2.063578932940441923e-01 -5.070097751223079374e-02 -3.821676997460139447e-01
3.995821764938956022e-01 -1.627819187428265479e-01 5.619729576315073416e-01
1.653323560314792218e-01 -2.032575521030866028e-01 -1.380228727677978995e-01
2.355435244331456346e-01 -2.425595236387056985e-01 5.304818485135349704e-01
2.429232252364901257e-01 -2.593441551996420458e-01 5.808673916175486340e-01
2.800944158257259176e-01 -2.104490328507262475e-01 8.295284173565917740e-01
4.306714930384654139e-01 -9.973633504861822985e-02 6.181468396983795799e-01
2.556576657664066943e-01 -2.358812345416847478e-01 7.013030798236599139e-01
4.415673045817509745e-01 -9.393636354471990302e-02 5.000295580250231353e-01
4.767013449820165505e-01 -6.570873410119970615e-03 5.319316911763714018e-01
3.866921836500059051e-02 -1.682512961874493840e-01 -4.106331478278972824e-01
9.166772444536053221e-02 -1.461044801718980324e-01 -4.102922048445938330e-01
1.355142671158762191e-01 -1.163681413973081114e-01 -4.064403298827707900e-01
1.196176547858205375e-01 -1.996521528077126462e-01 -1.602751358118919001e-01
2.134044228533849008e-01 -4.391270647028089336e-02 -3.806383633153753721e-01
1.748202248291916838e-01 -7.708167552707290149e-02 -4.074768015268031007e-01
1.989351413207147701e-01 -5.248591456488793661e-02 -3.835897962772643055e-01
1.070279672756879741e-01 -2.760801056887363103e-01 -1.378677544370248143e-01
1.208381837248708734e-01 -9.620711809775395196e-02 -4.180654135824850570e-01
8.056670421924971848e-02 -1.130643673951352568e-01 -4.300220464642672269e-01
3.580861391996337240e-02 -1.239660482628139881e-01 -4.389816918130859946e-01
7.082824386765396163e-02 -9.836709974728163886e-02 -5.756617446094818291e-01
4.486455379423448520e-02 -1.444062485290209530e-01 -5.106970734977842596e-01
4.207738396768645472e-02 -1.518863671714276720e-01 -4.725772152046232577e-01
4.002601182321197104e-02 -1.437568831374549383e-01 -4.358258582333895959e-01
3.618266837511219247e-02 -1.405161232371301416e-01 -4.074068718469145978e-01
1.178638760439474353e-01 -1.018313412224149950e-01 -3.982840900263919792e-01
1.258768177476681238e-01 -1.082432919718998576e-01 -4.118942082341838784e-01
1.331721757526675987e-01 -1.138870979903008340e-01 -4.301327836224082546e-01
1.410271007592975856e-01 -1.036546414819849993e-01 -4.503213779075885270e-01
2.152502174855932537e-01 -1.211396066964383067e-01 -2.987831715339792638e-01
5.356625005800612627e-01 3.712717086529497834e-01 2.917040522520952806e-02
1.548492230140809944e-01 -7.449477315439789749e-02 -3.941090385118144468e-01
1.640044181605087026e-01 -7.874739316301937464e-02 -4.005735670912891067e-01
7.863346943309745818e-02 -2.106476236915408862e-01 -1.974584397232859168e-01
1.502548239109171568e-01 -1.660321266857036626e-01 -1.731309341264171131e-01
8.632085423820479164e-02 -2.131451347228603410e-01 -1.844981498170263912e-01
2.008040617273714190e-01 -1.447894895644079583e-01 8.297534229902137071e-02
2.755530752737946898e-01 -1.267428815747866366e-01 3.602742716633589026e-02
1.744136143253700588e-01 -1.928738118876074381e-01 -9.847001176742153916e-02
3.901799345110532613e-01 -1.231978665062882783e-01 7.749421671534832967e-01
3.611177300630554754e-01 -1.748526800387377733e-01 6.770256291632641421e-01
3.332450395642432284e-01 -2.169677431663634692e-01 5.913938551360757856e-01
1.872580734375768330e-01 -6.656628170302303360e-02 -5.020281160291002465e-01
1.339709354822584686e-01 -2.760960957409155370e-01 5.553121112624310740e-01
1.436755525921400434e-01 -2.682151176984364227e-01 7.041414400750731772e-01
1.593463480098615825e-01 -2.595724993952446269e-01 8.574525978918572378e-01
3.372378700672733487e-01 -9.671144104895734728e-02 2.361087326808979370e-01
4.404876270810831329e-01 -2.281782674828569668e-02 1.919866506590048871e-01
1.461370698591806239e-01 -1.205263671345386811e-01 2.702196445274518410e-01
3.999935142176589409e-01 -9.273126327896896726e-02 3.914121968551818043e-01
1.218950879207794102e-01 -1.876810036203249155e-01 1.651598872965260867e-01
1.358082200815147189e-01 -2.810503648750035666e-01 -9.444014339221684651e-02
4.950933260882131037e-01 3.380931385974150771e-02 1.479532139669688107e-01
4.103785033714490993e-01 -5.769151616132361937e-02 1.386208076557524649e-01
3.526449078852955665e-01 -9.668511346286834396e-02 1.093601821362257809e-01
2.659803201589205912e-01 -1.169228264023258745e-01 1.210806209169961178e-01
2.021164974955222959e-01 -1.300583873119576239e-01 1.471908990014201279e-01
1.546704566881733633e-01 -1.461035161909522984e-01 1.764616698511458637e-01
6.175831597803571604e-02 -2.478494863002707049e-01 2.508739822362118232e-01
4.878559510949429523e-01 4.015211966437348678e-02 3.383007746418531525e-03
4.323514395019625312e-01 -7.205548171344666741e-02 3.966424618417008219e-01
3.998761706422970796e-02 -3.162098098269883195e-01 -1.796027915218409987e-01
1.507850539396144995e-01 -1.767324248725801183e-01 4.838252293463973785e-02
5.443661988829795462e-01 2.970721738855388594e-01 3.249715952866525370e-01
1.195924436317508111e-01 -1.567971094666180676e-01 2.105472091536926271e-01
1.799542828258711147e-01 -1.463383806653224539e-01 -9.503913518704010244e-02
3.767823973149937444e-01 -7.114533837547298845e-02 3.334704036871327659e-01
1.373102704856470346e-01 -2.693258281410049193e-01 -4.489969961169837376e-02
5.181368426981585174e-01 3.715739717477077875e-01 -1.357555200964242204e-01
1.461515668363717602e-01 -1.114677057517718950e-01 3.027627882393462144e-01
9.908921418577865126e-02 -3.191794314687541601e-01 -1.075326685470168186e-02
3.844064682294554558e-01 1.251988526748775143e-01 -5.080454889852532574e-01
3.848169043956701785e-01 2.176405418280609183e-01 -5.683881606242735529e-01
5.327157827062425355e-01 2.068423947750588354e-01 1.240648926419485321e-02
4.417541744268422832e-01 1.716892469201081184e-01 -4.111266549455017127e-01
5.060097067583324559e-01 8.186397515448451401e-02 4.250215601523237297e-01
1.946352954453836048e-01 8.027405098388618043e-03 -7.357183341983990488e-01
3.800889797717066365e-02 -2.531084457082259931e-01 -1.874425589981174589e-01
1.914485596122581512e-01 -1.541658969031987070e-01 -1.070673562625579223e-03
4.778448360700728870e-01 3.369207290855680270e-02 2.851992391918232173e-01
2.982637215697501176e-01 -1.150646813923046352e-01 2.653375632910703885e-01
2.584331535015937931e-01 -1.248216623904330191e-01 2.587439170184362425e-01
1.863465961833052909e-01 -6.719443677718683894e-02 -4.154489277584971774e-01
4.779999783731199159e-01 7.330337831062738729e-02 -1.291109079031409479e-01
1.125133926583146149e-01 3.397671415659964111e-02 -8.199268027260728786e-01
2.541811699256228962e-01 1.143841300967460839e-01 -7.241265650332699977e-01
3.152783329975950011e-01 1.604896038301273364e-01 -6.609491865634229413e-01
2.189384582125644130e-01 -1.267699037610192647e-01 2.673081093847722300e-01
1.819067142037753548e-01 -1.207218634652846845e-01 2.843722420894083669e-01
1.580610240537683175e-01 -1.114287185179039241e-01 2.939879396422613311e-01
4.618153468975378928e-01 -2.643982348570794727e-02 4.076266153451264529e-01
1.890956352354136172e-01 -1.362784867852049331e-01 3.710308183590251829e-01
2.297158292281338277e-01 -1.478846950237686642e-01 4.017375816068593508e-01
2.716946386953278392e-01 -1.474924700071831296e-01 4.085420739387686240e-01
3.122890876698214413e-01 -1.361256971600637300e-01 3.940202091903408643e-01
3.364230816923452494e-01 -1.195159703965833486e-01 3.697121436103047998e-01
5.330032127269657138e-01 2.011730512488298928e-01 4.713558710233449744e-01
3.252604092551703019e-01 -1.025519079340293516e-01 2.828304291872685283e-01
1.669367030151542863e-01 -1.534659325123226559e-01 -2.726001269434146224e-01
1.296634063012538363e-01 -2.295496274592299102e-01 -1.415837533435939655e-01
7.843393603317805329e-02 -1.979078560932281405e-01 -2.630044499827759452e-01
3.220199572871997873e-01 9.091595775104543975e-02 -5.978221883712127038e-01
2.610116850887491680e-01 5.209304988951068971e-02 -6.670273354654714382e-01
1.110657115202631218e-01 -3.112530131330082384e-02 -7.871625194453280017e-01
4.396596637098824090e-01 2.905682070181114796e-01 -4.585175646672574601e-01
1.596682167538348018e-01 -1.212052827587912773e-01 3.292735953489058787e-01
9.168152771858295580e-02 -2.496245929834444155e-01 1.346842450168486138e-01
1.886296033519538895e-01 6.565419505801273203e-02 -7.801171622880502809e-01
5.160754039106176805e-01 2.190941211165977620e-01 -1.368640795191931048e-01
7.901135321595154082e-02 -1.232614363839754645e-01 -4.015214435093721335e-01
8.626063654420823568e-02 -1.289322747202712449e-01 -4.234496631393600552e-01
9.098425256798559069e-02 -1.350701766173574292e-01 -4.517498496354726001e-01
9.619843656788296116e-02 -1.261517653881725209e-01 -4.851167039895063482e-01
1.319474032619876169e-01 -8.701265548155934226e-02 -5.447223245982346640e-01
1.669634697273938428e-01 -7.611922127979853236e-02 -3.945618752322870293e-01
1.777799994588802335e-01 -7.578742772221280788e-02 -3.889346765663637129e-01
1.866967667392334107e-01 -7.638240781099314702e-02 -3.839729032707328571e-01
2.597587999850397011e-01 -7.764086035289041732e-02 -3.310580143371284478e-01
4.144638233491253487e-01 -1.440996832957192053e-02 -1.774256148208279704e-01
9.145858347893565110e-02 -2.148855335938826272e-01 2.123833438787103844e-01
1.147674485469738492e-01 -1.523135103524326794e-01 3.647733813273861259e-01
1.407578398759317118e-01 -1.325343007271362339e-01 3.606016051152005630e-01
1.569733080484070342e-01 -7.065540130023295617e-02 -3.984619241537714629e-01
4.204351599980444831e-01 7.527650619758730066e-02 -3.256110591208773997e-01
7.420488395971824858e-02 -2.117595416636399719e-01 3.560750161369385935e-01
1.589098762473781790e-01 -5.508928147750569160e-02 -6.093129372897880813e-01
5.956195111259576791e-02 -2.861108406116974479e-01 1.670397952167901323e-01
1.236273086466983528e-01 -2.359316714746944044e-01 2.329404146854718860e-02
8.677437670075938136e-02 -7.833240674075026000e-02 -6.480271765680676310e-01
2.843200870338975506e-01 -1.590395793044513395e-02 -4.761921232731847198e-01
2.166473532485024833e-01 -1.290192879035512163e-01 -1.474638569625570383e-01
2.192717648773285788e-01 -3.428553114861088158e-02 -5.560550664408978605e-01
3.163204980609100048e-01 -1.126873150389782197e-01 -1.333244068961589868e-01
2.556349773704100770e-01 -1.106883163573604278e-01 -2.108495103725864794e-01
3.531515618447622629e-01 -5.807220514133826228e-02 -2.300757105937343283e-01
1.030703295692139143e-01 -6.368202096055530781e-02 -7.239807435506513400e-01
1.510812336815017254e-01 -1.976532434436082397e-01 -1.100743020263683647e-02
3.109659181423172214e-01 3.029900099155924398e-02 -5.294480476323304430e-01
2.466939339183751301e-01 7.372127370388753542e-03 -6.024183277783610180e-01
3.244881740781355717e-01 -1.578366438981304576e-02 -3.870086596362041220e-01
4.643715745664636074e-01 1.038678871952334326e-01 -2.407485724061899646e-01
3.680887713728608901e-01 2.587131314819768324e-02 -4.011856309324706160e-01
4.904835114059942214e-01 2.179983004624475029e-01 -2.771491543715631778e-01
2.955912158734461670e-01 -7.244367344051316771e-02 -2.823249776410818868e-01
1.203889707448384527e-01 -2.106789006853535540e-01 9.268049191136018550e-02
1.206752132233805952e-01 -2.872375182149085049e-01 -1.273900690002003344e-01
1.488485423488730142e-01 -2.353076529628488345e-01 -1.365399078789559795e-01
1.019137832633725260e-01 -3.261568019437461885e-01 -8.634426502788272728e-02
1.526387848777552847e-01 -1.758913089115630157e-01 4.396096725985181308e-01
2.295403418628154668e-01 -1.919903029113729787e-01 4.896607297965829275e-01
2.964362509983295979e-01 -1.904714812747405617e-01 4.968202609002148051e-01
3.496782930783304266e-01 -1.701939744689902057e-01 4.807841738112976770e-01
3.842805386460543815e-01 -1.382019914280956385e-01 4.472277674502329603e-01
4.036035080092705840e-01 -5.045371544538479469e-02 3.108962866401201453e-01
5.382846833416135013e-01 1.790974487357974709e-01 1.553986105000264573e-01
3.691687731084414281e-01 -7.338903127811846616e-02 1.974033579734042476e-01
3.227773705869054766e-01 -9.825457369061663115e-02 1.717372757636548286e-01
2.621638284665461782e-01 -1.161003974258179028e-01 1.696511996765446284e-01
2.045358122022236103e-01 -1.262321712175724642e-01 1.855875795785459914e-01
1.605724292956405286e-01 -1.298475873715956297e-01 2.092248863474504006e-01
1.302807713901987796e-01 -1.347983610985092895e-01 2.335196082921777716e-01
5.417540542138254978e-01 3.501747305229159224e-01 1.809562659395060891e-01
1.482675576157053143e-01 -2.102944233808843322e-01 -1.505021848550973651e-01
9.232626229383233962e-02 -2.777754372300940133e-01 6.454707656318081632e-02
8.885248295135395047e-02 -3.229898847305827658e-01 -1.370828878139156437e-01
6.461083150818236476e-02 -3.001343942141607712e-01 -1.669484781117289707e-01
8.880624162727634996e-02 -2.990737616943368593e-01 -1.450182278363651989e-01
1.359515718754527036e-01 -1.926345761800893897e-01 -1.677415278151728195e-01
5.507955074381953864e-02 -3.111622028932954365e-01 -1.748255930448401330e-01
5.324851602594327105e-02 -2.547492434327320865e-01 -1.829559295421154808e-01
1.301529873702280682e-01 -1.183806576650567877e-01 2.992870159123208751e-01
1.066079358469012028e-01 -1.446111341726901145e-01 2.781180792561182002e-01
9.231940591822107578e-02 -1.759369060500235449e-01 2.651031342450140826e-01
3.497431821756187276e-01 -1.023382623737241204e-01 3.516069906074532625e-01
3.779505803178331291e-01 -1.051938083770780352e-01 3.901039116473477009e-01
-2.426050535577974898e-01 -1.152550018316578218e-01 3.625709889068495784e-01
-1.946407626207076191e-01 -1.197246417236019767e-01 3.615412805567723709e-01
-2.420107895252421315e-01 -1.214548682749150288e-01 4.393860963441458267e-01
-2.912170703320455800e-01 -1.107462850800207121e-01 3.652008470525913708e-01
-2.436310451893000106e-01 -1.090570175307252754e-01 2.877749087165044628e-01
2.627584061894889800e-01 -1.200170683840680041e-01 3.406153869469035200e-01
3.097131070210483728e-01 -1.242716062960509404e-01 3.376122837173918256e-01
2.620810590171736010e-01 -1.263225812685249139e-01 4.216112672563632202e-01
2.154306378614343487e-01 -1.157812398630504447e-01 3.446573261641114883e-01
2.636128539919724290e-01 -1.137237446118088968e-01 2.595061310047563907e-01
