5.081911683082580566e-01 5.402622818946838379e-01 -4.525828734040260315e-02
4.994783401489257812e-01 4.759648442268371582e-01 -5.790660157799720764e-02
5.017364621162414551e-01 5.003635883331298828e-01 -4.291553050279617310e-02
4.924828112125396729e-01 4.270891845226287842e-01 -3.718323633074760437e-02
5.139465332031250000e-01 4.746381342411041260e-01 -6.627041101455688477e-02
5.092731118202209473e-01 4.403983950614929199e-01 -5.213123559951782227e-02
5.137231945991516113e-01 3.817133307456970215e-01 -3.440361469984054565e-02
4.272775948047637939e-01 3.731944859027862549e-01 1.248225849121809006e-02
5.020803213119506836e-01 3.427328765392303467e-01 -3.093980252742767334e-02
5.179272294044494629e-01 3.034468293190002441e-01 -1.092334091663360596e-02
5.266608595848083496e-01 2.493087947368621826e-01 4.781657829880714417e-03
5.183280706405639648e-01 5.429012775421142578e-01 -3.657133877277374268e-02
5.018760561943054199e-01 5.558717846870422363e-01 -3.221418336033821106e-02
5.142657756805419922e-01 5.541284084320068359e-01 -2.466467395424842834e-02
5.000283122062683105e-01 5.845453143119812012e-01 -1.570686511695384979e-02
5.099343061447143555e-01 5.952096581459045410e-01 -2.471042238175868988e-02
4.964181184768676758e-01 5.942091345787048340e-01 -3.492090851068496704e-02
5.038548111915588379e-01 6.108754277229309082e-01 -1.834968477487564087e-02
4.980853199958801270e-01 6.245665550231933594e-01 -4.890420474112033844e-03
5.032300353050231934e-01 4.895515739917755127e-01 -5.463713407516479492e-02
5.008556246757507324e-01 4.918545484542846680e-01 -3.509613126516342163e-02
3.856889903545379639e-01 3.190385699272155762e-01 6.342513114213943481e-02
4.533324837684631348e-01 4.004984498023986816e-01 -2.065834123641252518e-03
4.511202275753021240e-01 3.943865001201629639e-01 5.709865130484104156e-03
4.364880323410034180e-01 3.858714699745178223e-01 1.744372956454753876e-02
4.289189577102661133e-01 3.878389000892639160e-01 1.357060391455888748e-02
4.713693559169769287e-01 3.905456066131591797e-01 1.114855147898197174e-02
4.517993628978729248e-01 3.468474745750427246e-01 4.154249094426631927e-03
4.567748010158538818e-01 3.507123589515686035e-01 6.644856650382280350e-03
4.299181699752807617e-01 3.356682062149047852e-01 -1.407854259014129639e-03
4.210925698280334473e-01 3.608054220676422119e-01 4.657848738133907318e-03
4.000512957572937012e-01 3.989730477333068848e-01 3.091163374483585358e-02
4.509054720401763916e-01 6.455108523368835449e-01 -1.984522212296724319e-03
4.237500429153442383e-01 3.753957748413085938e-01 1.192067191004753113e-02
3.791800141334533691e-01 3.856845200061798096e-01 6.897876411676406860e-02
4.030951559543609619e-01 3.770440220832824707e-01 4.080372303724288940e-02
4.465098679065704346e-01 4.666333794593811035e-01 -1.520493160933256149e-02
5.001546144485473633e-01 5.271570682525634766e-01 -3.651653230190277100e-02
4.875218272209167480e-01 5.374934673309326172e-01 -3.704413771629333496e-02
4.723315238952636719e-01 5.289035439491271973e-01 -3.479252755641937256e-02
4.579277932643890381e-01 5.468248128890991211e-01 -2.710423246026039124e-02
4.842355251312255859e-01 5.470134019851684570e-01 -2.621596679091453552e-02
4.787298440933227539e-01 5.512250661849975586e-01 -2.568094991147518158e-02
4.429127573966979980e-01 5.776763558387756348e-01 -1.027860492467880249e-02
4.970821142196655273e-01 4.793445467948913574e-01 -6.893408298492431641e-02
4.933933019638061523e-01 4.683238565921783447e-01 -7.230694591999053955e-02
4.093408286571502686e-01 3.329480886459350586e-01 2.386940643191337585e-02
4.679292142391204834e-01 4.382986426353454590e-01 -3.986731171607971191e-03
4.621438980102539062e-01 4.784395694732666016e-01 -3.552571684122085571e-02
4.715786278247833252e-01 4.596469998359680176e-01 -2.807701379060745239e-02
4.140088558197021484e-01 4.637659490108489990e-01 1.094398181885480881e-02
5.074490308761596680e-01 4.312128424644470215e-01 -5.159066990017890930e-02
4.384098649024963379e-01 3.008767962455749512e-01 -2.529589459300041199e-03
4.159183800220489502e-01 3.157576620578765869e-01 1.454270211979746819e-03
4.036755561828613281e-01 2.828557491302490234e-01 5.145173892378807068e-02
4.943021833896636963e-01 3.396186828613281250e-01 -1.182397641241550446e-02
4.748210012912750244e-01 3.409444391727447510e-01 4.978291690349578857e-05
4.396358430385589600e-01 5.662170052528381348e-01 -3.976362291723489761e-03
3.685712516307830811e-01 5.523661375045776367e-01 7.868083566427230835e-02
4.757316708564758301e-01 4.794683158397674561e-01 -3.660524636507034302e-02
4.954444169998168945e-01 4.945423305034637451e-01 -7.304057478904724121e-03
4.513732194900512695e-01 5.609904527664184570e-01 -3.148022107779979706e-03
4.606713652610778809e-01 5.699273347854614258e-01 -9.230035357177257538e-03
4.180186688899993896e-01 2.948375344276428223e-01 1.660991460084915161e-02
4.752437770366668701e-01 4.828267395496368408e-01 -2.945643290877342224e-02
4.679653644561767578e-01 3.241162002086639404e-01 -1.431834511458873749e-02
4.591919183731079102e-01 2.999975979328155518e-01 -1.121869683265686035e-02
4.611920416355133057e-01 2.418638616800308228e-01 1.318905781954526901e-02
4.011924266815185547e-01 2.893460392951965332e-01 1.964793540537357330e-02
4.587612748146057129e-01 2.874318063259124756e-01 -3.935651853680610657e-03
4.050134122371673584e-01 3.288325071334838867e-01 2.044948935508728027e-02
3.900746107101440430e-01 3.265766799449920654e-01 4.040522873401641846e-02
4.909214377403259277e-01 5.375897884368896484e-01 -4.320254921913146973e-02
4.802994728088378906e-01 5.496196150779724121e-01 -2.973563969135284424e-02
4.670528471469879150e-01 5.475389957427978516e-01 -1.825171336531639099e-02
4.873848557472229004e-01 4.962254762649536133e-01 -2.871266566216945648e-02
4.656765460968017578e-01 5.730918049812316895e-01 -4.494869615882635117e-03
4.516654014587402344e-01 5.731021761894226074e-01 -1.140575204044580460e-02
4.604844152927398682e-01 5.641621947288513184e-01 -5.926112644374370575e-03
4.925363659858703613e-01 4.807936549186706543e-01 -4.448758438229560852e-02
4.903207719326019287e-01 5.553435087203979492e-01 -2.958388626575469971e-02
4.867517948150634766e-01 5.542955994606018066e-01 -1.703018322587013245e-02
4.935230612754821777e-01 5.397103428840637207e-01 -1.420785486698150635e-02
4.834906756877899170e-01 6.266157031059265137e-01 -1.369068864732980728e-02
4.817242026329040527e-01 6.033691763877868652e-01 -1.551481895148754120e-02
4.831484556198120117e-01 5.987780690193176270e-01 -2.509212307631969452e-02
4.846783578395843506e-01 5.898351073265075684e-01 -2.634034119546413422e-02
4.865708947181701660e-01 5.859426259994506836e-01 -1.481597218662500381e-02
4.777304530143737793e-01 5.820097327232360840e-01 3.680167719721794128e-05
4.738303422927856445e-01 5.715463757514953613e-01 -1.680174283683300018e-02
4.713396131992340088e-01 5.849035978317260742e-01 -1.931640878319740295e-02
4.585937857627868652e-01 5.882214307785034180e-01 -2.555441483855247498e-02
4.482979476451873779e-01 5.318688750267028809e-01 -2.385761030018329620e-02
3.681198358535766602e-01 4.564782381057739258e-01 1.027636677026748657e-01
5.012133121490478516e-01 5.030852556228637695e-01 -3.533814847469329834e-02
4.689388573169708252e-01 5.680807828903198242e-01 -8.084790781140327454e-03
4.638832807540893555e-01 5.776184201240539551e-01 -7.746697869151830673e-03
4.887580871582031250e-01 4.962509572505950928e-01 -3.843948245048522949e-02
4.673636555671691895e-01 4.974589347839355469e-01 -2.191925793886184692e-02
4.963934719562530518e-01 4.946089088916778564e-01 -4.263413697481155396e-02
4.615614116191864014e-01 4.399896264076232910e-01 -1.505694538354873657e-02
4.403162300586700439e-01 4.406598210334777832e-01 -2.495204098522663116e-03
4.597362577915191650e-01 4.861752092838287354e-01 -2.880885452032089233e-02
4.243626296520233154e-01 2.609112560749053955e-01 2.915261313319206238e-02
4.346587955951690674e-01 2.810637652873992920e-01 1.081297360360622406e-02
4.341052770614624023e-01 3.014232516288757324e-01 1.221945788711309433e-02
4.714881777763366699e-01 5.958720445632934570e-01 5.473696626722812653e-03
4.879387617111206055e-01 3.094404041767120361e-01 -1.329193823039531708e-02
4.713497459888458252e-01 2.772617638111114502e-01 -9.587542153894901276e-03
4.832735657691955566e-01 2.576159238815307617e-01 3.111632773652672768e-03
4.282671511173248291e-01 3.923664093017578125e-01 1.824260689318180084e-02
3.961790800094604492e-01 4.091874063014984131e-01 3.009044751524925232e-02
4.703278839588165283e-01 3.880771696567535400e-01 9.566443040966987610e-03
4.065466821193695068e-01 3.565900921821594238e-01 1.372137106955051422e-02
4.802396297454833984e-01 4.210545420646667480e-01 -1.312580425292253494e-03
4.842106699943542480e-01 4.722701907157897949e-01 -3.936444595456123352e-02
3.896987438201904297e-01 4.174307286739349365e-01 4.300818592309951782e-02
3.978598713874816895e-01 4.261263310909271240e-01 1.080711558461189270e-02
4.164231419563293457e-01 4.378086328506469727e-01 2.353761577978730202e-03
4.379024207592010498e-01 4.197582006454467773e-01 3.693135222420096397e-04
4.568891525268554688e-01 4.247736632823944092e-01 -1.084348000586032867e-02
4.783062934875488281e-01 4.082372188568115234e-01 3.400461282581090927e-03
5.000373721122741699e-01 4.001115560531616211e-01 -1.046725176274776459e-02
3.831511139869689941e-01 4.499275386333465576e-01 3.063961118459701538e-02
3.925622105598449707e-01 3.557021319866180420e-01 1.945558190345764160e-02
5.133360624313354492e-01 4.862992167472839355e-01 -4.677666351199150085e-02
4.643794894218444824e-01 4.365525841712951660e-01 -1.600839942693710327e-02
3.708936274051666260e-01 3.856104910373687744e-01 1.052407249808311462e-01
4.838730990886688232e-01 3.939128220081329346e-01 -6.606321781873703003e-03
4.692696630954742432e-01 4.753286242485046387e-01 -1.380958221852779388e-02
4.091135561466217041e-01 3.719184100627899170e-01 1.157556474208831787e-02
4.757620096206665039e-01 4.597496390342712402e-01 -3.201474249362945557e-02
3.673265278339385986e-01 5.006094574928283691e-01 9.627927839756011963e-02
4.759715795516967773e-01 3.808883130550384521e-01 1.020857132971286774e-02
4.819728732109069824e-01 4.456311762332916260e-01 -4.556026682257652283e-02
4.007886350154876709e-01 5.856590867042541504e-01 2.483020350337028503e-02
4.014552831649780273e-01 6.096413731575012207e-01 3.757966309785842896e-02
3.729113638401031494e-01 4.522597789764404297e-01 7.312837988138198853e-02
3.905736505985260010e-01 5.616106390953063965e-01 4.565451294183731079e-02
3.870624601840972900e-01 3.574414551258087158e-01 6.694293022155761719e-02
4.431836903095245361e-01 6.537507176399230957e-01 -6.137031130492687225e-03
5.042393207550048828e-01 4.843333363533020020e-01 -4.508556425571441650e-02
4.666046798229217529e-01 4.601574242115020752e-01 -1.352543011307716370e-02
3.785374164581298828e-01 3.841105401515960693e-01 3.841435164213180542e-02
4.445748329162597656e-01 3.859653174877166748e-01 2.305652014911174774e-03
4.549018144607543945e-01 3.818985223770141602e-01 7.359308656305074692e-03
4.643295109272003174e-01 5.710989236831665039e-01 -1.020699832588434219e-02
3.948099911212921143e-01 4.936463534832000732e-01 3.450458124279975891e-02
4.622436165809631348e-01 6.900786757469177246e-01 5.770447663962841034e-03
4.346467554569244385e-01 6.541655063629150391e-01 2.042515762150287628e-02
4.214572012424468994e-01 6.322142481803894043e-01 3.927847743034362793e-02
5.170108675956726074e-01 2.871606647968292236e-01 -4.305353388190269470e-03
4.842148423194885254e-01 6.983925700187683105e-01 1.242315745912492275e-03
4.538936614990234375e-01 3.875068128108978271e-01 1.010789535939693451e-02
4.705796837806701660e-01 3.777547776699066162e-01 7.302905898541212082e-03
4.774010479450225830e-01 3.811953067779541016e-01 4.544422961771488190e-03
3.894321620464324951e-01 3.559743463993072510e-01 3.472582623362541199e-02
4.731383919715881348e-01 3.700369894504547119e-01 1.576073467731475830e-02
4.483188986778259277e-01 3.658363819122314453e-01 7.343815639615058899e-03
4.450301229953765869e-01 3.629955053329467773e-01 2.282394096255302429e-03
4.342233538627624512e-01 3.663994967937469482e-01 1.538113411515951157e-02
4.282146394252777100e-01 3.696803450584411621e-01 8.044850081205368042e-03
3.810469210147857666e-01 3.484381139278411865e-01 8.043006062507629395e-02
4.198837578296661377e-01 3.759822845458984375e-01 3.084987401962280273e-02
5.096016526222229004e-01 5.169557929039001465e-01 -3.846287354826927185e-02
4.764084517955780029e-01 5.139892101287841797e-01 -3.259013965725898743e-02
4.761013090610504150e-01 4.845773279666900635e-01 -3.508228436112403870e-02
4.853294789791107178e-01 5.133769512176513672e-01 -3.790372610092163086e-02
5.134001970291137695e-01 3.699444234371185303e-01 -2.014132030308246613e-02
4.140583276748657227e-01 6.169711351394653320e-01 8.085796609520912170e-03
4.343579113483428955e-01 6.352411508560180664e-01 2.293980494141578674e-02
4.535068571567535400e-01 6.689227223396301270e-01 -1.585144735872745514e-02
3.803921937942504883e-01 5.843937397003173828e-01 8.554536104202270508e-02
4.791391789913177490e-01 3.768319189548492432e-01 1.084333192557096481e-02
4.775691628456115723e-01 4.244362115859985352e-01 -2.134455740451812744e-02
4.962096512317657471e-01 6.838178038597106934e-01 4.367331508547067642e-03
4.437403082847595215e-01 6.731085777282714844e-01 2.073729597032070160e-02
3.712637424468994141e-01 5.028430819511413574e-01 5.956391245126724243e-02
4.822638630867004395e-01 5.803269743919372559e-01 -1.318474672734737396e-02
4.848775565624237061e-01 5.854362249374389648e-01 -1.966623403131961823e-02
4.776903688907623291e-01 5.857127904891967773e-01 -1.971667632460594177e-02
4.693297147750854492e-01 6.087873578071594238e-01 -1.982769183814525604e-02
4.618073999881744385e-01 6.110570430755615234e-01 -1.682793349027633667e-02
4.674373269081115723e-01 5.507054924964904785e-01 -2.394376136362552643e-02
4.622278511524200439e-01 5.617876052856445312e-01 -1.279817707836627960e-02
4.601939916610717773e-01 5.512155890464782715e-01 -6.838889792561531067e-03
4.536629319190979004e-01 5.285868644714355469e-01 -1.479050423949956894e-02
4.048554897308349609e-01 5.031836628913879395e-01 2.543885447084903717e-02
4.925292730331420898e-01 3.929772973060607910e-01 -2.237188071012496948e-02
4.937602877616882324e-01 3.657556176185607910e-01 2.833661157637834549e-03
4.783331751823425293e-01 3.845384716987609863e-01 2.644372172653675079e-03
4.672181010246276855e-01 5.555801987648010254e-01 4.007692448794841766e-03
3.950415551662445068e-01 5.435686707496643066e-01 3.609955683350563049e-02
4.996740520000457764e-01 3.582982122898101807e-01 -1.101775281131267548e-02
4.523016214370727539e-01 6.198503971099853516e-01 -9.974445216357707977e-03
5.155206918716430664e-01 4.198896288871765137e-01 -5.100223422050476074e-02
4.947796165943145752e-01 4.090473055839538574e-01 -3.814968839287757874e-02
5.055540800094604492e-01 4.055608212947845459e-01 -3.652701899409294128e-02
4.790688455104827881e-01 4.506579339504241943e-01 -2.557756751775741577e-02
4.942527413368225098e-01 6.674726605415344238e-01 -1.123679429292678833e-02
5.022357106208801270e-01 6.417924165725708008e-01 -1.264894194900989532e-02
4.726292788982391357e-01 6.396810412406921387e-01 -1.268130354583263397e-02
4.277571737766265869e-01 5.953957438468933105e-01 -4.710899665951728821e-03
4.488568007946014404e-01 4.900180101394653320e-01 -1.746178232133388519e-02
4.442322850227355957e-01 6.100112795829772949e-01 -6.477790884673595428e-05
4.291321933269500732e-01 4.910321831703186035e-01 -8.867766708135604858e-03
4.426473677158355713e-01 5.134400725364685059e-01 2.966254251077771187e-03
4.109517931938171387e-01 5.232120752334594727e-01 -2.023374428972601891e-03
4.690484106540679932e-01 6.655549407005310059e-01 -7.193929515779018402e-03
4.704686105251312256e-01 4.438131749629974365e-01 -2.058572322130203247e-02
4.265595972537994385e-01 5.916238427162170410e-01 1.520930090919137001e-04
4.342390298843383789e-01 6.286679506301879883e-01 2.936203964054584503e-03
4.259626269340515137e-01 5.566443204879760742e-01 -5.899367388337850571e-03
3.906133472919464111e-01 5.186597704887390137e-01 5.201204493641853333e-02
4.123643040657043457e-01 5.623875856399536133e-01 2.196060493588447571e-02
3.760235011577606201e-01 5.341895818710327148e-01 5.476516112685203552e-02
4.354135692119598389e-01 5.286140441894531250e-01 -8.892254903912544250e-03
4.830265045166015625e-01 4.281154572963714600e-01 -1.557065546512603760e-02
4.766527414321899414e-01 4.769116938114166260e-01 -4.979809746146202087e-02
4.790912270545959473e-01 4.820529520511627197e-01 -3.910356014966964722e-02
5.022696852684020996e-01 4.665608406066894531e-01 -4.292313382029533386e-02
4.749247431755065918e-01 3.559998273849487305e-01 -1.031006220728158951e-02
4.699344336986541748e-01 3.354502022266387939e-01 -1.160031370818614960e-02
4.485738873481750488e-01 3.266115188598632812e-01 -5.356863606721162796e-03
4.400559961795806885e-01 3.348843753337860107e-01 -2.390787238255143166e-03
4.201210737228393555e-01 3.417157232761383057e-01 1.229284889996051788e-02
3.995139002799987793e-01 3.797791004180908203e-01 1.615836098790168762e-02
3.660283386707305908e-01 4.210236072540283203e-01 6.990145146846771240e-02
4.133256077766418457e-01 4.115174412727355957e-01 1.506098918616771698e-02
4.310006499290466309e-01 4.024716019630432129e-01 2.831931225955486298e-03
4.463326632976531982e-01 4.116905331611633301e-01 5.685406737029552460e-03
4.605949521064758301e-01 4.014300704002380371e-01 3.075771965086460114e-03
4.669416844844818115e-01 3.999105095863342285e-01 -4.544154740869998932e-03
4.804929494857788086e-01 3.963479995727539062e-01 -8.359433151781558990e-03
3.602619469165802002e-01 4.194481074810028076e-01 1.039318591356277466e-01
4.728806018829345703e-01 4.852476119995117188e-01 -2.800133638083934784e-02
4.921846985816955566e-01 4.349668323993682861e-01 -3.846200928092002869e-02
4.875155091285705566e-01 4.811605811119079590e-01 -5.273927375674247742e-02
4.946134090423583984e-01 4.951293170452117920e-01 -5.489674583077430725e-02
4.829897880554199219e-01 4.808258116245269775e-01 -5.404066294431686401e-02
4.708816707134246826e-01 4.870871305465698242e-01 -3.107348829507827759e-02
4.949199259281158447e-01 4.815526306629180908e-01 -5.926257371902465820e-02
4.914558827877044678e-01 4.912813007831573486e-01 -4.620203375816345215e-02
4.826023876667022705e-01 3.852802217006683350e-01 7.836726494133472443e-03
4.830828607082366943e-01 3.791611790657043457e-01 1.070788130164146423e-06
4.967169165611267090e-01 3.901023268699645996e-01 -5.214501172304153442e-03
4.330718517303466797e-01 3.654384016990661621e-01 1.460304297506809235e-02
4.333379268646240234e-01 3.481055200099945068e-01 1.524707488715648651e-02
5.165712833404541016e-01 4.229439496994018555e-01 -4.114016145467758179e-02
5.926831960678100586e-01 3.920496404170989990e-01 2.390443161129951477e-02
5.042974948883056641e-01 4.921288788318634033e-01 -3.857424110174179077e-02
6.248757839202880859e-01 3.425361514091491699e-01 9.241458028554916382e-02
5.609186887741088867e-01 4.074721932411193848e-01 1.225528866052627563e-02
5.648711323738098145e-01 4.083398282527923584e-01 6.162574514746665955e-03
5.894723534584045410e-01 4.013430178165435791e-01 3.725681919604539871e-03
5.978913903236389160e-01 3.998670279979705811e-01 2.849982492625713348e-02
5.465499162673950195e-01 3.942095935344696045e-01 1.821644045412540436e-02
5.780448913574218750e-01 3.489625155925750732e-01 1.174101512879133224e-02
5.645908713340759277e-01 3.566888868808746338e-01 1.289570238441228867e-03
5.949623584747314453e-01 3.534232676029205322e-01 2.233068458735942841e-02
5.992948412895202637e-01 3.585260212421417236e-01 2.827394194900989532e-02
6.122647523880004883e-01 4.057009220123291016e-01 2.072707563638687134e-02
5.447735786437988281e-01 6.494461297988891602e-01 -1.737294346094131470e-02
5.890459418296813965e-01 3.952718377113342285e-01 2.525307424366474152e-02
6.311648488044738770e-01 4.110062122344970703e-01 7.768002897500991821e-02
6.066915392875671387e-01 3.940515220165252686e-01 4.398490116000175476e-02
5.631600022315979004e-01 4.769219458103179932e-01 -4.488329868763685226e-03
5.285311341285705566e-01 5.349795222282409668e-01 -3.321702778339385986e-02
5.142435431480407715e-01 5.513088703155517578e-01 -2.941552735865116119e-02
5.323477387428283691e-01 5.338739752769470215e-01 -2.140178531408309937e-02
5.372305512428283691e-01 5.566446781158447266e-01 -1.481808722019195557e-02
5.247207283973693848e-01 5.544399023056030273e-01 -2.729450538754463196e-02
5.437198281288146973e-01 5.572294592857360840e-01 -2.021268196403980255e-02
5.316306352615356445e-01 5.899932384490966797e-01 -7.838881574571132660e-03
5.164868235588073730e-01 4.794464707374572754e-01 -6.220760196447372437e-02
5.161887407302856445e-01 4.660137593746185303e-01 -6.670905649662017822e-02
6.108949184417724609e-01 3.498768210411071777e-01 2.503368258476257324e-02
5.348128676414489746e-01 4.348708987236022949e-01 -8.209914900362491608e-03
5.397332906723022461e-01 4.726317822933197021e-01 -3.333950415253639221e-02
5.529902577400207520e-01 4.766779243946075439e-01 -3.306794166564941406e-02
5.970126986503601074e-01 4.692187309265136719e-01 9.685239754617214203e-03
5.197301506996154785e-01 4.413226246833801270e-01 -6.577379256486892700e-02
5.943496823310852051e-01 3.310751914978027344e-01 1.655372977256774902e-02
5.937187671661376953e-01 3.438336551189422607e-01 2.521860413253307343e-02
6.249987483024597168e-01 3.051013052463531494e-01 5.683718621730804443e-02
5.441298484802246094e-01 3.383983969688415527e-01 -6.641175597906112671e-03
5.499190688133239746e-01 3.643429875373840332e-01 1.042514480650424957e-02
5.520338416099548340e-01 5.727863311767578125e-01 1.227626390755176544e-02
6.115050911903381348e-01 5.768514871597290039e-01 9.220755100250244141e-02
5.409588217735290527e-01 4.908119440078735352e-01 -2.394207753241062164e-02
5.122883915901184082e-01 4.843753576278686523e-01 -3.380609303712844849e-02
5.485130548477172852e-01 5.674176216125488281e-01 6.061748601496219635e-03
5.498850345611572266e-01 5.747799277305603027e-01 -9.301935206167399883e-04
6.133814454078674316e-01 3.260478973388671875e-01 1.265971548855304718e-02
5.433644652366638184e-01 4.980254471302032471e-01 -2.360079064965248108e-02
5.667434930801391602e-01 3.280348777770996094e-01 -6.822152994573116302e-03
5.787833333015441895e-01 3.104988634586334229e-01 -9.320315904915332794e-03
5.764817595481872559e-01 2.565470337867736816e-01 1.335450261831283569e-02
6.265527606010437012e-01 3.289086520671844482e-01 2.711092680692672729e-02
5.690557360649108887e-01 2.957116663455963135e-01 1.297673489898443222e-02
6.121996045112609863e-01 3.490580022335052490e-01 3.471196070313453674e-02
6.274411082267761230e-01 3.534831702709197998e-01 4.973774030804634094e-02
5.222142338752746582e-01 5.414459109306335449e-01 -3.097044490277767181e-02
5.332897305488586426e-01 5.475082397460937500e-01 -2.206574752926826477e-02
5.443543791770935059e-01 5.563410520553588867e-01 -1.566849090158939362e-02
5.314748883247375488e-01 4.912525415420532227e-01 -4.348551854491233826e-02
5.423892736434936523e-01 5.763169527053833008e-01 -3.243924584239721298e-04
5.348396897315979004e-01 5.806201100349426270e-01 -7.884761318564414978e-03
5.408526659011840820e-01 5.614106059074401855e-01 -1.285820826888084412e-02
5.353057980537414551e-01 4.848425686359405518e-01 -4.690491035580635071e-02
5.368298888206481934e-01 5.507755875587463379e-01 -9.892661124467849731e-03
5.327549576759338379e-01 5.448979735374450684e-01 -3.137402981519699097e-02
5.160583853721618652e-01 5.435542464256286621e-01 -3.678023442625999451e-02
5.138257145881652832e-01 6.240941882133483887e-01 -6.067210342735052109e-03
5.174707770347595215e-01 6.118544936180114746e-01 -1.826478354632854462e-02
5.152117013931274414e-01 6.031940579414367676e-01 -3.041851148009300232e-02
5.067072510719299316e-01 5.980371236801147461e-01 -3.140090033411979675e-02
5.206807255744934082e-01 5.845624208450317383e-01 -2.486698888242244720e-02
5.300559997558593750e-01 5.841221809387207031e-01 -1.739829964935779572e-02
5.328948497772216797e-01 5.713269710540771484e-01 -5.091815255582332611e-04
5.349295735359191895e-01 5.919491052627563477e-01 -5.391846410930156708e-03
5.439675450325012207e-01 5.948044657707214355e-01 -1.833633147180080414e-02
5.492724180221557617e-01 5.386238098144531250e-01 -1.609845273196697235e-02
6.347951292991638184e-01 4.963378310203552246e-01 1.206468567252159119e-01
5.345138907432556152e-01 5.737729668617248535e-01 -7.007193285971879959e-03
5.434678196907043457e-01 5.882720351219177246e-01 -2.985817380249500275e-03
5.175818800926208496e-01 5.001345276832580566e-01 -2.638449519872665405e-02
5.330396294593811035e-01 4.972329437732696533e-01 -1.586764492094516754e-02
5.232380032539367676e-01 4.996066093444824219e-01 -1.872483082115650177e-02
5.635205507278442383e-01 4.412607848644256592e-01 3.168235765770077705e-03
5.674763917922973633e-01 4.570064544677734375e-01 -2.596519887447357178e-03
5.356002449989318848e-01 4.910932183265686035e-01 -1.821517758071422577e-02
6.053485870361328125e-01 2.716291248798370361e-01 2.863259986042976379e-02
5.984811186790466309e-01 2.917284965515136719e-01 3.112831898033618927e-02
5.926873683929443359e-01 3.125741183757781982e-01 1.277762465178966522e-02
5.490370988845825195e-01 5.987062454223632812e-01 4.406516673043370247e-04
5.413225293159484863e-01 3.233501315116882324e-01 -1.469761691987514496e-02
5.518833994865417480e-01 2.850979566574096680e-01 -1.457118149846792221e-02
5.499993562698364258e-01 2.533085942268371582e-01 9.895591065287590027e-03
5.961212515830993652e-01 4.071041047573089600e-01 1.975498721003532410e-02
6.149781346321105957e-01 4.190012812614440918e-01 2.501101419329643250e-02
5.428661704063415527e-01 3.951604068279266357e-01 1.909815892577171326e-02
5.988454222679138184e-01 3.803913295269012451e-01 2.732812985777854919e-02
5.237222313880920410e-01 4.147338271141052246e-01 6.934977136552333832e-04
5.361425280570983887e-01 4.696834683418273926e-01 -4.213723167777061462e-02
6.254833340644836426e-01 4.411151409149169922e-01 4.639182984828948975e-02
5.963078737258911133e-01 4.349515140056610107e-01 1.243487000465393066e-02
5.868908762931823730e-01 4.367399215698242188e-01 2.830090001225471497e-02
5.731207728385925293e-01 4.393619298934936523e-01 5.636856891214847565e-03
5.475258231163024902e-01 4.267713427543640137e-01 3.394403029233217239e-03
5.476853251457214355e-01 4.107416272163391113e-01 -1.312444219365715981e-03
5.173573493957519531e-01 3.923452198505401611e-01 -1.920889131724834442e-02
6.223659515380859375e-01 4.835375547409057617e-01 4.958194494247436523e-02
6.176146268844604492e-01 3.808501958847045898e-01 2.472578734159469604e-02
5.088806152343750000e-01 4.956818222999572754e-01 -5.400316044688224792e-02
5.299822092056274414e-01 4.488669633865356445e-01 -1.058338675647974014e-02
6.186969876289367676e-01 3.977889120578765869e-01 1.065494492650032043e-01
5.348089337348937988e-01 4.006154835224151611e-01 -4.793635569512844086e-03
5.492765307426452637e-01 4.824531972408294678e-01 -2.751664724200963974e-03
6.017336249351501465e-01 3.973978757858276367e-01 2.878243289887905121e-02
5.350448489189147949e-01 4.659284949302673340e-01 -3.571965172886848450e-02
6.286100745201110840e-01 5.375170707702636719e-01 1.285330653190612793e-01
5.412648320198059082e-01 3.897358179092407227e-01 1.557678170502185822e-02
5.311706662178039551e-01 4.577267765998840332e-01 -4.965724796056747437e-02
5.830661654472351074e-01 6.042842268943786621e-01 4.041556268930435181e-02
5.899645686149597168e-01 6.355484127998352051e-01 5.466806888580322266e-02
6.293030977249145508e-01 4.747337400913238525e-01 7.996446639299392700e-02
6.066080331802368164e-01 5.856385231018066406e-01 6.688575446605682373e-02
6.300087571144104004e-01 3.699901103973388672e-01 7.522127032279968262e-02
5.434436202049255371e-01 6.607032418251037598e-01 1.644640415906906128e-02
5.094011425971984863e-01 4.928343892097473145e-01 -4.544962942600250244e-02
5.426110029220581055e-01 4.684018194675445557e-01 -1.017598994076251984e-02
6.198306083679199219e-01 4.067928493022918701e-01 6.936525553464889526e-02
5.855796337127685547e-01 3.992378115653991699e-01 2.220005728304386139e-02
5.748908519744873047e-01 3.924535810947418213e-01 4.279697313904762268e-03
5.367417335510253906e-01 5.795109868049621582e-01 5.650862585753202438e-04
6.193822026252746582e-01 5.056079626083374023e-01 3.498383238911628723e-02
5.049333572387695312e-01 6.846910119056701660e-01 1.291146595031023026e-02
5.560120940208435059e-01 6.704300045967102051e-01 3.248738870024681091e-02
5.678529739379882812e-01 6.458710432052612305e-01 3.991191834211349487e-02
5.529237985610961914e-01 3.988741636276245117e-01 8.305046707391738892e-03
5.542127490043640137e-01 3.959964513778686523e-01 1.097903959453105927e-02
5.517520904541015625e-01 3.841816782951354980e-01 9.011789225041866302e-04
6.224226951599121094e-01 3.659688234329223633e-01 4.827915132045745850e-02
5.520699620246887207e-01 3.847597241401672363e-01 1.202863827347755432e-02
5.623663663864135742e-01 3.661083877086639404e-01 4.761210177093744278e-03
5.684798359870910645e-01 3.675943613052368164e-01 1.605178043246269226e-02
5.863296985626220703e-01 3.755736947059631348e-01 2.370599843561649323e-02
5.841351747512817383e-01 3.861306905746459961e-01 3.419927507638931274e-02
6.361090540885925293e-01 3.693757355213165283e-01 9.875839948654174805e-02
5.813970565795898438e-01 3.940495550632476807e-01 2.093132212758064270e-02
5.534087419509887695e-01 5.203865170478820801e-01 -1.566549763083457947e-02
5.426857471466064453e-01 4.856697916984558105e-01 -2.555801719427108765e-02
5.160523056983947754e-01 5.278289914131164551e-01 -3.705875948071479797e-02
5.796869993209838867e-01 6.291177272796630859e-01 1.960685849189758301e-02
5.536067485809326172e-01 6.437399387359619141e-01 2.879518456757068634e-02
5.160489082336425781e-01 6.818976998329162598e-01 4.193123895674943924e-03
5.966888666152954102e-01 6.076893806457519531e-01 8.889418840408325195e-02
5.494357347488403320e-01 3.776138126850128174e-01 1.436766423285007477e-02
5.380436778068542480e-01 4.288709163665771484e-01 -2.177948132157325745e-02
5.390474200248718262e-01 6.757763028144836426e-01 2.179934084415435791e-02
6.228956580162048340e-01 5.183452367782592773e-01 6.458294391632080078e-02
5.176502466201782227e-01 5.820451974868774414e-01 -1.037201099097728729e-02
5.244555473327636719e-01 5.907388925552368164e-01 -1.487175840884447098e-02
5.315657854080200195e-01 5.953729748725891113e-01 -2.110360376536846161e-02
5.344716906547546387e-01 6.112143397331237793e-01 -4.034857265651226044e-03
5.347689986228942871e-01 6.154797673225402832e-01 -1.525181531906127930e-02
5.443649291992187500e-01 5.605685114860534668e-01 -6.422838661819696426e-03
5.408122539520263672e-01 5.624867081642150879e-01 -5.239767953753471375e-03
5.485271215438842773e-01 5.564166903495788574e-01 -3.074824344366788864e-03
5.596150755882263184e-01 5.450666546821594238e-01 5.133947357535362244e-03
5.988344550132751465e-01 5.080822110176086426e-01 1.958694122731685638e-02
5.234712362289428711e-01 4.142617583274841309e-01 -1.201257295906543732e-02
5.399641394615173340e-01 3.799229264259338379e-01 1.226187311112880707e-02
5.439346432685852051e-01 3.702471256256103516e-01 4.330093041062355042e-03
5.343096256256103516e-01 5.758539438247680664e-01 -2.185527607798576355e-02
5.989103913307189941e-01 5.569016337394714355e-01 2.005276083946228027e-02
5.199441909790039062e-01 3.635457158088684082e-01 -6.700315978378057480e-03
5.364598631858825684e-01 6.241323351860046387e-01 -4.156985785812139511e-03
5.229937434196472168e-01 4.109118282794952393e-01 -2.755372971296310425e-02
5.340226888656616211e-01 4.466450512409210205e-01 -2.282820269465446472e-02
5.236936211585998535e-01 6.396916508674621582e-01 -1.771086640655994415e-02
5.591580271720886230e-01 6.002323627471923828e-01 9.471029043197631836e-03
5.575963258743286133e-01 4.930396378040313721e-01 -2.144707599654793739e-03
5.497328042984008789e-01 6.176868081092834473e-01 -7.920163916423916817e-04
5.754120945930480957e-01 4.976938366889953613e-01 2.191288396716117859e-03
5.716284513473510742e-01 5.212970376014709473e-01 2.714448608458042145e-03
5.795351862907409668e-01 5.238711833953857422e-01 -8.268239907920360565e-03
5.224614739418029785e-01 6.659618616104125977e-01 -2.139876969158649445e-02
5.320944786071777344e-01 4.555725455284118652e-01 -3.709561377763748169e-02
5.678533315658569336e-01 6.110551953315734863e-01 2.245490998029708862e-02
5.508884191513061523e-01 6.286038756370544434e-01 3.830058267340064049e-03
5.721608400344848633e-01 5.755152106285095215e-01 1.325228624045848846e-02
6.094592809677124023e-01 5.378825068473815918e-01 4.956787079572677612e-02
5.950405001640319824e-01 5.735450983047485352e-01 1.165806036442518234e-02
6.104165911674499512e-01 5.524440407752990723e-01 7.533619552850723267e-02
5.699290037155151367e-01 5.388823151588439941e-01 -1.028487272560596466e-02
5.308989882469177246e-01 4.422314167022705078e-01 -2.657918632030487061e-02
5.316796302795410156e-01 4.817551970481872559e-01 -6.878605484962463379e-02
5.335521101951599121e-01 4.951806962490081787e-01 -3.009381145238876343e-02
5.337742567062377930e-01 4.676799774169921875e-01 -5.336147546768188477e-02
5.369926691055297852e-01 3.616946637630462646e-01 6.388640031218528748e-03
5.550084114074707031e-01 3.363562524318695068e-01 -1.416017301380634308e-03
5.845602154731750488e-01 3.431752324104309082e-01 6.320580141618847847e-04
6.037021279335021973e-01 3.403486609458923340e-01 7.369240745902061462e-03
6.086336970329284668e-01 3.625551760196685791e-01 9.768285788595676422e-03
6.074076294898986816e-01 3.849191665649414062e-01 3.896321356296539307e-02
6.289055943489074707e-01 4.433705210685729980e-01 8.758220076560974121e-02
6.042585968971252441e-01 4.165503382682800293e-01 2.454708889126777649e-02
5.918016433715820312e-01 4.339552223682403564e-01 1.509391516447067261e-02
5.665276646614074707e-01 4.220999777317047119e-01 4.663071595132350922e-03
5.547724366188049316e-01 4.070901572704315186e-01 1.092541497200727463e-02
5.410599708557128906e-01 4.034837186336517334e-01 6.383076310157775879e-03
5.409438014030456543e-01 4.052458703517913818e-01 1.573188975453376770e-02
6.326843500137329102e-01 4.524251520633697510e-01 1.189931184053421021e-01
5.366925001144409180e-01 4.965019226074218750e-01 -2.803245931863784790e-02
5.218741893768310547e-01 4.232268035411834717e-01 -2.869231440126895905e-02
5.305802822113037109e-01 4.730850458145141602e-01 -5.377642437815666199e-02
5.091036558151245117e-01 4.804679155349731445e-01 -3.675346449017524719e-02
5.359514355659484863e-01 4.891037344932556152e-01 -4.621639475226402283e-02
5.382505655288696289e-01 4.953925311565399170e-01 -1.317828428000211716e-02
5.247499346733093262e-01 4.906140565872192383e-01 -5.080377683043479919e-02
5.104553103446960449e-01 4.943146407604217529e-01 -4.534575715661048889e-02
5.308790206909179688e-01 3.923961520195007324e-01 1.298246253281831741e-02
5.285230875015258789e-01 3.771319091320037842e-01 1.377260219305753708e-02
5.266988873481750488e-01 3.866600394248962402e-01 -1.697625778615474701e-02
5.860856771469116211e-01 3.874518275260925293e-01 2.446789108216762543e-02
5.986370444297790527e-01 3.691050112247467041e-01 3.102408908307552338e-02
4.532924294471740723e-01 3.739363849163055420e-01 1.532181724905967712e-02
4.570724070072174072e-01 3.716768622398376465e-01 2.006979659199714661e-03
4.439895153045654297e-01 3.464431166648864746e-01 1.830476336181163788e-02
4.280068576335906982e-01 3.611879944801330566e-01 1.837415620684623718e-02
4.464499950408935547e-01 3.791787326335906982e-01 3.669150173664093018e-03
5.742060542106628418e-01 3.825069367885589600e-01 6.421221420168876648e-03
5.831398367881774902e-01 3.896366059780120850e-01 1.569871604442596436e-02
5.811251401901245117e-01 3.644708395004272461e-01 1.713274978101253510e-02
5.503041744232177734e-01 3.756900131702423096e-01 2.032145112752914429e-02
5.768926739692687988e-01 3.952593505382537842e-01 1.935438252985477448e-02
