4.945287108421325684e-01 5.371355414390563965e-01 -3.984534367918968201e-02
4.945775270462036133e-01 4.682684242725372314e-01 -4.438464343547821045e-02
4.963670372962951660e-01 4.988684654235839844e-01 -3.777776658535003662e-02
4.922049641609191895e-01 4.242378771305084229e-01 -4.423569515347480774e-02
5.083980560302734375e-01 4.654889106750488281e-01 -6.075740978121757507e-02
5.079809427261352539e-01 4.371014535427093506e-01 -5.187922716140747070e-02
5.097443461418151855e-01 3.793397843837738037e-01 -3.670574724674224854e-02
4.212226569652557373e-01 3.727521896362304688e-01 9.235064499080181122e-03
5.005394816398620605e-01 3.403655588626861572e-01 -2.563536912202835083e-02
5.181725621223449707e-01 2.977904081344604492e-01 -1.914952322840690613e-02
5.222785472869873047e-01 2.366814613342285156e-01 -3.559278324246406555e-03
5.111497044563293457e-01 5.344259738922119141e-01 -4.038352519273757935e-02
4.889640212059020996e-01 5.422056317329406738e-01 -2.772036567330360413e-02
5.025470852851867676e-01 5.446559190750122070e-01 -2.204706892371177673e-02
4.964220523834228516e-01 5.615123510360717773e-01 -2.701184339821338654e-02
5.063464045524597168e-01 5.700515508651733398e-01 -2.041723765432834625e-02
4.971650540828704834e-01 5.712987780570983887e-01 -2.288647368550300598e-02
5.012369751930236816e-01 5.952290296554565430e-01 -1.974320784211158752e-02
4.958457350730895996e-01 6.117720007896423340e-01 -1.232759095728397369e-03
5.053924322128295898e-01 4.838249087333679199e-01 -5.382758378982543945e-02
4.906956255435943604e-01 4.798151850700378418e-01 -3.799638524651527405e-02
3.860403895378112793e-01 3.079409003257751465e-01 5.953983217477798462e-02
4.548713862895965576e-01 3.927154839038848877e-01 -2.867471892386674881e-03
4.439255595207214355e-01 3.803161680698394775e-01 -3.906658850610256195e-03
4.324643909931182861e-01 3.892462551593780518e-01 9.606543928384780884e-03
4.227534830570220947e-01 3.828427493572235107e-01 8.561764843761920929e-03
4.659937322139739990e-01 3.887311518192291260e-01 -9.646466933190822601e-04
4.421506822109222412e-01 3.446848988533020020e-01 6.977789103984832764e-03
4.530782699584960938e-01 3.486038446426391602e-01 3.290284890681505203e-03
4.263784289360046387e-01 3.308510780334472656e-01 -5.182920955121517181e-03
4.170812666416168213e-01 3.554732501506805420e-01 3.597047179937362671e-05
3.923187255859375000e-01 3.971964418888092041e-01 2.820109017193317413e-02
4.459116756916046143e-01 6.257743835449218750e-01 3.510741051286458969e-03
4.165893793106079102e-01 3.705983757972717285e-01 7.280597463250160217e-03
3.775293827056884766e-01 3.764832615852355957e-01 6.629024446010589600e-02
4.009089171886444092e-01 3.738291263580322266e-01 3.862280026078224182e-02
4.381048679351806641e-01 4.555828571319580078e-01 -1.382304262369871140e-02
4.925761818885803223e-01 5.182660818099975586e-01 -2.625692449510097504e-02
4.942107200622558594e-01 5.326378941535949707e-01 -3.593742102384567261e-02
4.623079895973205566e-01 5.195411443710327148e-01 -3.123535960912704468e-02
4.570071995258331299e-01 5.335076451301574707e-01 -2.403119392693042755e-02
4.822503328323364258e-01 5.437710881233215332e-01 -2.485271915793418884e-02
4.715478420257568359e-01 5.339620709419250488e-01 -1.470805518329143524e-02
4.453589618206024170e-01 5.641944408416748047e-01 -8.695807307958602905e-03
4.969605803489685059e-01 4.717865586280822754e-01 -6.537745147943496704e-02
4.978469908237457275e-01 4.575008749961853027e-01 -5.992619693279266357e-02
4.089114665985107422e-01 3.273680210113525391e-01 1.800581440329551697e-02
4.675515890121459961e-01 4.212898910045623779e-01 -1.659228652715682983e-02
4.630085825920104980e-01 4.673738181591033936e-01 -3.478044643998146057e-02
4.653824567794799805e-01 4.454519748687744141e-01 -3.135531768202781677e-02
4.094535410404205322e-01 4.547327458858489990e-01 9.986062534153461456e-03
4.931407272815704346e-01 4.342969954013824463e-01 -5.155280977487564087e-02
4.279674291610717773e-01 3.005837798118591309e-01 -7.357764989137649536e-04
4.146131277084350586e-01 3.105787336826324463e-01 9.085430763661861420e-03
3.997615277767181396e-01 2.692774236202239990e-01 4.204181954264640808e-02
4.910900294780731201e-01 3.290840685367584229e-01 -3.396698972210288048e-03
4.724611639976501465e-01 3.369176983833312988e-01 -1.295516267418861389e-03
4.402304291725158691e-01 5.551936030387878418e-01 -2.161572221666574478e-03
3.751392662525177002e-01 5.341631174087524414e-01 7.458797097206115723e-02
4.677714705467224121e-01 4.641010761260986328e-01 -3.166860342025756836e-02
4.963362812995910645e-01 4.888252913951873779e-01 -1.024405751377344131e-02
4.465464949607849121e-01 5.430232882499694824e-01 -6.832870654761791229e-03
4.560837745666503906e-01 5.521264672279357910e-01 -7.112021557986736298e-03
4.171526134014129639e-01 2.908553779125213623e-01 7.309175096452236176e-03
4.664278626441955566e-01 4.712374508380889893e-01 -2.721022814512252808e-02
4.687583744525909424e-01 3.203535974025726318e-01 -1.323665492236614227e-02
4.470867216587066650e-01 2.901637554168701172e-01 -1.223205868154764175e-02
4.620079100131988525e-01 2.433465570211410522e-01 5.627098958939313889e-03
4.126226902008056641e-01 2.901851236820220947e-01 1.935330219566822052e-02
4.638723433017730713e-01 2.797974944114685059e-01 -9.552773088216781616e-03
4.029258787631988525e-01 3.210497498512268066e-01 2.269972860813140869e-02
3.920789659023284912e-01 3.209771215915679932e-01 3.041990846395492554e-02
4.800112545490264893e-01 5.337065458297729492e-01 -4.997246339917182922e-02
4.802705347537994385e-01 5.404799580574035645e-01 -2.115153521299362183e-02
4.637195765972137451e-01 5.355019569396972656e-01 -1.547029335051774979e-02
4.826244413852691650e-01 4.961338639259338379e-01 -2.884311228990554810e-02
4.641927480697631836e-01 5.586526393890380859e-01 -3.585675498470664024e-03
4.508906602859497070e-01 5.609480142593383789e-01 -7.109099067747592926e-03
4.598882198333740234e-01 5.461950302124023438e-01 6.325292633846402168e-04
4.884155988693237305e-01 4.721298813819885254e-01 -4.512516781687736511e-02
4.881148338317871094e-01 5.440779328346252441e-01 -2.074759453535079956e-02
4.826309084892272949e-01 5.464830994606018066e-01 -1.124874874949455261e-02
4.850001335144042969e-01 5.417534708976745605e-01 -4.744254518300294876e-03
4.751947820186614990e-01 6.153732538223266602e-01 -6.956708617508411407e-03
4.776717722415924072e-01 5.924096703529357910e-01 -1.384084858000278473e-02
4.789090454578399658e-01 5.901195406913757324e-01 -2.784691378474235535e-02
4.797873497009277344e-01 5.661357641220092773e-01 -2.287862077355384827e-02
4.813812375068664551e-01 5.658277869224548340e-01 -1.124331261962652206e-02
4.739357233047485352e-01 5.529509186744689941e-01 1.446645241230726242e-03
4.697760045528411865e-01 5.485484600067138672e-01 -9.772449731826782227e-03
4.655748903751373291e-01 5.675023794174194336e-01 -9.989853948354721069e-03
4.605751037597656250e-01 5.790398716926574707e-01 -1.802551001310348511e-02
4.500606060028076172e-01 5.204852819442749023e-01 -2.191182971000671387e-02
3.701858520507812500e-01 4.451020658016204834e-01 1.053302139043807983e-01
5.003378391265869141e-01 4.927392303943634033e-01 -4.151033610105514526e-02
4.615205228328704834e-01 5.481647849082946777e-01 -2.872304758056998253e-03
4.596322178840637207e-01 5.569544434547424316e-01 -2.421415410935878754e-04
4.888456463813781738e-01 4.889911115169525146e-01 -3.407912328839302063e-02
4.611596465110778809e-01 4.898104667663574219e-01 -1.895681023597717285e-02
4.905309975147247314e-01 4.905789792537689209e-01 -4.838570952415466309e-02
4.542469084262847900e-01 4.292661249637603760e-01 -9.743593633174896240e-03
4.421064555644989014e-01 4.358690977096557617e-01 -4.619251005351543427e-03
4.564895927906036377e-01 4.757291376590728760e-01 -3.002575412392616272e-02
4.193052351474761963e-01 2.568143904209136963e-01 2.361351996660232544e-02
4.315910041332244873e-01 2.775455415248870850e-01 7.241269107908010483e-03
4.196177423000335693e-01 3.005609810352325439e-01 1.526187523268163204e-03
4.555387794971466064e-01 5.858491659164428711e-01 2.203549630939960480e-02
4.800263941287994385e-01 3.038986623287200928e-01 -1.670568808913230896e-02
4.721700847148895264e-01 2.799332737922668457e-01 -1.374498847872018814e-02
4.782609641551971436e-01 2.519663572311401367e-01 -3.383243223652243614e-03
4.236412048339843750e-01 3.803092837333679199e-01 1.504877116531133652e-02
4.005976915359497070e-01 4.005725383758544922e-01 3.450812771916389465e-02
4.645357429981231689e-01 3.810321390628814697e-01 8.923033252358436584e-03
4.064996540546417236e-01 3.509664833545684814e-01 1.432990096509456635e-02
4.749285876750946045e-01 4.101390242576599121e-01 4.287344869226217270e-03
4.767541885375976562e-01 4.662125110626220703e-01 -4.324656352400779724e-02
3.951575458049774170e-01 4.158845245838165283e-01 3.606335818767547607e-02
4.015736579895019531e-01 4.084816277027130127e-01 9.869806468486785889e-03
4.161632955074310303e-01 4.223520457744598389e-01 1.452604774385690689e-04
4.444489479064941406e-01 4.155348837375640869e-01 -3.733099205419421196e-03
4.549001455307006836e-01 4.217869639396667480e-01 -1.610765419900417328e-02
4.725652039051055908e-01 3.974488377571105957e-01 5.411680322140455246e-03
5.027788281440734863e-01 3.935715556144714355e-01 -1.180911529809236526e-02
3.862830102443695068e-01 4.382126331329345703e-01 3.201542794704437256e-02
3.898184597492218018e-01 3.441091179847717285e-01 1.501345913857221603e-02
5.063818693161010742e-01 4.824046492576599121e-01 -5.289701744914054871e-02
4.634768664836883545e-01 4.308611750602722168e-01 -1.849481090903282166e-02
3.673592209815979004e-01 3.817543983459472656e-01 9.874891489744186401e-02
4.783749282360076904e-01 3.904066681861877441e-01 -1.551689207553863525e-02
4.711053371429443359e-01 4.662245512008666992e-01 -2.426166646182537079e-02
4.116037487983703613e-01 3.630880415439605713e-01 9.441848844289779663e-03
4.755949974060058594e-01 4.453150629997253418e-01 -2.965878695249557495e-02
3.683251738548278809e-01 4.908959567546844482e-01 1.008102297782897949e-01
4.753696322441101074e-01 3.722910284996032715e-01 3.332385793328285217e-03
4.811813235282897949e-01 4.420414865016937256e-01 -5.378788709640502930e-02
4.029911160469055176e-01 5.735687017440795898e-01 3.460180386900901794e-02
4.004291594028472900e-01 6.003788113594055176e-01 4.250723496079444885e-02
3.737568259239196777e-01 4.466149210929870605e-01 6.855401396751403809e-02
3.877200782299041748e-01 5.530601739883422852e-01 4.452880099415779114e-02
3.835687935352325439e-01 3.488000035285949707e-01 6.286374479532241821e-02
4.434295296669006348e-01 6.340538263320922852e-01 -9.477148763835430145e-03
4.956910312175750732e-01 4.788140058517456055e-01 -3.379265218973159790e-02
4.642279744148254395e-01 4.475214779376983643e-01 -1.023575663566589355e-02
3.737914562225341797e-01 3.736670613288879395e-01 3.473573923110961914e-02
4.392647445201873779e-01 3.835532069206237793e-01 -5.686799064278602600e-03
4.493983685970306396e-01 3.843630552291870117e-01 -1.258923206478357315e-03
4.654003381729125977e-01 5.522680282592773438e-01 -7.213093340396881104e-06
3.880653679370880127e-01 4.738266468048095703e-01 3.666592389345169067e-02
4.595580697059631348e-01 6.831291317939758301e-01 1.293537300080060959e-02
4.291237592697143555e-01 6.310614347457885742e-01 3.003005869686603546e-02
4.172416627407073975e-01 6.192359328269958496e-01 4.186692833900451660e-02
5.139355659484863281e-01 2.849609553813934326e-01 -7.247049361467361450e-03
4.833588898181915283e-01 6.788398027420043945e-01 1.035019475966691971e-02
4.554972648620605469e-01 3.856365680694580078e-01 -2.245623851194977760e-03
4.697603881359100342e-01 3.726108968257904053e-01 1.688882242888212204e-03
4.716606140136718750e-01 3.776322901248931885e-01 1.995312282815575600e-03
3.902452588081359863e-01 3.412208855152130127e-01 2.127758786082267761e-02
4.678854644298553467e-01 3.686511516571044922e-01 5.448443815112113953e-03
4.371003508567810059e-01 3.642214238643646240e-01 7.111795246601104736e-03
4.373128116130828857e-01 3.551506102085113525e-01 -7.352059707045555115e-03
4.305529296398162842e-01 3.624406158924102783e-01 7.825479842722415924e-03
4.245832562446594238e-01 3.679853379726409912e-01 1.421394385397434235e-02
3.806443512439727783e-01 3.386734127998352051e-01 7.149565219879150391e-02
4.147278964519500732e-01 3.694000840187072754e-01 2.189430594444274902e-02
5.074152350425720215e-01 5.037641525268554688e-01 -3.272773697972297668e-02
4.660746157169342041e-01 5.052040815353393555e-01 -2.658992633223533630e-02
4.685383439064025879e-01 4.748599529266357422e-01 -3.179029747843742371e-02
4.860818088054656982e-01 5.067790150642395020e-01 -3.786939382553100586e-02
5.135103464126586914e-01 3.524737656116485596e-01 -2.256782539188861847e-02
4.118896424770355225e-01 5.997530221939086914e-01 2.016598172485828400e-02
4.302854239940643311e-01 6.161572337150573730e-01 3.179643675684928894e-02
4.560726284980773926e-01 6.452463269233703613e-01 -1.147391740232706070e-02
3.877802789211273193e-01 5.705314874649047852e-01 7.874295115470886230e-02
4.770899713039398193e-01 3.703599274158477783e-01 1.056541036814451218e-02
4.734461009502410889e-01 4.150492250919342041e-01 -2.357239276170730591e-02
4.983985424041748047e-01 6.627874374389648438e-01 -4.575801547616720200e-03
4.487587511539459229e-01 6.550308465957641602e-01 3.181881457567214966e-02
3.795911669731140137e-01 4.935805499553680420e-01 6.143324822187423706e-02
4.750414788722991943e-01 5.578436851501464844e-01 -1.934565044939517975e-02
4.757430255413055420e-01 5.671814680099487305e-01 -1.699723862111568451e-02
4.699076414108276367e-01 5.705506801605224609e-01 -2.413797751069068909e-02
4.656901657581329346e-01 5.934650301933288574e-01 -2.036509290337562561e-02
4.585863351821899414e-01 5.946661233901977539e-01 -2.192486450076103210e-02
4.609069228172302246e-01 5.462666749954223633e-01 -6.022845394909381866e-03
4.562752246856689453e-01 5.523813962936401367e-01 -8.235849440097808838e-03
4.564227163791656494e-01 5.408110618591308594e-01 -1.105475239455699921e-02
4.393290281295776367e-01 5.165725946426391602e-01 -7.615594659000635147e-03
4.073511362075805664e-01 4.892877340316772461e-01 2.247260510921478271e-02
4.934055507183074951e-01 3.869141340255737305e-01 -1.799333468079566956e-02
4.824534654617309570e-01 3.597572445869445801e-01 -3.638468217104673386e-03
4.708545506000518799e-01 3.792508840560913086e-01 1.425270922482013702e-03
4.644263386726379395e-01 5.486815571784973145e-01 4.502411000430583954e-03
3.977625966072082520e-01 5.381657481193542480e-01 2.840723469853401184e-02
4.994247853755950928e-01 3.543967604637145996e-01 -8.169649168848991394e-03
4.470963776111602783e-01 6.027377247810363770e-01 -6.833004765212535858e-03
5.045006871223449707e-01 4.114083945751190186e-01 -5.198311060667037964e-02
4.882713854312896729e-01 4.067552685737609863e-01 -3.463298082351684570e-02
5.005293488502502441e-01 3.992925286293029785e-01 -4.290897399187088013e-02
4.743607342243194580e-01 4.375038743019104004e-01 -2.695357427000999451e-02
4.918785393238067627e-01 6.414821147918701172e-01 -1.112719811499118805e-02
4.957644641399383545e-01 6.286806464195251465e-01 -9.627709165215492249e-03
4.674608707427978516e-01 6.207103729248046875e-01 -1.305814273655414581e-02
4.302970767021179199e-01 5.770185589790344238e-01 4.390811547636985779e-03
4.421299695968627930e-01 4.733203649520874023e-01 -1.690439134836196899e-02
4.417873620986938477e-01 5.942102074623107910e-01 -1.435535727068781853e-03
4.208050370216369629e-01 4.855848252773284912e-01 -4.252674523741006851e-03
4.403049945831298828e-01 5.090285539627075195e-01 -3.133612452074885368e-03
4.115556478500366211e-01 5.113100409507751465e-01 -2.193527994677424431e-03
4.699215888977050781e-01 6.473705768585205078e-01 -9.811378084123134613e-03
4.795573055744171143e-01 4.350842237472534180e-01 -9.033441543579101562e-03
4.274661839008331299e-01 5.799053311347961426e-01 1.134908664971590042e-02
4.370070695877075195e-01 6.136383414268493652e-01 7.642655633389949799e-03
4.237742722034454346e-01 5.445850491523742676e-01 4.356360994279384613e-03
3.825139701366424561e-01 5.016083121299743652e-01 4.282270371913909912e-02
4.099785387516021729e-01 5.513810515403747559e-01 1.942903921008110046e-02
3.761212527751922607e-01 5.276066660881042480e-01 6.085684895515441895e-02
4.394398927688598633e-01 5.197868943214416504e-01 4.239781294018030167e-03
4.839274585247039795e-01 4.207323491573333740e-01 -2.259471453726291656e-02
4.775709509849548340e-01 4.746255278587341309e-01 -5.177058279514312744e-02
4.799649119377136230e-01 4.793615937232971191e-01 -3.413789346814155579e-02
4.936731159687042236e-01 4.579556584358215332e-01 -4.351740330457687378e-02
4.838292598724365234e-01 3.495337963104248047e-01 -4.422583617269992828e-03
4.668709337711334229e-01 3.348603844642639160e-01 -9.576836600899696350e-03
4.371918439865112305e-01 3.191753625869750977e-01 -1.685605570673942566e-02
4.420760571956634521e-01 3.228311538696289062e-01 -1.824960671365261078e-02
4.138178825378417969e-01 3.339737951755523682e-01 4.446150735020637512e-03
3.911737799644470215e-01 3.745576739311218262e-01 1.050646416842937469e-02
3.744614124298095703e-01 4.128160178661346436e-01 6.461770832538604736e-02
4.203717410564422607e-01 3.993723690509796143e-01 1.860135421156883240e-02
4.228063523769378662e-01 4.046750068664550781e-01 -2.212946303188800812e-03
4.376506209373474121e-01 4.093741178512573242e-01 -4.481476731598377228e-03
4.648737311363220215e-01 3.972461521625518799e-01 8.052908815443515778e-03
4.603216052055358887e-01 3.974536061286926270e-01 1.117912237532436848e-03
4.773744344711303711e-01 3.811854422092437744e-01 -4.040137864649295807e-03
3.686287403106689453e-01 4.025902748107910156e-01 9.620378911495208740e-02
4.694955646991729736e-01 4.847064018249511719e-01 -2.228618413209915161e-02
4.762454628944396973e-01 4.353045225143432617e-01 -3.363363072276115417e-02
4.844683706760406494e-01 4.742377400398254395e-01 -5.406713113188743591e-02
4.989469349384307861e-01 4.912005364894866943e-01 -5.568565800786018372e-02
4.803780019283294678e-01 4.760086834430694580e-01 -4.611591994762420654e-02
4.618428051471710205e-01 4.839403629302978516e-01 -2.459869533777236938e-02
4.983288347721099854e-01 4.688192307949066162e-01 -5.946779251098632812e-02
4.907444119453430176e-01 4.818455278873443604e-01 -4.287075251340866089e-02
4.738740026950836182e-01 3.744935989379882812e-01 6.280046887695789337e-03
4.861390888690948486e-01 3.792856037616729736e-01 -4.978649318218231201e-03
4.969849586486816406e-01 3.891403675079345703e-01 -2.922199666500091553e-03
4.361714720726013184e-01 3.638240098953247070e-01 5.951547529548406601e-03
4.333961606025695801e-01 3.473608195781707764e-01 1.401207409799098969e-02
5.178479552268981934e-01 4.231710135936737061e-01 -4.144269600510597229e-02
5.841176509857177734e-01 3.908199965953826904e-01 2.511869370937347412e-02
5.016135573387145996e-01 4.834948182106018066e-01 -2.915019541978836060e-02
6.129935979843139648e-01 3.382049798965454102e-01 8.428144454956054688e-02
5.581984519958496094e-01 3.975034654140472412e-01 1.475806813687086105e-02
5.634697079658508301e-01 3.976213932037353516e-01 4.894068464636802673e-03
5.837702155113220215e-01 3.960047066211700439e-01 9.052138775587081909e-03
5.963568687438964844e-01 4.006833434104919434e-01 2.414761669933795929e-02
5.437526702880859375e-01 3.870742321014404297e-01 2.378591336309909821e-02
5.678098797798156738e-01 3.457381129264831543e-01 1.589061319828033447e-02
5.571126341819763184e-01 3.480752110481262207e-01 2.413643058389425278e-03
5.867375135421752930e-01 3.470984995365142822e-01 1.528689358383417130e-02
5.895795822143554688e-01 3.616717159748077393e-01 2.233004383742809296e-02
6.061418056488037109e-01 4.021052718162536621e-01 3.373179584741592407e-02
5.299735665321350098e-01 6.420799493789672852e-01 7.808716967701911926e-03
5.907608270645141602e-01 3.889371156692504883e-01 2.368819527328014374e-02
6.177684068679809570e-01 4.101862609386444092e-01 8.078548312187194824e-02
6.007615923881530762e-01 3.945937454700469971e-01 3.486970067024230957e-02
5.589749217033386230e-01 4.682021737098693848e-01 4.711408633738756180e-03
5.194125175476074219e-01 5.328325033187866211e-01 -2.255852520465850830e-02
5.045877695083618164e-01 5.595781803131103516e-01 -3.075151517987251282e-02
5.339789986610412598e-01 5.365533232688903809e-01 -1.781304553151130676e-02
5.233354568481445312e-01 5.488291978836059570e-01 -1.640644669532775879e-02
5.235592126846313477e-01 5.495365262031555176e-01 -2.100005000829696655e-02
5.378605127334594727e-01 5.461784601211547852e-01 -2.447558380663394928e-02
5.337789654731750488e-01 5.755430459976196289e-01 -7.374865934252738953e-03
5.174515247344970703e-01 4.713228642940521240e-01 -6.038425117731094360e-02
5.133857131004333496e-01 4.673370122909545898e-01 -6.896416097879409790e-02
6.069530248641967773e-01 3.404498696327209473e-01 1.368700992316007614e-02
5.253116488456726074e-01 4.260138869285583496e-01 -5.875554867088794708e-03
5.316486358642578125e-01 4.719962775707244873e-01 -3.311549499630928040e-02
5.426996946334838867e-01 4.619882404804229736e-01 -4.258436709642410278e-02
5.957826972007751465e-01 4.576686024665832520e-01 2.190661989152431488e-02
5.119088292121887207e-01 4.346855580806732178e-01 -5.774042755365371704e-02
5.866776108741760254e-01 3.283811509609222412e-01 1.403946336358785629e-02
5.862302780151367188e-01 3.382803797721862793e-01 1.604821719229221344e-02
6.206480264663696289e-01 3.096688985824584961e-01 4.857584834098815918e-02
5.387723445892333984e-01 3.387413620948791504e-01 -1.199670508503913879e-02
5.446065664291381836e-01 3.475371599197387695e-01 8.732898160815238953e-03
5.492142438888549805e-01 5.585337281227111816e-01 1.091619301587343216e-02
5.980212092399597168e-01 5.651754736900329590e-01 9.573979675769805908e-02
5.332448482513427734e-01 4.850565493106842041e-01 -3.089697845280170441e-02
5.129597187042236328e-01 4.789643883705139160e-01 -3.147634118795394897e-02
5.473171472549438477e-01 5.580181479454040527e-01 1.140351220965385437e-02
5.418147444725036621e-01 5.639072060585021973e-01 7.070020306855440140e-03
6.016598939895629883e-01 3.223191201686859131e-01 1.114776171743869781e-02
5.406239628791809082e-01 4.854137897491455078e-01 -3.122724033892154694e-02
5.527684092521667480e-01 3.300054967403411865e-01 -6.181259639561176300e-03
5.653012394905090332e-01 3.067751824855804443e-01 -1.539593655616044998e-02
5.742524266242980957e-01 2.450449913740158081e-01 9.623184800148010254e-03
6.195439100265502930e-01 3.167241811752319336e-01 2.903212606906890869e-02
5.656372308731079102e-01 2.825650870800018311e-01 -3.995225764811038971e-03
6.035097837448120117e-01 3.401295244693756104e-01 3.321600705385208130e-02
6.142938137054443359e-01 3.447566032409667969e-01 4.568113014101982117e-02
5.141432285308837891e-01 5.435323715209960938e-01 -2.510730549693107605e-02
5.245789885520935059e-01 5.376633405685424805e-01 -2.386166900396347046e-02
5.323686003684997559e-01 5.485134720802307129e-01 -1.107965502887964249e-02
5.299913883209228516e-01 4.881493747234344482e-01 -3.771819546818733215e-02
5.369691252708435059e-01 5.535480380058288574e-01 1.084627956151962280e-02
5.335430502891540527e-01 5.699331164360046387e-01 8.445158600807189941e-03
5.352866649627685547e-01 5.453727245330810547e-01 -5.040592513978481293e-04
5.257762074470520020e-01 4.777430593967437744e-01 -5.408271774649620056e-02
5.351854562759399414e-01 5.442835092544555664e-01 -1.400422304868698120e-03
5.189468860626220703e-01 5.386347174644470215e-01 -2.053716406226158142e-02
5.113665461540222168e-01 5.495967268943786621e-01 -2.636462450027465820e-02
5.183377861976623535e-01 6.099463105201721191e-01 -3.482969012111425400e-03
5.003008246421813965e-01 5.904722809791564941e-01 -9.063448756933212280e-03
5.126593708992004395e-01 5.772724747657775879e-01 -1.967725530266761780e-02
5.039699077606201172e-01 5.816776752471923828e-01 -2.694994583725929260e-02
5.007106065750122070e-01 5.593744516372680664e-01 -2.408169396221637726e-02
5.219414234161376953e-01 5.664730668067932129e-01 -5.281348712742328644e-03
5.279484987258911133e-01 5.489944815635681152e-01 -2.170098712667822838e-03
5.285372734069824219e-01 5.756267309188842773e-01 -1.282197143882513046e-02
5.370880365371704102e-01 5.703283548355102539e-01 -1.204705797135829926e-02
5.498152971267700195e-01 5.318531990051269531e-01 -1.135331764817237854e-02
6.219851374626159668e-01 4.822095036506652832e-01 1.239144057035446167e-01
5.297694802284240723e-01 5.585889220237731934e-01 2.448752056807279587e-03
5.319816470146179199e-01 5.747080445289611816e-01 -1.371745951473712921e-03
5.188063383102416992e-01 4.975033998489379883e-01 -2.646119147539138794e-02
5.272220373153686523e-01 4.895676672458648682e-01 -1.870348490774631500e-02
5.158515572547912598e-01 4.863043129444122314e-01 -1.811039261519908905e-02
5.540232062339782715e-01 4.352077245712280273e-01 -1.687631709501147270e-03
5.572299361228942871e-01 4.463256895542144775e-01 -3.306396305561065674e-03
5.296762585639953613e-01 4.733040928840637207e-01 -1.374523155391216278e-02
5.977235436439514160e-01 2.637535035610198975e-01 1.912107318639755249e-02
5.932761430740356445e-01 2.919718623161315918e-01 2.430506981909275055e-02
5.828400850296020508e-01 3.086687028408050537e-01 6.310420110821723938e-03
5.495338439941406250e-01 5.912632942199707031e-01 5.890917498618364334e-03
5.322139263153076172e-01 3.231686353683471680e-01 -1.691206358373165131e-02
5.453209877014160156e-01 2.847958207130432129e-01 -2.581114880740642548e-02
5.543628931045532227e-01 2.497105598449707031e-01 1.316129928454756737e-04
5.927979350090026855e-01 3.972555100917816162e-01 1.816884800791740417e-02
6.035198569297790527e-01 4.180435836315155029e-01 2.735672146081924438e-02
5.373591780662536621e-01 3.788428306579589844e-01 1.674343273043632507e-02
5.898050665855407715e-01 3.716832101345062256e-01 2.822648920118808746e-02
5.257046818733215332e-01 4.110026359558105469e-01 2.993083558976650238e-03
5.398567914962768555e-01 4.716511368751525879e-01 -3.629852831363677979e-02
6.151226758956909180e-01 4.298290312290191650e-01 4.893937706947326660e-02
5.931788682937622070e-01 4.288157224655151367e-01 1.413102447986602783e-02
5.767630934715270996e-01 4.303660988807678223e-01 2.638328075408935547e-02
5.658324360847473145e-01 4.317426383495330811e-01 1.298318151384592056e-02
5.540834069252014160e-01 4.155175089836120605e-01 3.246596083045005798e-03
5.484409928321838379e-01 3.982740044593811035e-01 4.709140397608280182e-03
5.171141028404235840e-01 3.832968771457672119e-01 -2.301015518605709076e-02
6.143496632575988770e-01 4.691872894763946533e-01 5.037739127874374390e-02
6.114957928657531738e-01 3.708588182926177979e-01 2.559973299503326416e-02
5.079433917999267578e-01 4.796625673770904541e-01 -5.381493270397186279e-02
5.237042903900146484e-01 4.507697224617004395e-01 -1.544385310262441635e-02
6.155186891555786133e-01 3.930936753749847412e-01 1.039437875151634216e-01
5.298652648925781250e-01 3.938176035881042480e-01 -5.646795034408569336e-03
5.386189222335815430e-01 4.783186018466949463e-01 -6.265832111239433289e-03
5.963900089263916016e-01 3.812464475631713867e-01 2.440025471150875092e-02
5.323541760444641113e-01 4.575822949409484863e-01 -3.909580782055854797e-02
6.230241656303405762e-01 5.250530838966369629e-01 1.262693703174591064e-01
5.313172340393066406e-01 3.875527381896972656e-01 1.281482819467782974e-02
5.246915221214294434e-01 4.455821514129638672e-01 -5.293019115924835205e-02
5.754122138023376465e-01 5.946756601333618164e-01 5.377580225467681885e-02
5.780649781227111816e-01 6.227716207504272461e-01 6.495677679777145386e-02
6.247535943984985352e-01 4.678247272968292236e-01 8.319523185491561890e-02
5.999101400375366211e-01 5.673115849494934082e-01 6.935688853263854980e-02
6.180509924888610840e-01 3.651373088359832764e-01 7.454535365104675293e-02
5.395716428756713867e-01 6.445909738540649414e-01 1.833459734916687012e-02
5.038637518882751465e-01 4.909998178482055664e-01 -4.250980168581008911e-02
5.319974422454833984e-01 4.615620672702789307e-01 -1.003136672079563141e-02
6.171604990959167480e-01 4.036291241645812988e-01 5.246957391500473022e-02
5.796273946762084961e-01 3.935408294200897217e-01 1.584211923182010651e-02
5.623834729194641113e-01 3.896003663539886475e-01 5.626371130347251892e-04
5.256318449974060059e-01 5.709056854248046875e-01 2.662812126800417900e-03
6.156361103057861328e-01 4.935923814773559570e-01 4.226156324148178101e-02
4.998604655265808105e-01 6.750076413154602051e-01 6.266408599913120270e-03
5.477022528648376465e-01 6.511312127113342285e-01 3.018543124198913574e-02
5.673780441284179688e-01 6.299355030059814453e-01 4.176557809114456177e-02
5.518599152565002441e-01 3.905656039714813232e-01 9.616127237677574158e-03
5.516216754913330078e-01 3.915179371833801270e-01 7.542027160525321960e-03
5.455204248428344727e-01 3.745626211166381836e-01 3.726122435182332993e-03
6.111277341842651367e-01 3.547246456146240234e-01 4.173987731337547302e-02
5.445200800895690918e-01 3.891270160675048828e-01 1.754258945584297180e-02
5.596230030059814453e-01 3.650172054767608643e-01 6.421482656151056290e-03
5.600605607032775879e-01 3.573500514030456543e-01 6.227336358278989792e-03
5.831310153007507324e-01 3.716286122798919678e-01 1.643439568579196930e-02
5.803582072257995605e-01 3.875884711742401123e-01 2.696676366031169891e-02
6.201505064964294434e-01 3.567473888397216797e-01 1.030756682157516479e-01
5.715628862380981445e-01 3.825484812259674072e-01 1.678368449211120605e-02
5.455483794212341309e-01 5.090691447257995605e-01 -1.170917507261037827e-02
5.361379981040954590e-01 4.844475984573364258e-01 -1.742780953645706177e-02
5.154024362564086914e-01 5.179085135459899902e-01 -3.315918892621994019e-02
5.644339323043823242e-01 6.104544997215270996e-01 2.509901486337184906e-02
5.488590598106384277e-01 6.225978136062622070e-01 3.192964568734169006e-02
5.141569972038269043e-01 6.623957157135009766e-01 7.229002658277750015e-03
5.816798806190490723e-01 5.888656377792358398e-01 9.471628069877624512e-02
5.384285449981689453e-01 3.804381191730499268e-01 1.967718591913580894e-03
5.303681492805480957e-01 4.200879633426666260e-01 -1.908637024462223053e-02
5.353460907936096191e-01 6.598047614097595215e-01 2.736301161348819733e-02
6.117563843727111816e-01 5.084732174873352051e-01 6.956271082162857056e-02
5.080918073654174805e-01 5.570293068885803223e-01 -7.974280044436454773e-03
5.182681679725646973e-01 5.737136602401733398e-01 -1.533727068454027176e-02
5.196066498756408691e-01 5.802885293960571289e-01 -1.678678207099437714e-02
5.243470668792724609e-01 5.882260799407958984e-01 -1.484606694430112839e-02
5.252467393875122070e-01 6.060819029808044434e-01 -8.581683039665222168e-03
5.498332381248474121e-01 5.567949414253234863e-01 -1.118726562708616257e-03
5.288912653923034668e-01 5.494972467422485352e-01 3.673036582767963409e-03
5.467000603675842285e-01 5.455546975135803223e-01 -3.672059159725904465e-03
5.562403202056884766e-01 5.405279994010925293e-01 -1.079084584489464760e-03
5.893018245697021484e-01 5.047578215599060059e-01 3.120803646743297577e-02
5.150738954544067383e-01 3.993054032325744629e-01 -7.117866072803735733e-03
5.393181443214416504e-01 3.704747855663299561e-01 1.411260478198528290e-02
5.388486385345458984e-01 3.633158802986145020e-01 -8.411537855863571167e-04
5.345348119735717773e-01 5.609623789787292480e-01 -1.706600189208984375e-02
5.898134708404541016e-01 5.395678877830505371e-01 2.193330973386764526e-02
5.171419978141784668e-01 3.619759678840637207e-01 -5.333013366907835007e-03
5.410975217819213867e-01 6.036682724952697754e-01 4.481386858969926834e-03
5.127389430999755859e-01 4.063360393047332764e-01 -1.707727834582328796e-02
5.327476859092712402e-01 4.374497532844543457e-01 -2.021172456443309784e-02
5.150238871574401855e-01 6.218202710151672363e-01 -1.240776851773262024e-02
5.516510605812072754e-01 5.780884623527526855e-01 1.648899167776107788e-02
5.545510649681091309e-01 4.885359108448028564e-01 -4.651120398193597794e-04
5.483325123786926270e-01 5.972808599472045898e-01 -2.532052749302238226e-04
5.752844810485839844e-01 4.881488680839538574e-01 7.510023191571235657e-03
5.621249675750732422e-01 5.156519412994384766e-01 9.722848422825336456e-03
5.680702328681945801e-01 5.092841982841491699e-01 5.322198849171400070e-04
5.131456255912780762e-01 6.453265547752380371e-01 -8.779739029705524445e-03
5.307995080947875977e-01 4.543289542198181152e-01 -2.107593417167663574e-02
5.668567419052124023e-01 5.963632464408874512e-01 3.523337468504905701e-02
5.512116551399230957e-01 6.129179000854492188e-01 8.823124691843986511e-03
5.647497177124023438e-01 5.623933672904968262e-01 1.236686669290065765e-02
6.000124812126159668e-01 5.310873985290527344e-01 4.898390918970108032e-02
5.827299952507019043e-01 5.572186708450317383e-01 1.465571671724319458e-02
6.034618616104125977e-01 5.395780205726623535e-01 7.943772524595260620e-02
5.619320273399353027e-01 5.322706103324890137e-01 -5.990236997604370117e-03
5.287007093429565430e-01 4.262163937091827393e-01 -2.669990807771682739e-02
5.240421295166015625e-01 4.813347458839416504e-01 -6.335148960351943970e-02
5.256305932998657227e-01 4.887461960315704346e-01 -2.846421301364898682e-02
5.271399617195129395e-01 4.532605409622192383e-01 -4.761666804552078247e-02
5.346162319183349609e-01 3.576050996780395508e-01 4.698295146226882935e-03
5.518470406532287598e-01 3.294475972652435303e-01 -2.652606926858425140e-03
5.806208848953247070e-01 3.378863036632537842e-01 -1.856536488048732281e-03
5.935090780258178711e-01 3.401958346366882324e-01 4.779988899827003479e-03
5.950470566749572754e-01 3.497662842273712158e-01 9.082962758839130402e-03
5.943619012832641602e-01 3.810211718082427979e-01 3.756056725978851318e-02
6.223376393318176270e-01 4.330881237983703613e-01 8.549513667821884155e-02
5.957831740379333496e-01 4.103218913078308105e-01 2.103615924715995789e-02
5.857604742050170898e-01 4.250041842460632324e-01 2.434204891324043274e-02
5.656129717826843262e-01 4.164920449256896973e-01 8.339556865394115448e-03
5.447123050689697266e-01 3.974578678607940674e-01 5.161206237971782684e-03
5.389357209205627441e-01 3.980126976966857910e-01 1.983661437407135963e-03
5.350463986396789551e-01 3.956304192543029785e-01 9.794175624847412109e-03
6.242870092391967773e-01 4.406659901142120361e-01 1.197571083903312683e-01
5.341815948486328125e-01 4.888287186622619629e-01 -2.815791219472885132e-02
5.146771073341369629e-01 4.302751421928405762e-01 -3.153383731842041016e-02
5.249722003936767578e-01 4.712776541709899902e-01 -5.339208245277404785e-02
5.109351277351379395e-01 4.765402078628540039e-01 -4.064928367733955383e-02
5.314513444900512695e-01 4.789013862609863281e-01 -5.272281914949417114e-02
5.324472188949584961e-01 4.819692969322204590e-01 -1.554857008159160614e-03
5.176360011100769043e-01 4.827641844749450684e-01 -5.241186544299125671e-02
5.097821354866027832e-01 4.848057925701141357e-01 -4.367570951581001282e-02
5.334373712539672852e-01 3.844798207283020020e-01 1.356489676982164383e-02
5.271448493003845215e-01 3.743909001350402832e-01 1.025426294654607773e-02
5.298780798912048340e-01 3.775856494903564453e-01 -2.400150708854198456e-02
5.812718272209167480e-01 3.855459392070770264e-01 2.244108729064464569e-02
5.875837206840515137e-01 3.691773712635040283e-01 2.878722921013832092e-02
4.546700119972229004e-01 3.693447411060333252e-01 1.593481283634901047e-03
4.522851109504699707e-01 3.655863702297210693e-01 -2.614067867398262024e-03
4.417527019977569580e-01 3.486520648002624512e-01 1.763043738901615143e-02
4.264217615127563477e-01 3.629537522792816162e-01 1.209301128983497620e-02
4.481795728206634521e-01 3.748673200607299805e-01 3.542959690093994141e-03
5.683512091636657715e-01 3.645636141300201416e-01 4.294993355870246887e-03
5.796120762825012207e-01 3.820047974586486816e-01 1.889074221253395081e-02
5.717271566390991211e-01 3.674472272396087646e-01 1.552444510161876678e-02
5.473031401634216309e-01 3.706793785095214844e-01 1.704544574022293091e-02
5.605530142784118652e-01 3.876793980598449707e-01 2.063135243952274323e-02
