-1.608778110388217608e-02 -3.046151222578210582e-01 -5.179062942259839986e-01
2.419752156095889006e-02 -5.113319762647607902e-01 -2.219946706059074959e-01
2.719874424546003810e-02 -3.210631392559710751e-01 -2.886900200607536160e-01
-3.604034867135558207e-02 -4.637791362473391299e-01 1.416580499363304657e-01
2.397924806107235018e-02 -5.481044050218000230e-01 -1.201082715576367588e-01
2.285763705063383056e-02 -5.381403849571841924e-01 2.473070117948369950e-02
2.526770392237520646e-02 -3.955854051564771101e-01 3.935294915683864581e-01
-4.744232310840850175e-01 -1.251231220822802692e-01 4.958422677725073946e-01
2.576982022692825280e-02 -3.786151626218279276e-01 6.738166418340849617e-01
2.470914698611874349e-02 -4.085790777753031122e-01 8.090306053381324247e-01
2.320381328842349711e-02 -3.960190491761823584e-01 1.284600075207291248e+00
-1.491995928915049174e-02 -2.926727404349146466e-01 -5.470088381069930783e-01
-1.313618847113327132e-02 -2.680349786840522386e-01 -5.749745075172008058e-01
-1.045067831997958246e-02 -2.311505996737882596e-01 -5.942064895172149974e-01
-1.807247434011773762e-02 -2.099612521736046178e-01 -6.929373439439205917e-01
-1.913274249963092810e-02 -2.134913880514540674e-01 -7.366749157166205819e-01
-2.108456844453836243e-02 -2.237124358726978457e-01 -7.843925665273370207e-01
-2.082293557150688423e-02 -2.115905236609300077e-01 -8.291330851178519978e-01
1.245088681200540170e-02 -1.432524284069488507e-01 -8.960083512466026079e-01
2.304496403864342291e-02 -4.685486695933236412e-01 -2.659102142859297579e-01
-4.442774457276571498e-02 -3.707988374341775195e-01 -2.448157384487594790e-01
-7.360609675291800436e-01 1.521778873014549838e-01 9.432094869007290328e-01
-2.818530640832617173e-01 -1.883533196578472957e-01 3.862632290333367635e-01
-3.540324958306730885e-01 -1.806529954806552762e-01 3.795089047460813436e-01
-4.212429520089870927e-01 -1.607244591155145841e-01 3.917966250582449739e-01
-5.033832279111964958e-01 -1.104281046493413854e-01 4.687305105218513290e-01
-2.182488204206640692e-01 -1.835230585665210690e-01 4.116669913876953579e-01
-3.837040949513350618e-01 -2.451052401469990816e-01 6.968474374755744272e-01
-3.012711721923730934e-01 -2.443685944812394872e-01 6.813444324259814167e-01
-4.566233151919298905e-01 -2.188756656209520646e-01 6.810427932516183169e-01
-5.028339940070809533e-01 -1.852376528794050792e-01 6.418729254388066963e-01
-5.639682730560675594e-01 -6.563721671836125759e-02 4.101901342747811263e-01
-2.495043967116042927e-01 -2.908083743276750066e-02 -9.973972266499826489e-01
-4.975064052877238296e-01 -1.069339153358450090e-01 5.346309810384002326e-01
-7.593762478086696355e-01 2.355558417255756432e-01 5.120479120885805813e-01
-6.410259684484054254e-01 -4.307033014603934423e-03 5.002310628940109805e-01
-3.297857476675383204e-01 -1.974167046299657446e-01 -4.934937093977231903e-02
-9.518635889768045644e-02 -2.924887524800210414e-01 -4.960348969577654810e-01
-8.263984523900996804e-02 -2.542214954738895027e-01 -5.655856910212744282e-01
-1.631858173775079246e-01 -2.435581824198131962e-01 -5.166153931964105883e-01
-2.034838859664725996e-01 -1.898770432907616046e-01 -5.461630493687636978e-01
-1.383411345644285362e-01 -2.208660118071757994e-01 -5.662547917671840736e-01
-1.776727575604897247e-01 -1.694613553596462374e-01 -5.787070487354633030e-01
-3.130863699647559173e-01 -6.257311255107050885e-02 -6.826122391794915423e-01
-3.575430486037048383e-02 -5.037629733189707970e-01 -2.146525184045799950e-01
-4.631741915918363706e-02 -5.378539245080975473e-01 -1.154065810818529214e-01
-5.966280724913386457e-01 -1.752175581570687424e-01 7.417150640949863316e-01
-1.852139493441503637e-01 -2.424985790816469589e-01 1.989356247996969529e-01
-1.986191338611388302e-01 -3.350731705414748962e-01 -1.481349603726513919e-01
-2.041668362885451504e-01 -3.215989799699201512e-01 -8.797657259311120193e-02
-5.368747187300035861e-01 -1.087877740944876437e-01 -8.340868596746625618e-03
-4.181100473026841402e-02 -5.151129215049325971e-01 2.015932846976611903e-02
-4.358816466662509548e-01 -3.059470708335967348e-01 8.355284119142076804e-01
-5.309420530255679616e-01 -2.475558846425518489e-01 8.081276891238498017e-01
-6.657829132908119618e-01 -4.334255982008407282e-03 1.095574769315384334e+00
-1.263132612041063529e-01 -3.588663959853322094e-01 7.150220867763854571e-01
-2.282575678818805631e-01 -2.204931961900296056e-01 6.315587520070411465e-01
-3.584064903696615456e-01 -5.979109370496757392e-02 -5.748931226766793579e-01
-6.720555998401156472e-01 5.378281284578030341e-01 -4.053463654871174437e-01
-1.455567691753056891e-01 -3.008023984591445821e-01 -2.061036200976753552e-01
-8.999097368550534881e-02 -3.010663816437826323e-01 -2.384192476650477399e-01
-2.570978647201553891e-01 -7.181778265190669197e-02 -5.982233982978173437e-01
-2.437428375222150390e-01 -8.938060113461046563e-02 -6.053899045535637846e-01
-5.659371386487390687e-01 -2.229136695423132863e-01 8.800005447632655020e-01
-2.028723222138528737e-01 -2.905288428089853880e-01 -1.856506534966824162e-01
-3.049573448542313159e-01 -3.447334980489467071e-01 8.146085616147926700e-01
-3.157534532911103753e-01 -3.687871442786805343e-01 8.948495937151208501e-01
-3.824145432357330954e-01 -2.966011622172699536e-01 1.272032206080807804e+00
-6.147636423523623606e-01 -1.297011630022429918e-01 9.743029673127345802e-01
-3.407262276715514737e-01 -3.363691771430772359e-01 1.074255465757643080e+00
-6.349169735842941087e-01 -1.222754392359117759e-01 8.003402574400295677e-01
-6.846092435372068685e-01 8.031501144258587632e-03 8.531569112749397554e-01
-9.076741772736102165e-02 -2.807063609301198026e-01 -5.350366798371783972e-01
-1.510769131164367840e-01 -2.349259093420364986e-01 -5.428136579080753421e-01
-1.916018858040825501e-01 -1.851094537030817389e-01 -5.622197441413145924e-01
-1.292598130372123455e-01 -2.828486922053055075e-01 -2.229716081152401941e-01
-2.500011216516460077e-01 -8.090199603879208445e-02 -6.019629758069839909e-01
-2.324333535849838484e-01 -1.181895304677580416e-01 -6.426682267048677843e-01
-2.361179723755439941e-01 -9.134471685278758302e-02 -6.079395925632726794e-01
-1.134856704734345523e-01 -4.036180453427391512e-01 -1.906466480557802434e-01
-1.672623060421705166e-01 -1.554215581017392989e-01 -5.912275337755499294e-01
-1.265045969791299685e-01 -1.906362591825917496e-01 -5.837611069921502249e-01
-7.426299828407123549e-02 -2.210419299705596030e-01 -5.854866906468187970e-01
-8.413612486002772228e-02 -1.377803612266346178e-01 -8.867020630249671242e-01
-1.040383753857641036e-01 -2.077235204630467624e-01 -8.138056581068613404e-01
-1.007300590642599136e-01 -2.196785165106847071e-01 -7.678302641018461827e-01
-9.252690781971284473e-02 -2.081787125823283402e-01 -7.193218062320734241e-01
-8.292946366413228576e-02 -2.044677507289882623e-01 -6.782632061696789449e-01
-1.784944603784678341e-01 -1.515483824231076415e-01 -6.429224818890784121e-01
-1.940026153021943145e-01 -1.584741336117516664e-01 -6.610727163673106865e-01
-2.099332757793057613e-01 -1.655018904565768167e-01 -6.838784324384348245e-01
-2.213879673735956732e-01 -1.500845124336385172e-01 -7.090211594674191709e-01
-2.757439771620833202e-01 -1.771936682412932340e-01 -4.177015433266200173e-01
-7.517053669620801237e-01 5.710629909298781115e-01 1.167132157454349728e-01
2.713266961701787938e-02 -3.726778245094879427e-01 -2.738453925709192216e-01
-2.051588705890342590e-01 -1.168579932069890859e-01 -6.261547450491122824e-01
-2.188776131587546470e-01 -1.210375942463875476e-01 -6.342400881109049315e-01
-6.674567338057674215e-02 -3.014160241633756510e-01 -2.776454357181925570e-01
-1.775735288637197984e-01 -2.322175818439946582e-01 -2.389118458451355842e-01
-7.800048807472181878e-02 -3.024394256300255712e-01 -2.585638917037687001e-01
-2.584651017842960474e-01 -2.102703394752631905e-01 1.481563708449830097e-01
-3.736485028203060388e-01 -1.792618808156716259e-01 9.006891411265904868e-02
-2.157232608440445842e-01 -2.765005312388773007e-01 -1.259501054410351872e-01
-5.541740318371282115e-01 -1.618063195619900974e-01 1.208762921656806100e+00
-5.053558648967766409e-01 -2.413641176288141565e-01 1.053175182281591571e+00
-4.580667662041193466e-01 -3.040622676039150818e-01 9.168631479580402477e-01
-2.584140084486445943e-01 -9.162800430552209274e-02 -7.667049809688224471e-01
-1.461742433208309544e-01 -4.014635179933132569e-01 8.503403259861173069e-01
-1.700006962102134089e-01 -3.890491511746900777e-01 1.060996918844526515e+00
-1.967882218511779469e-01 -3.736210444333396552e-01 1.292482551045491590e+00
-4.752522097113183186e-01 -1.327882465923250210e-01 4.207001857155632241e-01
-6.427111855954747988e-01 -1.589226516097352881e-02 3.447447129804908084e-01
-1.759383573561332792e-01 -1.783560848697203216e-01 4.365917733172623993e-01
-5.671988349886474268e-01 -1.220046660579052200e-01 6.059999147732781921e-01
-1.361689529697807099e-01 -2.763171886116873033e-01 2.585281463072302000e-01
-1.574493517395006981e-01 -4.087998696724279846e-01 -1.235200588441947578e-01
-7.054779484555977476e-01 6.848844148874799753e-02 2.874702229967354139e-01
-5.986505315621855061e-01 -7.019233153932674663e-02 2.594993897482924528e-01
-5.112271958428560303e-01 -1.305358752084693763e-01 2.067219467671708166e-01
-3.757092051385422238e-01 -1.654860080746369810e-01 2.112369929548369996e-01
-2.749955924890713499e-01 -1.877734514569475710e-01 2.473756400597006966e-01
-1.996289573948200058e-01 -2.127057329872117375e-01 2.891860417979861264e-01
-4.162857703133276965e-02 -3.654873078131999353e-01 3.767746649346008780e-01
-6.921752531950211562e-01 7.579063970461197286e-02 7.073189916805844302e-02
-6.237415424185517310e-01 -9.046429623591084601e-02 6.317068808810906155e-01
-1.420279147356724031e-02 -4.643803850467747019e-01 -2.599610183094125393e-01
-1.799529885661791395e-01 -2.584129639314538540e-01 8.919233813752780460e-02
-7.785822977726550853e-01 4.589750102472218707e-01 5.596825976852621842e-01
-1.409156644752230791e-01 -2.303402699920837904e-01 3.372789424362754307e-01
-2.200408771589478230e-01 -2.076637776570928740e-01 -1.201662774269149359e-01
-5.256534353662667414e-01 -9.327214377149356528e-02 5.349304430221553108e-01
-1.612246979942117964e-01 -3.914181483220102731e-01 -5.059995781167309081e-02
-7.206421238581315336e-01 5.725053171406737640e-01 -1.352037017455727796e-01
-1.719528717351445080e-01 -1.667158129867916116e-01 4.727970534856891227e-01
-1.043376772788263129e-01 -4.678942221465698381e-01 -4.899872664521021104e-03
-5.383142660197086649e-01 2.049921096876576865e-01 -7.144817189538446023e-01
-5.315078281266512050e-01 3.428233867879044716e-01 -8.075424930941301760e-01
-7.469620794844100686e-01 3.254107582645759944e-01 8.874972057209096210e-02
-6.192865349216347681e-01 2.742004034187555117e-01 -5.600833413714454423e-01
-7.248500058723510442e-01 1.393884653827861531e-01 7.002603256136818999e-01
-2.601621303299127552e-01 2.380503756525548242e-02 -1.078918064866752236e+00
-2.034443837817423439e-03 -3.673754926251069364e-01 -2.681581016830714148e-01
-2.435676862652603747e-01 -2.216911427568244441e-01 2.226782707679557383e-02
-7.013822157568192495e-01 6.708940148254965985e-02 4.961607127496134861e-01
-4.098241667534558985e-01 -1.616692592039157272e-01 4.449177756133586570e-01
-3.504967818964330739e-01 -1.785697309697551471e-01 4.319818849887482326e-01
-2.436154652461112180e-01 -1.047339899980256894e-01 -6.519228491558735072e-01
-6.752370675000953781e-01 1.252130172714450151e-01 -1.300854046829604260e-01
-1.273420409495125138e-01 5.645405593868949023e-02 -1.207894442651213929e+00
-3.377492211744714812e-01 1.837610156300297781e-01 -1.057860935920550194e+00
-4.279605967567219338e-01 2.547512142932950585e-01 -9.570635995034209031e-01
2.380985586587498759e-02 -4.069950265888881979e-01 1.042501478702273499e+00
2.096023149651241035e-02 3.492507706124908795e-02 -1.229625208590773511e+00
-2.897147641780706273e-01 -1.833036230475475481e-01 4.385785636497632201e-01
-2.301058316074605647e-01 -1.775073229709136502e-01 4.554430446781925212e-01
-1.905599814981264739e-01 -1.660820204837771819e-01 4.650068492304333390e-01
-6.724293647267978180e-01 -2.319255081434395960e-02 6.706859456924885166e-01
-2.435637660015790296e-01 -1.999546204807201022e-01 5.587231459628765329e-01
-3.093145607946752307e-01 -2.134492267085159600e-01 5.965546933246672623e-01
-3.721678010325453201e-01 -2.100652617152576340e-01 6.057852111833041953e-01
-4.313669585306745269e-01 -1.905784414739424282e-01 5.923848023075244384e-01
-4.664663860243178917e-01 -1.650465746359930375e-01 5.682265775480015435e-01
-7.698399443512857765e-01 3.184860838955934081e-01 7.759540339040631451e-01
-4.486319982776820758e-01 -1.418128755399481467e-01 4.688655915789015083e-01
2.552937740709096404e-02 -3.011686299582660986e-01 -3.632175678898399429e-01
-2.074592899668864510e-01 -2.211999295310387303e-01 -3.752834157323647890e-01
-1.451011000851574195e-01 -3.290583086921070599e-01 -1.937353310177711840e-01
-7.426556302847342472e-02 -2.920324615229790144e-01 -3.630917459172582351e-01
2.562621989310277792e-02 -3.610799389635499512e-01 5.373238783924645379e-01
-4.470951526727069414e-01 1.531730578010515043e-01 -8.576041005335262035e-01
-3.588848850099441989e-01 9.374124531388777770e-02 -9.703507212754645117e-01
-1.357447327577473439e-01 -3.902439182363809378e-02 -1.157895096416901026e+00
-6.071265717123748296e-01 4.501511418071957316e-01 -6.330591325056698082e-01
-1.948483198943968819e-01 -1.809781954130402770e-01 5.056172645287371203e-01
-8.913782251443319593e-02 -3.669444549364786479e-01 2.091451659581511358e-01
1.541283301360037161e-02 -5.826371972721178238e-02 -1.177934883934416810e+00
-2.412527292084336583e-01 1.077211171158926062e-01 -1.146562330886493619e+00
-7.218614085690147064e-01 3.438686168073183946e-01 -1.373477985625654041e-01
-1.370682997085047039e-01 -1.810652100004813692e-01 -6.587748564032969156e-01
-1.524254712481305507e-01 -1.876326023038683566e-01 -6.897489014376425587e-01
-1.647437541529130911e-01 -1.961332100935782030e-01 -7.293084921081316452e-01
-1.722489927175896440e-01 -1.827620069902589073e-01 -7.717710621779718672e-01
-1.824000813860604531e-01 -1.231549118261996423e-01 -8.392685395399914761e-01
-2.087375092511702945e-01 -1.276864958726029453e-01 -5.954476252268390279e-01
-2.208497882725002359e-01 -1.300264864924334796e-01 -5.877975285374636982e-01
-2.311797754497129098e-01 -1.322268850191987699e-01 -5.790255498504455201e-01
-3.272767673074015171e-01 -1.224742968272099497e-01 -4.878818516934786409e-01
-5.888558933545189333e-01 -6.271754025918785391e-03 -2.111089119967377581e-01
-8.765889890534650508e-02 -3.165127934791096553e-01 3.253125514680224040e-01
-1.229334811336808553e-01 -2.228116434394165069e-01 5.452247631438140729e-01
-1.664740468519116945e-01 -1.971166473169716493e-01 5.394228512681529253e-01
-1.964450637777650499e-01 -1.199472918942510180e-01 -6.025149852986182442e-01
-5.934691670240228589e-01 1.270696467342031233e-01 -4.379718253974835829e-01
-6.542826626402148404e-02 -3.123655845753676719e-01 5.347891321554769650e-01
-2.191754080710619501e-01 -7.199681201822716314e-02 -9.128127478083878366e-01
2.365235265599816006e-02 -4.890560370752283781e-01 1.504897671206943954e-01
-4.025253966738517875e-02 -4.207707670003471012e-01 2.524507887316278509e-01
2.466732463723553259e-02 -4.400627319413827898e-01 2.674758857500572073e-01
-1.392312578468051232e-01 -3.438155608644211103e-01 4.915924331364820987e-02
1.344610169492990726e-02 -1.090414220272308832e-01 -1.093993935503607240e+00
1.320243818994158019e-02 -1.248175435894324781e-01 -9.863460952112719227e-01
-1.056884346137365593e-01 -1.080311262630365143e-01 -9.738666075532207422e-01
-3.773371564168552794e-01 -1.461018343820189719e-02 -7.041658336768485960e-01
-2.824797107891861003e-01 -1.801076322166301757e-01 -1.916509065205402873e-01
-3.084043489922747572e-01 -3.845795647381802795e-02 -8.237081930822003351e-01
-4.417748781571155803e-01 -1.527234821422376321e-01 -1.559707837661488128e-01
-3.492552040623690957e-01 -1.544297727742438564e-01 -2.829950109426697669e-01
-5.007224109669721201e-01 -7.595977344360671513e-02 -3.052464518948327932e-01
-1.279288016342195466e-01 -8.772206537430216056e-02 -1.076230584866068707e+00
-1.809289853520613667e-01 -2.860963773413860434e-01 9.723246401553975460e-04
-4.311286810440588813e-01 6.126344141445441704e-02 -7.642973846208933608e-01
-3.430845751818116796e-01 2.646531203843213720e-02 -8.882403576153961033e-01
-4.286386258048184850e-01 -2.373162842260016780e-02 -5.715570737094417542e-01
-6.547910894114110647e-01 1.722575440420925919e-01 -3.000503987737628275e-01
-5.133847987576569682e-01 4.955503708873523760e-02 -5.680165795008726981e-01
-6.851282401332654537e-01 3.406795566306837220e-01 -3.515848618329684427e-01
-4.051422964243440727e-01 -1.057060244540299343e-01 -4.015350151700223247e-01
-1.332460903831940158e-01 -3.097263704343831137e-01 1.510913373720157438e-01
-1.353771258709368652e-01 -4.189430815088950322e-01 -1.742246578958903669e-01
-1.764145122520455189e-01 -3.376993669261785236e-01 -1.847575230704825433e-01
-1.060144253330482234e-01 -4.763780035769400456e-01 -1.157630645261913949e-01
-1.808410027253901653e-01 -2.559557029571140063e-01 6.478584442187647063e-01
-2.993562970666041601e-01 -2.733652466008313908e-01 7.260741672516619616e-01
-4.014831689353108857e-01 -2.679992492221152656e-01 7.438221704774017340e-01
-4.844559963632986133e-01 -2.364318635169850857e-01 7.254000933978259624e-01
-5.403423490975245436e-01 -1.883863358869948268e-01 6.809220044508115244e-01
-5.750291068092177049e-01 -6.036662896375483145e-02 5.174532941644347517e-01
-7.636985949059056367e-01 2.825098157676673161e-01 3.039730195220524678e-01
-5.279359882182337316e-01 -9.653176237079097444e-02 3.577945145986654030e-01
-4.593139062906961279e-01 -1.349024762239486863e-01 3.161179637280027155e-01
-3.663308096113708778e-01 -1.646220944394078955e-01 3.071874640157372660e-01
-2.762044231634709357e-01 -1.826358880083553959e-01 3.256730889151064900e-01
-2.046742540467263449e-01 -1.885355374836434894e-01 3.567039783405028253e-01
-1.550552119727895972e-01 -1.976249252173951643e-01 3.855901053033528036e-01
-7.681704744237296545e-01 5.365663246537377695e-01 3.449905813322187154e-01
-1.759950429015759710e-01 -2.997577335199679283e-01 -2.058860081010935872e-01
-8.991213248568824534e-02 -4.088151868208200757e-01 1.054495496193325610e-01
-8.744598888857674224e-02 -4.717968367426828014e-01 -1.924755657726293645e-01
-5.187579892923260827e-02 -4.363404360263565263e-01 -2.375944182852252062e-01
-8.764693961993885729e-02 -4.358630116687134404e-01 -2.030305524689919316e-01
-1.570191347635926382e-01 -2.718957275919768879e-01 -2.327303733621031157e-01
-3.743119351476661971e-02 -4.539912716837002371e-01 -2.507766261054156232e-01
-2.691186686806909534e-02 -3.681246423532680279e-01 -2.604656463639642983e-01
-1.488880251777459085e-01 -1.751964515897379560e-01 4.678489656185751411e-01
-1.158672393829017211e-01 -2.128174191491376543e-01 4.375153816760968262e-01
-9.682175436543022373e-02 -2.582667066678654422e-01 4.111586495794621321e-01
-4.846586591085468854e-01 -1.392369811009559477e-01 5.497655741018507847e-01
-5.291706893246908017e-01 -1.402275010577758163e-01 5.964101092334441745e-01
8.348727519488019500e-02 -4.633564755824204351e-01 1.364603964276421832e-01
5.071628252535282932e-01 -1.358877029977388906e-01 4.586620200686142290e-01
9.520375027065020035e-02 -3.750237686440571760e-01 -2.510490899683495147e-01
7.461632058356579833e-01 1.307187278161050514e-01 8.647435565972991789e-01
3.094827516854428140e-01 -1.912345315104693189e-01 3.688935647259610207e-01
3.779046189648833654e-01 -1.861156265320567105e-01 3.581987642870072541e-01
4.430015733242402831e-01 -1.687697003318771038e-01 3.618423675244994975e-01
5.292429412730457194e-01 -1.209501254524656400e-01 4.258977275683411001e-01
2.528868643072873512e-01 -1.859271892162006612e-01 3.956597174644622683e-01
4.144897767701656299e-01 -2.539364859608728153e-01 6.671061972441165722e-01
3.337015121433082321e-01 -2.514304284554782498e-01 6.544093872086009789e-01
4.873670485352503690e-01 -2.314149846414692568e-01 6.476411565705224582e-01
5.323547374113974939e-01 -2.002609965309558593e-01 6.028517794606380598e-01
5.799844524320136863e-01 -7.913354323064175633e-02 3.574054483525483938e-01
2.710446550887786188e-01 -4.027157840654049803e-02 -1.008859552976951957e+00
5.317495280967432514e-01 -1.183739167307310547e-01 4.941166386219224549e-01
7.835551770642368297e-01 2.156965137285478118e-01 4.364216505824585202e-01
6.523469621474635716e-01 -2.108430598784524768e-02 4.373658390268915230e-01
3.640369425806779802e-01 -2.065913456928889502e-01 -8.124437780839949275e-02
6.445324419322454035e-02 -2.936343416269653339e-01 -5.042255053123236852e-01
5.833029138894671450e-02 -2.525140342607857802e-01 -5.749043870567080994e-01
1.409186462908365023e-01 -2.404646449029357314e-01 -5.328852680611999570e-01
1.907752564278443197e-01 -1.819628517219653574e-01 -5.635281542333210325e-01
1.197411623322993668e-01 -2.150422727369740716e-01 -5.799435850097149903e-01
1.678125448328541269e-01 -1.618483446364030742e-01 -5.917180120947720390e-01
3.103431356384924733e-01 -6.866675925110513057e-02 -7.125163311159381507e-01
8.199016453972751695e-02 -5.072763078781550306e-01 -2.201354729504694241e-01
9.091332151455228106e-02 -5.417480861806276415e-01 -1.218908832724519553e-01
6.150472246331766257e-01 -1.914827487121666394e-01 6.930068693307580574e-01
2.265076581134705114e-01 -2.446472144029634421e-01 1.800381922717597671e-01
2.416033695017549832e-01 -3.425697886608403131e-01 -1.658904439019390775e-01
2.456883669637014433e-01 -3.290557184805658064e-01 -1.063743659411763298e-01
5.620793345271439811e-01 -1.211582137103193180e-01 -5.938373660660423159e-02
8.740367650673336319e-02 -5.158516513615101218e-01 1.471914016069401920e-02
4.698594486759084532e-01 -3.215517052289864619e-01 7.987415838354952058e-01
5.577609573171802282e-01 -2.643292538508914546e-01 7.670900362524681881e-01
6.803465770786303324e-01 -2.533450970844020045e-02 1.021981925369476851e+00
1.754616069771302023e-01 -3.627703169640732472e-01 6.951026480695770005e-01
2.652313114863280585e-01 -2.239892774163350087e-01 6.060340204202288028e-01
3.629959239683251404e-01 -6.365366675134198626e-02 -6.124523926054121770e-01
7.170960882169836736e-01 5.164856423588881640e-01 -4.609666034445270011e-01
1.923371722660008887e-01 -3.086347145374781498e-01 -2.195062108129797185e-01
1.406122768558879521e-01 -3.106123054396534577e-01 -2.483427455772737602e-01
2.533858715993049238e-01 -6.232486861968103420e-02 -6.311166772180039075e-01
2.362312407316506935e-01 -8.269478384504300172e-02 -6.351696248104168330e-01
5.899699098878996573e-01 -2.403421363153617207e-01 8.297345763686752029e-01
2.441077728874527786e-01 -2.992374022964954250e-01 -2.034501840402929140e-01
3.477722482614891142e-01 -3.581311397801179019e-01 7.832389919769524589e-01
3.586681331984773458e-01 -3.829130949123396022e-01 8.576315532799041463e-01
4.135501706176123449e-01 -3.107210587728388429e-01 1.224771359752571342e+00
6.358722607915727743e-01 -1.472574105218669160e-01 9.126734612604852082e-01
3.774701148029357967e-01 -3.482708661028834918e-01 1.035450876308022572e+00
6.519595673144800152e-01 -1.386939398208610341e-01 7.382771570989126175e-01
7.038338196417961434e-01 -9.701677457752432010e-03 7.853796049249863742e-01
6.201521774256549269e-02 -2.804402877310501196e-01 -5.439724464259985126e-01
1.302150363242653430e-01 -2.304803310787707504e-01 -5.583305741027411173e-01
1.794397971220920152e-01 -1.776449787374151379e-01 -5.775832467343908760e-01
1.774700803249669168e-01 -2.917084809377856747e-01 -2.350493015216268411e-01
2.444062371276849444e-01 -7.350434642841680022e-02 -6.335237817177734598e-01
2.141564443457906197e-01 -1.133600177819515387e-01 -6.712571944891738696e-01
2.278932391723467177e-01 -8.447317619610367201e-02 -6.355867184658114954e-01
1.580232651094920504e-01 -4.060800288953714254e-01 -2.023906552731071784e-01
1.587898677684091986e-01 -1.478044805663119021e-01 -6.017490138970451596e-01
1.120633398253364499e-01 -1.834340208440385922e-01 -5.939808707622407091e-01
5.525416189852314086e-02 -2.168325815342131424e-01 -5.937934732742315980e-01
1.035025296659120575e-01 -1.403572270689797952e-01 -8.936978438935341273e-01
6.418349876926343622e-02 -2.062112069630964717e-01 -8.229396181910493269e-01
5.990320998939668851e-02 -2.166377361020968006e-01 -7.772960318696511273e-01
5.594511785033801088e-02 -2.043680993935496071e-01 -7.297178812692615146e-01
4.918592103527730242e-02 -1.999784642265848289e-01 -6.887473506625858555e-01
1.547554043661589773e-01 -1.454555849449016280e-01 -6.667817505607018802e-01
1.680972926563527592e-01 -1.546660376062052311e-01 -6.860527300247927229e-01
1.813647578869563848e-01 -1.628018540177410545e-01 -7.098310922090105279e-01
1.944957046743639451e-01 -1.478719000338820644e-01 -7.344874600814543797e-01
3.016254824463402429e-01 -1.833476166708197796e-01 -4.452138532292169160e-01
7.908880220095944047e-01 5.481704374800950852e-01 4.306914160465136199e-02
1.890696025026749050e-01 -1.086429436695479644e-01 -6.515794656165510013e-01
2.011771268546724833e-01 -1.151283203363649421e-01 -6.616714073980207722e-01
1.188559718445104663e-01 -3.068015484280663951e-01 -2.853647898193247823e-01
2.233415945020940097e-01 -2.433989712858719567e-01 -2.548518854168724257e-01
1.294705786063956032e-01 -3.103423532922175987e-01 -2.677821892773843970e-01
2.964805768913754136e-01 -2.137769078204461159e-01 1.225103573152470648e-01
4.068450310147850857e-01 -1.871316860969947093e-01 5.319331043013111882e-02
2.575159513610923989e-01 -2.847718244530004217e-01 -1.453877259462137417e-01
5.760878095799384369e-01 -1.818975882228990315e-01 1.144176560965448175e+00
5.331784228556011307e-01 -2.581642174114535671e-01 9.996060527481769320e-01
4.920253142605064411e-01 -3.203457196404653207e-01 8.731735296211802222e-01
2.623176736062495795e-01 -9.533477130557643786e-02 -7.839776206408295423e-01
1.978036693918281408e-01 -4.076467828318095510e-01 8.199000243599723348e-01
2.121322166059476100e-01 -3.960107785776985079e-01 1.039641621642183544e+00
2.352696293944435135e-01 -3.832502375889352830e-01 1.266000491688929586e+00
4.979205968597950616e-01 -1.427912542581937227e-01 3.828460995879445772e-01
6.503654590803087387e-01 -3.368976293019401713e-02 2.834619601475221184e-01
2.157665656977060253e-01 -1.779532074763749971e-01 4.214902204132240371e-01
5.905772364757657655e-01 -1.369146569951238956e-01 5.586760508895740607e-01
1.799740785923129582e-01 -2.771048142465013520e-01 2.442524532847958341e-01
2.005163595297432266e-01 -4.149615978724723320e-01 -1.394377581497499019e-01
7.309889733853678351e-01 4.991833127520542424e-02 2.184480425969430595e-01
6.059103305817337137e-01 -8.517962159784264742e-02 2.046690683278535872e-01
5.206685802480803815e-01 -1.427523824453196255e-01 1.614666874888741610e-01
3.927111736889754567e-01 -1.726326983893200495e-01 1.801367059551768346e-01
2.984183450337476451e-01 -1.920269210100100654e-01 2.266339228357423519e-01
2.283658300160341659e-01 -2.157170248127877610e-01 2.742344785552484066e-01
9.118411745011051339e-02 -3.659415952467208744e-01 3.704071478103281301e-01
7.203032278146572764e-01 5.928328291772957948e-02 4.994904395499336069e-03
6.383526463592734679e-01 -1.063875471672924289e-01 5.736328980347575879e-01
5.904040025205434250e-02 -4.651976615123869507e-01 -2.629082674269331843e-01
2.226291609544688299e-01 -2.609395986858762395e-01 7.143520399708586099e-02
8.037387456042255351e-01 4.386172546861881738e-01 4.798098305772477978e-01
1.765743002147535101e-01 -2.315057627304279997e-01 3.272592193278198724e-01
2.656965657334385833e-01 -2.160637944660186438e-01 -1.403221497868250012e-01
5.563067876093557018e-01 -1.050437465419911121e-01 4.901861948533101643e-01
2.027340874307937968e-01 -3.976507059274703160e-01 -6.629292219887034099e-02
7.650119659451410925e-01 5.486167189742836570e-01 -2.004385497392071613e-01
2.157879700065822304e-01 -1.645783925970192296e-01 4.570433119034176261e-01
1.463019579026185735e-01 -4.712579076323457627e-01 -1.587684099495624557e-02
5.675012002444508319e-01 1.848519783309061637e-01 -7.501677892007787563e-01
5.681694724267121188e-01 3.213390846831636338e-01 -8.392063801423699232e-01
7.865372902183618287e-01 3.053959925323959101e-01 1.831777836228784540e-02
6.522354744799012671e-01 2.534935127060777837e-01 -6.070149517152367835e-01
7.471066495459077750e-01 1.208694643596964213e-01 6.275303531003477708e-01
2.873725968522320429e-01 1.185219847552323319e-02 -1.088425338109476392e+00
5.685662441868677419e-02 -3.693172042203076710e-01 -2.708699040580198059e-01
2.826674864571634416e-01 -2.276208641281998180e-01 -1.580812219986599265e-03
7.055221465338954445e-01 4.974523486560333829e-02 4.210872580461519910e-01
4.403765515302540123e-01 -1.698892085426511045e-01 4.167130265181779869e-01
3.815680309397140313e-01 -1.842950693113976079e-01 4.096075686666984517e-01
2.270899410669688923e-01 -9.981012811482897762e-02 -6.817103617052326925e-01
7.057512090295041673e-01 1.082300173654461850e-01 -1.906279989000576602e-01
1.661223148395905014e-01 5.016550427362662101e-02 -1.210594892303372916e+00
3.752901173721685524e-01 1.688843969916511423e-01 -1.069148999759350183e+00
4.654980643538286778e-01 2.369576089214064929e-01 -9.758696833247273439e-01
3.232554154342657249e-01 -1.871715834640808040e-01 4.188365135576241904e-01
2.685792662937876996e-01 -1.782418513634613788e-01 4.372252169728154669e-01
2.333718909487331183e-01 -1.645208292315716303e-01 4.475873417986724334e-01
6.818551342420846595e-01 -3.903752569349702717e-02 5.989210584774844470e-01
2.791934711876129516e-01 -2.012106928136594419e-01 5.306105224190436065e-01
3.391678484228304313e-01 -2.183468766362886004e-01 5.637008440461137582e-01
4.011481766143210059e-01 -2.177677693304493900e-01 5.710335517733908794e-01
4.610845421789067089e-01 -2.009851039694139363e-01 5.553844276638577604e-01
4.967175886867281065e-01 -1.764613900042519834e-01 5.291894786493389624e-01
7.869616711677651644e-01 2.970253777547036123e-01 6.959414355193653812e-01
4.802362708520502288e-01 -1.514145110613955847e-01 4.355637259916367299e-01
2.441229642076837569e-01 -2.271119027897177123e-01 -3.957595835771003934e-01
1.914437445697168005e-01 -3.367094736009124123e-01 -2.077174281711291481e-01
1.213953109880454018e-01 -2.932885634872590686e-01 -3.713581602265423331e-01
4.754487869299044434e-01 1.342344062523296300e-01 -8.826645578214091792e-01
3.853826124919821350e-01 7.692453327747467151e-02 -9.861045105226433627e-01
1.639848613674241840e-01 -4.595548122833337246e-02 -1.163089029759318827e+00
6.491429984596077674e-01 4.290143620337711905e-01 -6.769860675026722063e-01
2.357448579833255620e-01 -1.789556040126176750e-01 4.856119569115411316e-01
1.353647530556050249e-01 -3.685624817414652199e-01 1.988568474027616606e-01
2.785053904761505272e-01 9.693625047659687466e-02 -1.151817270668768600e+00
7.619683195382962460e-01 3.234852306079598616e-01 -2.020753011791611709e-01
1.074359589912452506e-01 -1.752311080610189364e-01 -6.779551754375976458e-01
1.200587406679941571e-01 -1.831525046688666780e-01 -7.095609838041410100e-01
1.297510713891662504e-01 -1.920820335577467786e-01 -7.483139257581923331e-01
1.390143688452100124e-01 -1.793253837042056986e-01 -7.884520816004045862e-01
1.933111123682871302e-01 -1.240447068784866769e-01 -8.505381473639719303e-01
2.036830009242900363e-01 -1.192152681526045810e-01 -6.115283929633361648e-01
2.154438379025256367e-01 -1.197288698872903123e-01 -6.059636468587326075e-01
2.260392541001112754e-01 -1.213754522171647254e-01 -5.981031123123088378e-01
3.431544285078551582e-01 -1.247658916798714546e-01 -5.190925259027829863e-01
6.124553139055604056e-01 -2.246244579269122965e-02 -2.635950910333949571e-01
1.350355832359477759e-01 -3.172714058544423565e-01 3.145010254280595774e-01
1.694503540459010305e-01 -2.248858764567722712e-01 5.279107649885430575e-01
2.078243099736644117e-01 -1.956825255398719765e-01 5.200822784535485965e-01
1.921671389797721119e-01 -1.098539704656235072e-01 -6.172792795843280445e-01
6.205046209320195238e-01 1.078562432171976671e-01 -4.873177501166026104e-01
1.095610647278854044e-01 -3.126559818293326298e-01 5.241320717389843509e-01
2.345495382645408355e-01 -7.956112373717044717e-02 -9.236181407859103132e-01
8.794125713758516039e-02 -4.224332234603889180e-01 2.466287505525122103e-01
1.825316453850649445e-01 -3.483453345716320815e-01 3.439288525227630899e-02
1.276837438583243167e-01 -1.139013131661570921e-01 -9.799621110284424397e-01
3.820438068451625924e-01 -2.648350656442159667e-02 -7.374498578924439940e-01
3.198726744895830088e-01 -1.904927249912558018e-01 -2.177255231133938818e-01
3.181683757211959396e-01 -4.912820881358667680e-02 -8.425051644878180923e-01
4.670556132021663753e-01 -1.664226332789178198e-01 -1.969089540627629864e-01
3.768285911662234700e-01 -1.656605764050917973e-01 -3.160849523050217602e-01
5.213834251604183567e-01 -9.215335745431574299e-02 -3.516186969640862081e-01
1.521473509994580864e-01 -9.392299634463047164e-02 -1.083076083092548547e+00
2.230664605787039401e-01 -2.918284975737852616e-01 -1.625210080572021820e-02
4.494807109135074974e-01 4.466413750671940908e-02 -7.910287874937322883e-01
3.629438776462909910e-01 1.133992495418724433e-02 -9.056128585609322101e-01
4.370437202904287055e-01 -3.376592083839360936e-02 -6.150934470206081972e-01
6.856342448661534306e-01 1.533461007660118502e-01 -3.554730155012086890e-01
5.293894568926349464e-01 3.128516230438946333e-02 -6.108274536048980963e-01
7.241827339866739877e-01 3.218673194841052965e-01 -4.092015891819855700e-01
4.204272649334959144e-01 -1.163377082965791343e-01 -4.434258800191073213e-01
1.777503462367631126e-01 -3.110604510522221311e-01 1.368397067237960840e-01
1.781729738192878720e-01 -4.235069078162325695e-01 -1.877496984490734100e-01
2.197699654350108167e-01 -3.463238809740640800e-01 -2.010018392179608870e-01
1.504723410233123060e-01 -4.815597651038299176e-01 -1.274844606554044191e-01
2.253661335695325008e-01 -2.596977186999351872e-01 6.273265463374602113e-01
3.389087471135283636e-01 -2.834673525777335890e-01 7.006908153297084496e-01
4.376783514808826325e-01 -2.812248625048223705e-01 7.131367983284619960e-01
5.162884712910331686e-01 -2.512857922291926727e-01 6.895630085144639487e-01
5.673775460806864679e-01 -2.040506840034379543e-01 6.394958155026126967e-01
5.959072732922741089e-01 -7.449324746164731614e-02 4.641887218651472580e-01
7.947595884070666195e-01 2.644314784481518465e-01 2.294409251129498895e-01
5.450655224796818743e-01 -1.083564851411065177e-01 3.102325629984201694e-01
4.765701461209168599e-01 -1.450696387285248523e-01 2.764340890352992020e-01
3.870762495299584494e-01 -1.714184091199211224e-01 2.793074664980599309e-01
3.019903834365287310e-01 -1.863776390920250936e-01 3.065788974058993865e-01
2.370798979905887061e-01 -1.917156818478658042e-01 3.419754181770322532e-01
1.923552637698189294e-01 -1.990253360350746625e-01 3.738668744907434061e-01
7.998820001192363804e-01 5.170214448110659333e-01 2.671759607666388536e-01
2.190239254519784629e-01 -3.088831778976428577e-01 -2.213780495852430974e-01
1.363166823998992472e-01 -4.101262751748739888e-01 9.530162252620943963e-02
1.311877617267226959e-01 -4.765110474016682751e-01 -2.021590463420233075e-01
9.539576258664017594e-02 -4.410551682776320259e-01 -2.440466855554672687e-01
1.311194879362385102e-01 -4.402110706656614525e-01 -2.129351081821380109e-01
2.018296339294225472e-01 -2.819388353194949293e-01 -2.463742014783862899e-01
8.132314077200497593e-02 -4.576513279340144180e-01 -2.558583892651795644e-01
7.918539045508016239e-02 -3.719527919891834067e-01 -2.648485545254493090e-01
1.921665948772053323e-01 -1.747851381859391040e-01 4.530735747836045491e-01
1.574031025527790062e-01 -2.135135719647203167e-01 4.258318132834917336e-01
1.363065591873550142e-01 -2.597650413715937301e-01 4.022165325962157034e-01
5.163842779038700925e-01 -1.510990704352215275e-01 5.096789560578558476e-01
5.580315712995718158e-01 -1.553151899655309531e-01 5.535836163653269359e-01
-3.581983632045946386e-01 -1.701702103967384083e-01 5.307954211954923895e-01
-2.873806689563522809e-01 -1.767694863389723814e-01 5.286939129129741843e-01
-3.573209519526399092e-01 -1.793241087986641169e-01 6.174735510943611949e-01
-4.299724032967215948e-01 -1.635132387594810943e-01 5.328086409337511320e-01
-3.597132060228966921e-01 -1.610190909159032735e-01 4.442613476440215869e-01
3.879541239354282745e-01 -1.772012446622233117e-01 4.983504112009555786e-01
4.572811916777292929e-01 -1.834829296226774265e-01 4.947741878468923105e-01
3.869540431667610747e-01 -1.865111265515544403e-01 5.864830800673987987e-01
3.180762343341028142e-01 -1.709471835007052576e-01 5.025443634180635222e-01
3.892156879457608909e-01 -1.679093595951930418e-01 4.101714660892048503e-01
