-1.511001457514649093e-02 -1.658678129670900780e-01 -3.532241212299882527e-01
1.477753950861782073e-02 -3.123785229549049802e-01 -1.356549988232482740e-01
1.510444753399908802e-02 -1.989102661100201619e-01 -1.807955296525600719e-01
-2.201000937445651839e-02 -2.832320860589869760e-01 8.651123315973707761e-02
1.464423886209781367e-02 -3.347299218084112127e-01 -7.335068056299182127e-02
1.395926577597819684e-02 -3.286448481863635251e-01 1.510315145721893848e-02
1.543110487841881096e-02 -2.415858557664933848e-01 2.403303086264820809e-01
-2.897324845228226309e-01 -7.641327544039744346e-02 3.003921274068013236e-01
1.573774965233754042e-02 -2.312220493371928143e-01 4.115029723677530171e-01
1.508999154693366207e-02 -2.495211523630072037e-01 4.940787718257322325e-01
1.417067722231141191e-02 -2.418506841960383902e-01 7.845112697317464523e-01
-1.447030574367105804e-02 -1.559729750179553731e-01 -3.727250465442275562e-01
-1.282228398278770914e-02 -1.388850799442423734e-01 -3.882974052736971604e-01
-9.839720656095764240e-03 -1.173859095123100937e-01 -3.955496944163561235e-01
-7.845491976218789409e-03 -1.332737202424344458e-01 -3.855695795459967989e-01
-8.213735743787670129e-03 -1.356258079133693117e-01 -4.119155745123896928e-01
-9.539718699897406506e-03 -1.415985100959444853e-01 -4.438311170223085966e-01
-9.386550539575433394e-03 -1.337484108420724516e-01 -4.753263686536550736e-01
1.008771897704691112e-02 -9.097021090968093748e-02 -5.256708048246223619e-01
1.407366724306102768e-02 -2.870812528906772076e-01 -1.637000511077811860e-01
-2.727837628818741145e-02 -2.288681946385240362e-01 -1.520223396337080368e-01
-4.495158729794672681e-01 9.293574700491458174e-02 5.760224419044313038e-01
-1.721289835251349487e-01 -1.150282526171602093e-01 2.164616286916543064e-01
-2.162092998364508745e-01 -1.103256286533400576e-01 2.112124220296345278e-01
-2.572550395443444771e-01 -9.815517835565579219e-02 2.208384174323907434e-01
-3.074184899347391919e-01 -6.743895961437296194e-02 2.795095882590563630e-01
-1.332855746548529119e-01 -1.120783895936190433e-01 2.354143210049948198e-01
-2.343298840948362383e-01 -1.496869156998905659e-01 4.469566887468627847e-01
-1.839877129012865709e-01 -1.492370427489690954e-01 4.371106950684815473e-01
-2.788619926964699403e-01 -1.336683919483392380e-01 4.358057820987704112e-01
-3.070830702225553210e-01 -1.131255003539530790e-01 4.090274325490450558e-01
-3.444180601594943880e-01 -4.008495279266460765e-02 2.436135051779004801e-01
-1.462127749852175640e-01 -1.734570688839988384e-02 -5.960677391380277967e-01
-3.038294868922282177e-01 -6.530504409414378264e-02 3.312049991211367672e-01
-4.637546236141831812e-01 1.438550534531470859e-01 3.127100441608747783e-01
-3.914775548781834758e-01 -2.630326447268231671e-03 3.052438435904547553e-01
-2.014016974118151282e-01 -1.205633041789444526e-01 -3.013789147581702466e-02
-6.341529043949634126e-02 -1.653649986061582755e-01 -3.357493503241262278e-01
-5.516654211951232956e-02 -1.353620267146946610e-01 -3.816451417988198092e-01
-1.090178198308436874e-01 -1.404664061743996495e-01 -3.421963413474939930e-01
-1.467226193009063540e-01 -1.047043592148112490e-01 -3.393175379558872606e-01
-9.300037221425927481e-02 -1.209737079645584190e-01 -3.718645105977285148e-01
-1.279928725916016363e-01 -9.165206853588814262e-02 -3.549277328227444794e-01
-1.980034674058201993e-01 -3.269794572123169152e-02 -3.974534984744844124e-01
-2.183532219432557375e-02 -3.077534639964918384e-01 -1.311637811080035299e-01
-2.828626435305570119e-02 -3.284699054512834060e-01 -7.047934066371291939e-02
-3.643635523158872402e-01 -1.070061816763607787e-01 4.543465316322645720e-01
-1.131110244941904153e-01 -1.480950156045945931e-01 1.214909069286311816e-01
-1.212976333301847287e-01 -2.046781450942474212e-01 -9.047118332975190302e-02
-1.246856411307573076e-01 -1.964020001165920348e-01 -5.372770405647964154e-02
-3.278718999061123185e-01 -6.643719985392598781e-02 -5.093808546651618085e-03
-2.553417711191616202e-02 -3.145818686332040315e-01 1.231139945096618171e-02
-2.661949587880299006e-01 -1.868433060551102365e-01 5.102611061438651063e-01
-3.242487932330648803e-01 -1.511835357468394037e-01 4.935313054217105311e-01
-4.065967367993437165e-01 -2.646950107085994930e-03 6.690726141869878241e-01
-7.714009896441953451e-02 -2.191613852529772366e-01 4.366673301748544844e-01
-1.393979635070459189e-01 -1.346562254266863157e-01 4.022921684261917541e-01
-2.453980150180459230e-01 -2.096008702059062867e-02 -3.289191843494037037e-01
-4.104274957914988420e-01 3.284541427858995721e-01 -2.475469198599671294e-01
-8.899038993036179068e-02 -1.852636384269201741e-01 -1.265545290097727094e-01
-5.565870865671063150e-02 -1.866259098960727503e-01 -1.473019770354567770e-01
-1.872474529333270077e-01 -2.747031990358977938e-02 -3.351708080041486681e-01
-1.754681944338388755e-01 -4.028371671421590583e-02 -3.396253403114304348e-01
-3.456204555787758537e-01 -1.361344198154306184e-01 5.374204455230593425e-01
-1.238950753352052736e-01 -1.779328977569378800e-01 -1.135108283812675811e-01
-1.862388757738546730e-01 -2.105303584306614795e-01 4.974852557934408281e-01
-1.928321096537537471e-01 -2.252200326020736831e-01 5.464888113237660328e-01
-2.335423488351731081e-01 -1.811357159833844044e-01 7.768360133180731708e-01
-3.754390295897653829e-01 -7.920910642649192646e-02 5.950113757128505654e-01
-2.080830996825087098e-01 -2.054222285613334087e-01 6.560528336586024523e-01
-3.877467631632169898e-01 -7.467418221697741387e-02 4.887715357485031831e-01
-4.180940646689572660e-01 4.904871393024409776e-03 5.210268952995193992e-01
-6.075613863409284887e-02 -1.544870213955097382e-01 -3.635954093275546306e-01
-1.014576502710373695e-01 -1.321794085247864903e-01 -3.592145357273937023e-01
-1.378423528341650162e-01 -1.014055560587336924e-01 -3.485616091896888147e-01
-7.939552061116894599e-02 -1.747934581682033528e-01 -1.369908897888107990e-01
-1.813373973756463586e-01 -3.391913857313919034e-02 -3.373479431957746577e-01
-1.509154157512243577e-01 -6.594207385966621704e-02 -3.649623638201542342e-01
-1.684958921668249232e-01 -4.287107875000159551e-02 -3.418186707505790345e-01
-6.930622935321417710e-02 -2.473290348419117102e-01 -1.169891751006820746e-01
-1.200379843612275899e-01 -8.378298699772412927e-02 -3.598451293205273682e-01
-8.552383899420190616e-02 -1.019702501351956725e-01 -3.768073670693761201e-01
-4.902805881496163920e-02 -1.149240743028655531e-01 -3.898989777137975565e-01
-4.561922141128757491e-02 -8.661431471509772884e-02 -5.207715623219901779e-01
-5.755586528929734769e-02 -1.301975693204451279e-01 -4.674897167135383391e-01
-5.573906814523743591e-02 -1.378460845385924838e-01 -4.359950262484719730e-01
-5.079078575044737587e-02 -1.309922915833424684e-01 -4.046946445692154448e-01
-4.564990500491877823e-02 -1.286010365793179844e-01 -3.803072170840668953e-01
-1.073193696108091233e-01 -9.118004997434758785e-02 -3.647387945668203457e-01
-1.148328599452050902e-01 -9.589729965570770176e-02 -3.761328129506931184e-01
-1.221498998100897238e-01 -1.008756751851915823e-01 -3.913189470716100793e-01
-1.269143520185959106e-01 -9.181235598549242205e-02 -4.077225828684007958e-01
-1.820284809213138510e-01 -1.028533675708160899e-01 -2.577174941080431214e-01
-4.590699808299705253e-01 3.487508375234327218e-01 7.127731300800094205e-02
1.620984409010318983e-02 -2.300496870105221969e-01 -1.706878049732616365e-01
-1.344021376455839523e-01 -6.542692442455255719e-02 -3.545811586026150763e-01
-1.426333580264467216e-01 -6.785944200516574876e-02 -3.594619834042500628e-01
-4.218145396400907465e-02 -1.868728638951178134e-01 -1.728391876049103493e-01
-1.092867959580584580e-01 -1.431730918698314037e-01 -1.461930808451705754e-01
-4.868814034070334529e-02 -1.875825407111642029e-01 -1.603407755705766879e-01
-1.578458456414328914e-01 -1.284130790526734067e-01 9.047979255814142530e-02
-2.281888869838519796e-01 -1.094760684258173633e-01 5.500551124984409679e-02
-1.317432036177679233e-01 -1.688601667010729557e-01 -7.691832026686679091e-02
-3.384366712719923953e-01 -9.881587558658200265e-02 7.381971656202921395e-01
-3.086231885612962245e-01 -1.474021946932460025e-01 6.431789882235805500e-01
-2.797435149758342732e-01 -1.856922479137868010e-01 5.599325917841047051e-01
-1.464772961257112538e-01 -5.590938379822263382e-02 -4.496531677878450317e-01
-8.926929356686952310e-02 -2.451756467483354740e-01 5.193068112936458647e-01
-1.038202197035014152e-01 -2.375941349114922829e-01 6.479557592988158810e-01
-1.201794868086147883e-01 -2.281721180186000453e-01 7.893251345662619656e-01
-2.902387456448503045e-01 -8.109440280297897097e-02 2.431213202607804824e-01
-3.925067248660552011e-01 -9.705485057534768423e-03 2.105372074417704020e-01
-1.074463771160103498e-01 -1.089228946082294591e-01 2.541342012064933265e-01
-3.463909794303159373e-01 -7.450882199588976240e-02 3.808135136475150340e-01
-8.315901598801245242e-02 -1.687481985017642572e-01 1.578404278547422823e-01
-9.615505497433818327e-02 -2.496559910064908294e-01 -7.543427500447613676e-02
-4.308386802961532425e-01 4.182621575831635408e-02 1.755594087263658842e-01
-3.655986775227688668e-01 -4.286678270295235516e-02 1.584774901349708109e-01
-3.122088378107568118e-01 -7.971886684778090038e-02 1.262460679387154006e-01
-2.294473675206507579e-01 -1.010630785589219371e-01 1.277043917171090115e-01
-1.679410980214258720e-01 -1.146741243967555057e-01 1.456198657997134216e-01
-1.219143372817903526e-01 -1.299003852526570135e-01 1.688379933127790444e-01
-2.542276655145514486e-02 -2.232048070502430370e-01 2.300980399008094590e-01
-4.227146621280510885e-01 4.628569788838898802e-02 4.319629695135562830e-02
-3.809218751199701103e-01 -5.524696628772135520e-02 3.914970818409853059e-01
-8.673711410160621360e-03 -2.845133485950628316e-01 -1.599533959669524608e-01
-1.098981311590649934e-01 -1.578140048110268090e-01 5.447017330809400537e-02
-4.754838480900156483e-01 2.802981838577940366e-01 3.418007603868784550e-01
-8.605785488897077506e-02 -1.406698794196188373e-01 1.964830578546394868e-01
-1.343799920804127357e-01 -1.268212395680952120e-01 -7.338610946691387360e-02
-3.210190097112519680e-01 -5.696173634912055084e-02 3.312127881887279024e-01
-9.846067657682988639e-02 -2.390408925412823571e-01 -3.090163294754949552e-02
-4.400995130869009841e-01 3.496316728813289032e-01 -8.256953032989194918e-02
-1.050124224204098677e-01 -1.018141261664826658e-01 2.820855058764510925e-01
-6.371950715452412428e-02 -2.857451882502193286e-01 -2.992377360859721502e-03
-3.287510381639107138e-01 1.251896394526545997e-01 -4.363373250201254550e-01
-3.245943147315450972e-01 2.093638445563046346e-01 -4.931699747233677655e-01
-4.561732329987755463e-01 1.987298798330561223e-01 5.419987358913791464e-02
-3.782011812203478485e-01 1.674554767881824002e-01 -3.420455142227893930e-01
-4.426692862992558375e-01 8.512518726558804261e-02 4.276522536411242470e-01
-1.571359176778408528e-01 1.465880720361281697e-02 -6.569587677315475993e-01
-1.645921995116112618e-03 -2.268949722346533804e-01 -1.670434712298907165e-01
-1.487479243582863209e-01 -1.353878169938402820e-01 1.359906662443198522e-02
-4.283373971948876147e-01 4.097180881519341122e-02 3.030076661698752893e-01
-2.502815340211057560e-01 -9.873217218533048012e-02 2.599388598324152699e-01
-2.140500228120343351e-01 -1.090533692800330634e-01 2.496628712980100140e-01
-1.578231352431834766e-01 -5.753038039390040437e-02 -3.715714641877738700e-01
-4.123704329605928365e-01 7.646817262833455198e-02 -7.944376684095327823e-02
-7.776837956312077083e-02 3.447675914598105629e-02 -7.376667814325887917e-01
-2.062647810871049980e-01 1.122237256029128272e-01 -6.460404724796418030e-01
-2.613575365878713086e-01 1.555777482962705793e-01 -5.844832132205084463e-01
1.454079025680679593e-02 -2.485537649001239302e-01 6.366605075622744359e-01
1.280051133622023274e-02 2.132890556552130557e-02 -7.509378617544051338e-01
-1.769301605160622515e-01 -1.119443792966117179e-01 2.549031253950553300e-01
-1.405267068024407262e-01 -1.084045517497913558e-01 2.682998785957229071e-01
-1.163758713162379443e-01 -1.014270661227518744e-01 2.758971652686776910e-01
-4.106557557546510751e-01 -1.416380140098055795e-02 4.096337064112987036e-01
-1.487455302349340869e-01 -1.221132212503928116e-01 3.503432392732190870e-01
-1.888998479128929375e-01 -1.303544403431051713e-01 3.803957581255050791e-01
-2.272846154817482756e-01 -1.282878371061713096e-01 3.877282751985213771e-01
-2.634378176434504226e-01 -1.163871449097446664e-01 3.770833125121058060e-01
-2.848732020571187462e-01 -1.007947145041732107e-01 3.578925703880813103e-01
-4.701448519966708872e-01 1.945009488322442248e-01 4.738787550618166478e-01
-2.739816581081244706e-01 -8.660578587947087570e-02 2.789624433523358871e-01
1.220754884806621310e-02 -1.801427123758236881e-01 -2.324261722435652100e-01
-1.304014513009318366e-01 -1.351696638815329532e-01 -2.372450930125558077e-01
-8.861391997732148695e-02 -2.022763956440019051e-01 -1.189830029253361454e-01
-4.878880152571524187e-02 -1.757950950989166650e-01 -2.315916449174064695e-01
1.565005225732910010e-02 -2.205132062951542515e-01 3.281462038112032964e-01
-2.722504486452663741e-01 9.359841115313116688e-02 -5.232662779300065736e-01
-2.166564506218584540e-01 5.742250869918780198e-02 -5.903315166655378476e-01
-8.283370217899344023e-02 -2.382779286008179787e-02 -7.068869100562693575e-01
-3.707750348567424581e-01 2.749094061615808826e-01 -3.866121709335565981e-01
-1.189947796171382244e-01 -1.105242297719262190e-01 3.081571624373424800e-01
-5.443688481073516439e-02 -2.240946936086607444e-01 1.277259392239848967e-01
9.412689155970849209e-03 -3.558192594307119094e-02 -7.190337867189606769e-01
-1.473341692643264089e-01 6.578579412457041808e-02 -7.002109741315454272e-01
-4.408441359583772368e-01 2.100021803111322694e-01 -8.387893805261337210e-02
-7.731701159615717023e-02 -1.127765197140192521e-01 -3.731596192794808253e-01
-8.558924414993795970e-02 -1.168907953930702348e-01 -3.916086153265534442e-01
-9.251048955529861395e-02 -1.220686105620070183e-01 -4.154030154460817137e-01
-9.638256128229627517e-02 -1.137033430779998966e-01 -4.427698731589182479e-01
-1.016514693543899561e-01 -7.643388828969077675e-02 -4.911140726584832805e-01
-1.574385509967347607e-01 -6.221145729988131201e-02 -3.375634217980667540e-01
-1.677701111196590045e-01 -6.180342977195901755e-02 -3.323644326738457444e-01
-1.762495380438734438e-01 -6.180189822140824685e-02 -3.271191987944568336e-01
-2.280073702309315387e-01 -5.853900355818808521e-02 -2.845909572590514802e-01
-3.596170461923957618e-01 -3.830187271538998406e-03 -1.289251992107529610e-01
-5.353369925065831758e-02 -1.932958422554738043e-01 1.982526251840801557e-01
-7.507605147941864843e-02 -1.360721119975547566e-01 3.373528489348116555e-01
-1.016664784579752734e-01 -1.203800577755287371e-01 3.344054936856386551e-01
-1.468251452014355252e-01 -5.944483616183343644e-02 -3.423739822797970955e-01
-3.624343939833014616e-01 7.760202936697607745e-02 -2.674714407080087675e-01
-3.995734799785954916e-02 -1.907631223952539479e-01 3.271904920118022808e-01
-1.251403900116327961e-01 -4.395689169881411562e-02 -5.446156928799559260e-01
1.444460231041627685e-02 -2.986688075305865553e-01 9.190479522389316536e-02
-2.458241410214156986e-02 -2.569666739527289856e-01 1.541728765512266897e-01
1.506445044300663838e-02 -2.687483671065846735e-01 1.633487735227947546e-01
-8.502917988862757070e-02 -2.099697699019320574e-01 3.002177853383505846e-02
8.207722529741584561e-03 -6.668595347950390106e-02 -6.602917825699403664e-01
9.035157412895650220e-03 -7.755742569372320316e-02 -5.919245260907404216e-01
-6.045189149369872839e-02 -6.669517563422183715e-02 -5.839535899113390549e-01
-2.296386642621928154e-01 -6.756722692363319183e-03 -4.207400093091844262e-01
-1.725116795971857186e-01 -1.099925727591495317e-01 -1.170421043260545524e-01
-1.780595105520250687e-01 -2.286569931759632746e-02 -4.916012991933333964e-01
-2.697939828025468501e-01 -9.326894432411325653e-02 -9.525208660266670790e-02
-2.137700475389197052e-01 -9.431098398772652658e-02 -1.728813497953389788e-01
-3.057935165911089825e-01 -4.638898865326912535e-02 -1.864154347947422075e-01
-7.614257505682137106e-02 -5.351270015109110822e-02 -6.491484316861098058e-01
-1.104941769576945898e-01 -1.747203947637365751e-01 5.938032020718075898e-04
-2.599114557533892533e-01 3.764805704036741640e-02 -4.599440832569645643e-01
-2.024878456571737040e-01 1.664982526029609722e-02 -5.293481320028279313e-01
-2.723442736748773463e-01 -7.318821693142477103e-03 -3.397332265885413261e-01
-3.998839785839862770e-01 1.051984872222022638e-01 -1.832421808690436471e-01
-3.135320275337909468e-01 3.028277662554193506e-02 -3.466236086895500002e-01
-4.184110183157914165e-01 2.080545885628188874e-01 -2.147145183146079717e-01
-2.525164529976153815e-01 -5.909792606440750218e-02 -2.421011656500204889e-01
-8.137401014587553050e-02 -1.891513419845267663e-01 9.227217698791867484e-02
-8.267544347800637183e-02 -2.561347095634329829e-01 -1.065352460075633667e-01
-1.077371671363369643e-01 -2.068363773402037697e-01 -1.130956001327906302e-01
-6.474350502781212047e-02 -2.909262732201796098e-01 -7.069704232080470385e-02
-1.104404455563843257e-01 -1.563133440495594328e-01 4.076879674562978728e-01
-1.828182897124763784e-01 -1.669454337193183591e-01 4.575407265705351278e-01
-2.451876476704555330e-01 -1.636683940412111404e-01 4.673381509599305872e-01
-2.958595411687179322e-01 -1.443900440554015674e-01 4.554394421389833525e-01
-3.299895979781330979e-01 -1.150484157826077158e-01 4.280556311470342656e-01
-3.511729630272801828e-01 -3.686618021791471245e-02 3.170363153468456208e-01
-4.663943011877087486e-01 1.725300648482450683e-01 1.856377347961701840e-01
-3.224129754058573383e-01 -5.895239843788124823e-02 2.089543151651622743e-01
-2.805051492554335724e-01 -8.238557272023272482e-02 1.801502107713344181e-01
-2.237199375406389024e-01 -1.005354824642363809e-01 1.710403332541237109e-01
-1.686793365639628339e-01 -1.115365903874008247e-01 1.813018591436159621e-01
-1.249955235271840159e-01 -1.151395338950007563e-01 2.013860009695982445e-01
-9.469294262937766327e-02 -1.206904654648428554e-01 2.207376490633083943e-01
-4.691252989093532832e-01 3.276835622024032446e-01 2.106873603932792882e-01
-1.075199147616011652e-01 -1.840772068568468089e-01 -1.261306990511116277e-01
-5.490975952905341462e-02 -2.496653452606012458e-01 6.439852611672075566e-02
-5.340367410834490070e-02 -2.883275659218675901e-01 -1.176626996654309698e-01
-3.168079285668257139e-02 -2.677037263281187851e-01 -1.464581967614020375e-01
-5.352639565916605946e-02 -2.669367014542900485e-01 -1.245833471340719312e-01
-9.647258015541193554e-02 -1.677400853678816528e-01 -1.427277547201519781e-01
-2.285940593279708888e-02 -2.782508225447333228e-01 -1.543588354695879516e-01
-1.674198100359140795e-02 -2.273125076734283656e-01 -1.620388607831080297e-01
-9.092661283022063223e-02 -1.069932917970466413e-01 2.783949525806632685e-01
-7.076066308660211579e-02 -1.299685925137299414e-01 2.576413013867739910e-01
-5.912949790433563724e-02 -1.577246848165945181e-01 2.437644026141476683e-01
-2.959833082544207628e-01 -8.503267510668610640e-02 3.427264100010389836e-01
-3.231670131421617853e-01 -8.563759027368389454e-02 3.766000533093474267e-01
5.098606915386505456e-02 -2.829739652155427443e-01 8.333699742138700461e-02
3.097267076963090560e-01 -8.298725531561568225e-02 2.753380767573363475e-01
5.797567480407195273e-02 -2.312554771447683510e-01 -1.558125994682965088e-01
4.556853571278072224e-01 7.983053801408424022e-02 5.281029137500934389e-01
1.890025628759541831e-01 -1.167878221614029322e-01 2.044496102998232256e-01
2.307881170050469777e-01 -1.136616829669905293e-01 1.958772220026789856e-01
2.705431312742838657e-01 -1.030684447673273496e-01 1.989903359043279085e-01
3.232111377447042244e-01 -7.386480689534158373e-02 2.495179925811170651e-01
1.544391899433572579e-01 -1.135466034175025563e-01 2.253288319194985956e-01
2.531308438638530944e-01 -1.550801987927918901e-01 4.276413702197086053e-01
2.037930730781765121e-01 -1.535497377617502934e-01 4.207100224298083724e-01
2.976373343354392631e-01 -1.413262126788650264e-01 4.146957491200500279e-01
3.251115261899180098e-01 -1.223003265361737313e-01 3.854494717400318571e-01
3.541992157587943169e-01 -4.832722247115178726e-02 2.107773692758956319e-01
1.653874519837075230e-01 -2.492657230391581713e-02 -6.052760624265105527e-01
3.247419220329073042e-01 -7.229150418861718386e-02 3.037040466254230520e-01
4.785208087150039091e-01 1.317268690293267319e-01 2.665247417034604105e-01
3.983913386408381996e-01 -1.287628532007431548e-02 2.652573903357517970e-01
2.223190622242068315e-01 -1.261663003553579188e-01 -4.961632346159555729e-02
3.711566488446108036e-02 -1.645005249212738718e-01 -3.385411620996783277e-01
3.465560991306007588e-02 -1.351490421942275200e-01 -3.820658601257964637e-01
9.173819605735999971e-02 -1.406923588492609012e-01 -3.479140351009704091e-01
1.349990816547163019e-01 -1.080231299871402539e-01 -3.514034598651814001e-01
7.907463607924358762e-02 -1.220952726081822037e-01 -3.764527101655352759e-01
1.197003348275026413e-01 -9.569308602847159673e-02 -3.671293937392621221e-01
2.326928070419829186e-01 -3.842446910274707750e-02 -3.986152201797543704e-01
5.007177667975537538e-02 -3.099101949652571797e-01 -1.345236618059313383e-01
5.552119034821234589e-02 -3.308480881847417621e-01 -7.443932986857643153e-02
3.756122146140299378e-01 -1.169394095665658995e-01 4.258727114199523101e-01
1.383292854329691846e-01 -1.494071972373447466e-01 1.099501654602774714e-01
1.475483069302363504e-01 -2.092836071446024793e-01 -1.013257546552479571e-01
1.500430339721956496e-01 -2.009558651754121961e-01 -6.496332688789452359e-02
3.432644765715968660e-01 -7.399188736694961577e-02 -3.626592993436383860e-02
5.337783373899884776e-02 -3.150330144091988416e-01 8.989043796209669757e-03
2.869453612765155981e-01 -1.963731292113570781e-01 4.877952183065339398e-01
3.406272234267824217e-01 -1.614271107156408647e-01 4.685304200606745795e-01
4.154908343403889148e-01 -1.547190793265051934e-02 6.241291204402217296e-01
1.071552234313770668e-01 -2.215455280403504368e-01 4.245024358596332092e-01
1.619780015295257947e-01 -1.367912985711368101e-01 3.889477603643070047e-01
2.694115030853154735e-01 -2.995651130808985041e-02 -3.297113944004494979e-01
4.379339325478355249e-01 3.154201956743651891e-01 -2.815144591314466815e-01
1.173384683003029227e-01 -1.898632294118753894e-01 -1.348011426351120035e-01
8.515055953959438373e-02 -1.920534299208518370e-01 -1.534534968826247736e-01
2.094611006963698063e-01 -3.106360238240099547e-02 -3.367631458424522606e-01
1.964700179284503134e-01 -4.463408424261836038e-02 -3.410014072188223277e-01
3.602973812958820687e-01 -1.467780659287125644e-01 5.067227659038935350e-01
1.490777577826483125e-01 -1.832278835632121794e-01 -1.244351602719688810e-01
2.123861373875906011e-01 -2.187123608521046592e-01 4.783276952106398916e-01
2.190403052424292341e-01 -2.338468166741449750e-01 5.237595978787847883e-01
2.525570219950754591e-01 -1.897588028016712336e-01 7.479735935836053784e-01
3.883301615254035610e-01 -8.993078883891314490e-02 5.573739305366758323e-01
2.305227632826145623e-01 -2.126906456337076534e-01 6.323546895216978214e-01
3.981547548057777774e-01 -8.470103948316060061e-02 4.508693103074516983e-01
4.298346031454416405e-01 -5.924860043960582245e-03 4.796349953363456819e-01
3.615375812276069856e-02 -1.537856681181974938e-01 -3.650360226642124228e-01
8.537383213839422336e-02 -1.328577124051020242e-01 -3.642628616975029932e-01
1.270584152248140919e-01 -1.053587658321130105e-01 -3.605721765687708302e-01
1.079035676212393158e-01 -1.798585544229869271e-01 -1.444323015228263785e-01
2.030620528914338641e-01 -3.839826306785870669e-02 -3.388082546756363556e-01
1.638818213138981683e-01 -6.956535944172220765e-02 -3.730778759611306228e-01
1.894534769221031256e-01 -4.636190351951141597e-02 -3.429273264840084767e-01
9.650554655167620233e-02 -2.488545461664870562e-01 -1.242507135560702025e-01
1.136953385732386579e-01 -8.734304804296344482e-02 -3.714351571506184779e-01
7.557543030624247482e-02 -1.033683645517997629e-01 -3.816562218164174514e-01
3.391869734599647912e-02 -1.142869767675768200e-01 -3.896377176246212937e-01
6.401297820384727055e-02 -8.936991697559093506e-02 -5.250258701583190302e-01
4.073786325388506491e-02 -1.311757021244709387e-01 -4.706090461963743365e-01
3.824751748494226167e-02 -1.380057109664660775e-01 -4.384328550978433547e-01
3.652616696294619381e-02 -1.307123098876420420e-01 -4.065465504885548143e-01
3.321047189596038063e-02 -1.277355800595573188e-01 -3.813316885969322279e-01
1.089369373290481890e-01 -9.249584866235760483e-02 -3.705504331412949881e-01
1.159534080213239227e-01 -9.831284539014562007e-02 -3.827286484454908155e-01
1.221868025549063264e-01 -1.034289995374709781e-01 -3.987089993766721463e-01
1.290577032244752953e-01 -9.417797081534884374e-02 -4.162065180758309779e-01
1.972369814503482921e-01 -1.087192847511477822e-01 -2.655355918013235783e-01
4.829990113944644392e-01 3.347702481393062257e-01 2.630252606911076541e-02
1.452760047726172621e-01 -6.735674941256897252e-02 -3.620555772990261545e-01
1.537057034536702949e-01 -7.116275349126760519e-02 -3.676916234924059168e-01
7.105059168558564009e-02 -1.897117431241748253e-01 -1.777138622525983314e-01
1.355628316379698939e-01 -1.496152260051580862e-01 -1.560682774957905528e-01
7.794271088538323733e-02 -1.919558383937844948e-01 -1.661111108697624905e-01
1.810620739612840424e-01 -1.305545567296357845e-01 7.481764778595811904e-02
2.484621619019886651e-01 -1.142821952920298756e-01 3.248540217578790856e-02
1.572661950419622645e-01 -1.739114841242703768e-01 -8.878896373026456956e-02
3.518195177573915089e-01 -1.110857072578497196e-01 6.987539732904508583e-01
3.256145547403308527e-01 -1.576620941487023586e-01 6.104640704528478956e-01
3.004821589850710239e-01 -1.956366281760630876e-01 5.332511554685410715e-01
1.708037800969453013e-01 -6.042898987940914513e-02 -4.586094992023030947e-01
1.207996253675611698e-01 -2.489517954837725533e-01 5.007167768224967119e-01
1.295501361181901068e-01 -2.418456333028902172e-01 6.349139972834496604e-01
1.436802622448614120e-01 -2.340527112824370981e-01 7.731524171486832131e-01
3.040824356210887203e-01 -8.720328633532714591e-02 2.157969753746029618e-01
3.971812254568263256e-01 -2.057449901279642668e-02 1.731115438710353338e-01
1.317696500942917570e-01 -1.086768555011956572e-01 2.455612548458387945e-01
3.606682784815387066e-01 -8.361441869724078879e-02 3.513011185433660977e-01
1.099110109365928345e-01 -1.692292051580510659e-01 1.489560816944706101e-01
1.224562779130167200e-01 -2.534189872161700663e-01 -8.515529058875115354e-02
4.464183824509913023e-01 3.048536154814143750e-02 1.334072405690061025e-01
3.700322707139447331e-01 -5.201959301163050498e-02 1.249923476875254291e-01
3.179747353929851528e-01 -8.717954713753073293e-02 9.860846958910696181e-02
2.398305491760677199e-01 -1.054275957354033899e-01 1.092922915341123513e-01
1.822454780223283777e-01 -1.172717381321430885e-01 1.335088552448060462e-01
1.394640796983555031e-01 -1.317393952443342009e-01 1.602732830360773519e-01
5.568656669166982542e-02 -2.234822425090858822e-01 2.262093852271267469e-01
4.398925476892614483e-01 3.620457683651359670e-02 3.050408678605578960e-03
3.898449445841132288e-01 -6.497137005160841250e-02 3.566301745536604173e-01
3.605624725743120096e-02 -2.850317961304065228e-01 -1.618233890564011457e-01
1.359606690911334681e-01 -1.593570324642210601e-01 4.362581072168719709e-02
4.908470083538052364e-01 2.678656162880537206e-01 2.930221149054166307e-01
1.078347503919596662e-01 -1.413816512820593729e-01 1.912363705889843501e-01
1.622621344726831172e-01 -1.319511690922507974e-01 -8.569539269487158606e-02
3.397391551898980566e-01 -6.415070695347679930e-02 3.005013383666494953e-01
1.238106547071267105e-01 -2.428471445998825473e-01 -4.048539964261882451e-02
4.671963830196386169e-01 3.350427943335816394e-01 -1.224087591102787087e-01
1.317827218057592287e-01 -1.005087935448414349e-01 2.738461260906044359e-01
8.934728945886361018e-02 -2.877994066971538700e-01 -9.696062666977159350e-03
3.466222686473674486e-01 1.128899671046674769e-01 -4.580895101399828917e-01
3.469837522501855176e-01 1.962432808503038473e-01 -5.125072585304302208e-01
4.803419991556543422e-01 1.865067510640996407e-01 1.118674952084339203e-02
3.983232526012008279e-01 1.548096729557757456e-01 -3.707068680028147156e-01
4.562615226110056099e-01 7.381554456477706916e-02 3.832357017171976743e-01
1.754997879836448504e-01 7.238193280348519110e-03 -6.635024403486209366e-01
3.431166481722386363e-02 -2.279885770404423972e-01 -1.686984294649446214e-01
1.726263550752218379e-01 -1.390091255489269706e-01 -9.654105230609555388e-04
4.308656722691370788e-01 3.037964742546117591e-02 2.571599654104848032e-01
2.689400181961989489e-01 -1.037521336638640435e-01 2.413651427487260026e-01
2.330253798196713078e-01 -1.125498601636421014e-01 2.356425829442179154e-01
1.748353420140262848e-01 -6.050540809840593282e-02 -3.790231226282312349e-01
4.310055618057688775e-01 6.609657966118026584e-02 -1.164174098614885189e-01
1.014516740741697731e-01 3.063630458080343621e-02 -7.393159586561850460e-01
2.291914286630465369e-01 1.031384905535062124e-01 -6.529342910074849016e-01
2.842818434873306543e-01 1.447111192310446270e-01 -5.959681765036952683e-01
1.974135929963081182e-01 -1.143065608005766620e-01 2.430753596210293299e-01
1.640226131776925111e-01 -1.088531316720668940e-01 2.578851517897742252e-01
1.425213045066542339e-01 -1.004736393285301510e-01 2.662305219915628296e-01
4.164121172506156654e-01 -2.384040050182154036e-02 3.673029873182849236e-01
1.705047577136906689e-01 -1.228803104945921376e-01 3.330952753142044642e-01
2.071313901919573652e-01 -1.333454580440176507e-01 3.597453721163557105e-01
2.449830662943819348e-01 -1.329917945057825790e-01 3.656509253003608073e-01
2.815864848677396282e-01 -1.227425423330825716e-01 3.530475410464375408e-01
3.033477529073280721e-01 -1.077657955987008087e-01 3.319508102277330952e-01
4.806011705848733939e-01 1.813947863947404926e-01 4.250146694816252513e-01
2.932825350773748951e-01 -9.246954956733821618e-02 2.565470277928498799e-01
1.520364833090663836e-01 -1.383699447702763097e-01 -2.440922889790484440e-01
1.169155895544791157e-01 -2.068627423030722223e-01 -1.275927988659825152e-01
7.118201726760808867e-02 -1.785088011255371310e-01 -2.361091590327717427e-01
2.903610901900521846e-01 8.197758371467667171e-02 -5.390475159331491462e-01
2.353493729888220809e-01 4.697003801708404813e-02 -6.015113867602601694e-01
1.001463212489559496e-01 -2.806522716710535548e-02 -7.098195587765765424e-01
3.964346630423811746e-01 2.620010848644278578e-01 -4.134385554364232718e-01
1.439704865651554311e-01 -1.092890237507542217e-01 2.968545930410784184e-01
8.266788734185670506e-02 -2.250828301405967125e-01 1.214428061010495163e-01
1.700845436073352701e-01 5.919942343876932744e-02 -7.034201904164589791e-01
4.653376139339657769e-01 1.975539510938710830e-01 -1.234083308643021404e-01
7.251693031543654522e-02 -1.120766569513313993e-01 -3.748870733134808120e-01
7.878841844787365378e-02 -1.172523100201707802e-01 -3.944267805638927982e-01
8.267225775365488749e-02 -1.228051174157488434e-01 -4.197093092862242969e-01
8.715771593344290302e-02 -1.147067437604349927e-01 -4.482354823320062742e-01
1.191828657636273547e-01 -7.906936625938287833e-02 -4.983016663913519828e-01
1.582012241404847641e-01 -6.833920310501867545e-02 -3.495957902933557460e-01
1.684943265601143159e-01 -6.783474384395549173e-02 -3.439060306516756871e-01
1.768516748174735476e-01 -6.821456659406999190e-02 -3.388675427781357996e-01
2.404026381545500968e-01 -6.862857358411084130e-02 -2.915897015502315615e-01
3.736450766556589365e-01 -1.282938078607877286e-02 -1.597566831838822532e-01
8.246686179455942067e-02 -1.937591303785968222e-01 1.915812370527489872e-01
1.034841231716356891e-01 -1.373388557955439460e-01 3.280071160894786342e-01
1.269192774041012495e-01 -1.195042329036355433e-01 3.241040678492586036e-01
1.487106502265087560e-01 -6.355359024822437863e-02 -3.537412401180475285e-01
3.791352931012172967e-01 6.832967387038813012e-02 -2.926922300949921230e-01
6.690945428207739631e-02 -1.909404693554725974e-01 3.209319600098836656e-01
1.432971503163860127e-01 -4.991852191329676502e-02 -5.539787951754044926e-01
5.370613674273694294e-02 -2.579819438826569389e-01 1.506173306249292132e-01
1.114729289301612525e-01 -2.127361238756138029e-01 2.100389520866031978e-02
7.830336185549302552e-02 -7.087340192051344578e-02 -5.885599717365184169e-01
2.615800412157938126e-01 -1.392579819371676797e-02 -4.287069527839433292e-01
1.953477372915601862e-01 -1.163347974531570017e-01 -1.329659945435817114e-01
1.984846343291737369e-01 -3.112098342852823163e-02 -5.052401278095013382e-01
2.852189484091181004e-01 -1.016024859719502071e-01 -1.202083927424731913e-01
2.306140650078660759e-01 -9.949765354530448747e-02 -1.894622533740168979e-01
3.184361646698310455e-01 -5.147737880467506688e-02 -2.058097602498676348e-01
9.294150389929223266e-02 -5.743514808782484993e-02 -6.534991296658243520e-01
1.362277300154499660e-01 -1.782210273797271149e-01 -9.925237811479595273e-03
2.817261353690736492e-01 2.733001643549334836e-02 -4.772230717829182289e-01
2.226186705821351364e-01 6.584469607361864707e-03 -5.438631675086003092e-01
2.983938214040025017e-01 -1.278707351437116668e-02 -3.441220164698435280e-01
4.187163500783799286e-01 9.365772455019361065e-02 -2.170772864853722783e-01
3.338449484641370368e-01 2.428249222627767989e-02 -3.591896369002740563e-01
4.422617802400612419e-01 1.965658674151298246e-01 -2.499013229884838871e-01
2.687901710424427382e-01 -6.402639389735370612e-02 -2.508632852802956670e-01
1.085529671940572705e-01 -1.899660712528996598e-01 8.356863954356774649e-02
1.088110678339289095e-01 -2.589661929049071887e-01 -1.148476366516748559e-01
1.342145450244511817e-01 -2.121144049540155674e-01 -1.230841012243528709e-01
9.189416192168464725e-02 -2.940907992025181272e-01 -7.785535594313230945e-02
1.376321510588720543e-01 -1.585986105526639989e-01 3.945472690545082095e-01
2.069731558114114023e-01 -1.731148370533679426e-01 4.396322864826549548e-01
2.672922148155389976e-01 -1.717453378851723222e-01 4.462468182370273873e-01
3.152997823817127454e-01 -1.534614077423750444e-01 4.317960384179140298e-01
3.465001191294616589e-01 -1.246147063873843663e-01 4.014944664787845063e-01
3.639233568762376692e-01 -4.549337438202138983e-02 2.807678890337210742e-01
4.853633950878419867e-01 1.614895397549522826e-01 1.401206452986865081e-01
3.328740620371917203e-01 -6.617381189861859525e-02 1.795864008527661149e-01
2.910436155697979643e-01 -8.859470637978583696e-02 1.567907918831934477e-01
2.363892746563545089e-01 -1.046860236033886338e-01 1.554142564580256458e-01
1.844269385694516927e-01 -1.138216952619246491e-01 1.701009174615724096e-01
1.447858017371335126e-01 -1.170816629211910431e-01 1.914564266023341954e-01
1.174722585901255556e-01 -1.215457028962640962e-01 2.130254770065558301e-01
4.884916758609492149e-01 3.157474127360764271e-01 1.631656079336694098e-01
1.336966788159118513e-01 -1.895329950242206074e-01 -1.356608723609543654e-01
8.324923504142511810e-02 -2.504660330460222184e-01 5.820115073397535976e-02
8.011697921541027778e-02 -2.912152219910553175e-01 -1.235927812271716553e-01
5.825863806040709747e-02 -2.705149473226464707e-01 -1.504036310491162487e-01
8.007528409247210988e-02 -2.695973394769579645e-01 -1.306974934140476829e-01
1.226446677309885880e-01 -1.735626625559381075e-01 -1.511807953044866926e-01
4.966442214735522498e-02 -2.804754130961939484e-01 -1.575160470916299182e-01
4.804377072590820807e-02 -2.294794936619375392e-01 -1.646852693506130061e-01
1.173570376156294337e-01 -1.067421007790017029e-01 2.708105430217020437e-01
9.612681037985360000e-02 -1.303937362917979570e-01 2.520628970295095694e-01
8.324305274821175438e-02 -1.586397248228901269e-01 2.399547601063309887e-01
3.153582919279411811e-01 -9.227690850266689893e-02 3.162375270383419590e-01
3.407924886505906414e-01 -9.485171240459733255e-02 3.498536337451585432e-01
-2.187534145116130091e-01 -1.039237428094663684e-01 3.268609307813385989e-01
-1.755047176553574673e-01 -1.079539514702565484e-01 3.259242444524301785e-01
-2.182175753593096346e-01 -1.095140713458642168e-01 3.957461020758672454e-01
-2.625861562443780883e-01 -9.985829911807453385e-02 3.292058108300970343e-01
-2.196785361006323711e-01 -9.833511137316630624e-02 2.597561910929446771e-01
2.369253966586741811e-01 -1.082176282961637703e-01 3.067417671131447143e-01
2.792637609410482114e-01 -1.120538826600641080e-01 3.041065939636717896e-01
2.363146426591971050e-01 -1.139032166773361610e-01 3.771092826267712361e-01
1.942506428926318307e-01 -1.043982439153783304e-01 3.102360224615783313e-01
2.376958396959238939e-01 -1.025430306584818041e-01 2.362822842380776223e-01
