-2.030857944872016541e-02 -2.341803513256199842e-01 -4.879583348162859213e-01
2.061451871817254755e-02 -4.357488068517003654e-01 -1.892249053900463274e-01
2.129973493022407904e-02 -2.770462966179723097e-01 -2.515244529727862499e-01
-3.070374130769792931e-02 -3.951059062467803251e-01 1.206822985831688122e-01
2.042856565939515923e-02 -4.669448682324874866e-01 -1.023234606530254442e-01
1.947303510594797227e-02 -4.584562518420520760e-01 2.106874461339180993e-02
2.152623582381485434e-02 -3.370098346101406683e-01 3.352583576465639759e-01
-4.041738966067569550e-01 -1.065957493102505094e-01 4.201841705835449581e-01
2.195400219372312112e-02 -3.225524290654799842e-01 5.740425002086233519e-01
2.105038616340162982e-02 -3.480794934073774272e-01 6.892349084307003437e-01
1.976795194343167195e-02 -3.373792676009830238e-01 1.094385316653776030e+00
-1.950259175593742345e-02 -2.205474338059741912e-01 -5.156476084485994704e-01
-1.754868774531432446e-02 -1.967776160579416400e-01 -5.385313392967336910e-01
-1.394639736244906308e-02 -1.664807412032368594e-01 -5.500609866557577554e-01
-1.250248372691790261e-02 -1.834503244033517388e-01 -5.308820235804319054e-01
-1.315252120237606070e-02 -1.866356676616024446e-01 -5.683733709058924610e-01
-1.493683688586673608e-02 -1.950990214630039521e-01 -6.139011570783612370e-01
-1.471994067003029594e-02 -1.843665354647260335e-01 -6.593901590802424550e-01
1.285959757930416059e-02 -1.252009747901606795e-01 -7.322159643723638034e-01
1.963262399983589646e-02 -4.003329509744157910e-01 -2.281609495712777491e-01
-3.803081904488669895e-02 -3.189005978474321878e-01 -2.116873102299250409e-01
-6.270701135494798351e-01 1.296444306647197564e-01 8.035455025379256710e-01
-2.401181976708377519e-01 -1.604632533929133409e-01 3.111127012617727061e-01
-3.016097947782361288e-01 -1.539031403463426706e-01 3.043195908477085432e-01
-3.588681880998150220e-01 -1.369254848087688714e-01 3.167485058073551407e-01
-4.288456959547497505e-01 -9.407666915685375386e-02 3.930901746374542149e-01
-1.859320336773602200e-01 -1.563482241974663012e-01 3.359321888941271261e-01
-3.268878272382993444e-01 -2.088117391776491694e-01 6.134272645067593288e-01
-2.566610056637284032e-01 -2.081841709439684607e-01 5.998703348946810010e-01
-3.890096700384972905e-01 -1.864660599445620015e-01 5.985777721031180221e-01
-4.283777888358937247e-01 -1.578089331575958099e-01 5.625677818453849177e-01
-4.804597236159686702e-01 -5.591810559407739412e-02 3.430838874682504702e-01
-2.069730806740710527e-01 -2.439925342280387099e-02 -8.347513266178290259e-01
-4.238390728727221557e-01 -9.109987816866493837e-02 4.598126363137358119e-01
-6.469330272173179353e-01 2.006763501044419584e-01 4.362273621372465549e-01
-5.461072445838821565e-01 -3.669278654340215468e-03 4.259296350679795395e-01
-2.809533385951281659e-01 -1.681845945512239204e-01 -4.204205494373214336e-02
-8.763854556397171480e-02 -2.326077258489482880e-01 -4.636307304328401990e-01
-7.666827459742725503e-02 -1.913868781009533393e-01 -5.286133556421681590e-01
-1.493456765022644905e-01 -1.977772178810424109e-01 -4.748198363298112845e-01
-1.956929770525813739e-01 -1.503243037848248642e-01 -4.774407946014567194e-01
-1.275826865346700867e-01 -1.713052374875375650e-01 -5.171772669653118548e-01
-1.709892951432702146e-01 -1.318050723378854094e-01 -4.997261394614431751e-01
-2.729572199132159760e-01 -4.830615161778600841e-02 -5.570809704918269212e-01
-3.046005428229148215e-02 -4.292972969819066620e-01 -1.829608176032233580e-01
-3.945905376420699717e-02 -4.582122084893129887e-01 -9.831796974775053322e-02
-5.082834842062444736e-01 -1.492725452597238878e-01 6.331600304515765387e-01
-1.577887394790835618e-01 -2.065910545844662494e-01 1.694785923946180439e-01
-1.692089763182098583e-01 -2.855167374892575438e-01 -1.262057087994297166e-01
-1.739352130629323590e-01 -2.739788112445182833e-01 -7.494960580621912172e-02
-4.573779967792166445e-01 -9.267922472310963222e-02 -7.105811428854802436e-03
-3.561991962320354421e-02 -4.388385370619412029e-01 1.717427767847923281e-02
-3.713392853674237770e-01 -2.606445293407690933e-01 7.118091017536372078e-01
-4.523237994762139280e-01 -2.108995090634158132e-01 6.884693330158278002e-01
-5.671983510252118776e-01 -3.692468771410412076e-03 9.333495580199677732e-01
-1.076096608028926926e-01 -3.057279241895050070e-01 6.091465257971027114e-01
-1.944587545386240457e-01 -1.878440776935890177e-01 5.533776512650518953e-01
-3.297272045307930721e-01 -3.683303974099663702e-02 -4.690949811499196542e-01
-5.725422212210951045e-01 4.581902210838970646e-01 -3.453254589577174904e-01
-1.241257541845011136e-01 -2.582031649392724226e-01 -1.764378812581570699e-01
-7.753668673165980962e-02 -2.599207377290859711e-01 -2.052263295905747409e-01
-2.473601051900163883e-01 -4.628336310433067702e-02 -4.770509574672332498e-01
-2.327969234697195855e-01 -6.312188271732857570e-02 -4.811793087351627918e-01
-4.821370531107040946e-01 -1.899061439718146005e-01 7.496961065340403962e-01
-1.728323817437638077e-01 -2.481376587211885365e-01 -1.583262050952698452e-01
-2.598013551885696160e-01 -2.936877287373516054e-01 6.939869192424144018e-01
-2.689988500185584996e-01 -3.141796761954407380e-01 7.623463881624292782e-01
-3.257892234861605729e-01 -2.526824986995630518e-01 1.083678411291474575e+00
-5.237336634083984421e-01 -1.104959053654639423e-01 8.300348738709217855e-01
-2.902738274419034425e-01 -2.865619390384162024e-01 9.151870926603500322e-01
-5.409028277324212652e-01 -1.041697317864311856e-01 6.818313675779084093e-01
-5.832370075579111912e-01 6.842246764857617958e-03 7.268272718591859416e-01
-8.407423656898654896e-02 -2.178191303183939498e-01 -5.025025682316055509e-01
-1.389958133218680558e-01 -1.866332330791148353e-01 -4.988511093978642563e-01
-1.841242913728432518e-01 -1.455236817694354201e-01 -4.902520635698008888e-01
-1.106865629080620028e-01 -2.435221544653098924e-01 -1.909759542156579393e-01
-2.399503643367590922e-01 -5.482024705298146894e-02 -4.791278386865380767e-01
-2.064524448420008707e-01 -9.503341354880057157e-02 -5.088077097748304745e-01
-2.241999605793840722e-01 -6.606201529921587601e-02 -4.831307596316185560e-01
-9.668149162819761333e-02 -3.448940404871985166e-01 -1.631134398841422861e-01
-1.606158054609784225e-01 -1.205590907545643908e-01 -5.069332675491704521e-01
-1.171866687115282746e-01 -1.449299741293786914e-01 -5.254365343036160318e-01
-6.851257101139668348e-02 -1.627781328369194425e-01 -5.413186165134815653e-01
-6.645196321664667560e-02 -1.196196278572216887e-01 -7.255279811174006888e-01
-8.320977077230962138e-02 -1.799937493225549634e-01 -6.478795544631004155e-01
-8.057595388817917481e-02 -1.904936766298594986e-01 -6.023884833580526177e-01
-7.364316370127432787e-02 -1.808501036246631388e-01 -5.579960080476920048e-01
-6.612001729904787295e-02 -1.775753305117060421e-01 -5.233049261889686221e-01
-1.505374020464101958e-01 -1.278647126612744156e-01 -5.033284420228940625e-01
-1.619704275177977770e-01 -1.342071470609567108e-01 -5.191755369954180743e-01
-1.733551345275475830e-01 -1.408167781906666249e-01 -5.405094793114471052e-01
-1.810906865085956108e-01 -1.280016179510956587e-01 -5.637702598888250094e-01
-2.485144092386846193e-01 -1.460239706577174390e-01 -3.617693574532332423e-01
-6.403979977351239583e-01 4.865039043822250164e-01 9.943113245079238105e-02
2.266738668805937107e-02 -3.205435956280613397e-01 -2.375828615278052780e-01
-1.833699780888068398e-01 -9.416928623649173380e-02 -4.936423493140300600e-01
-1.949216909734152736e-01 -9.762120138155327975e-02 -5.006766071440544863e-01
-5.862666820198658701e-02 -2.602601491959668500e-01 -2.406097867436509663e-01
-1.523258683859838314e-01 -1.995185472550808914e-01 -2.038939695025150378e-01
-6.775923342383016745e-02 -2.612372540964553735e-01 -2.233032579538496432e-01
-2.201933642379034772e-01 -1.791349514068802939e-01 1.262183982803266602e-01
-3.183211981442743976e-01 -1.527180123889944063e-01 7.673213328897610097e-02
-1.837804416213340009e-01 -2.355582311373964899e-01 -1.073002814159236262e-01
-4.721157463855121250e-01 -1.378471507888212599e-01 1.029777608072507178e+00
-4.305262384004278076e-01 -2.056245763938981952e-01 8.972282107014422081e-01
-3.902393847361196322e-01 -2.590388148315181382e-01 7.811003264470155472e-01
-2.098693667514417438e-01 -7.801659137140537492e-02 -6.247327394810828771e-01
-1.245297650613010898e-01 -3.420175568595960058e-01 7.244277692943654756e-01
-1.448281604088768049e-01 -3.314414242374157382e-01 9.038917582213414903e-01
-1.676491731869023116e-01 -3.182978056067096162e-01 1.101100609594119817e+00
-4.048801257709717660e-01 -1.131258748146899418e-01 3.456518311109810782e-01
-5.475429263471953689e-01 -1.353905318721215778e-02 2.936972830388389077e-01
-1.498866134626894997e-01 -1.519463404871586043e-01 3.603987863538784531e-01
-4.832119261199157023e-01 -1.039390556056665194e-01 5.261794492107845223e-01
-1.160059894050680107e-01 -2.354020366275362264e-01 2.202064870573783306e-01
-1.341353328447845161e-01 -3.482675919564224287e-01 -1.052300539049000339e-01
-6.010156179449470670e-01 5.834714887096881242e-02 2.449036062620870702e-01
-5.100064714249015196e-01 -5.979873028961324444e-02 2.210745019420303770e-01
-4.355281829749424460e-01 -1.112070163553828817e-01 1.761119913834270356e-01
-3.200767658128409465e-01 -1.409819762927435605e-01 1.787581042757275807e-01
-2.342761389127057114e-01 -1.599692480935934746e-01 2.057065611808335248e-01
-1.700692721168799437e-01 -1.812097285699754146e-01 2.391861656947806836e-01
-3.546450318316363148e-02 -3.113684568557579802e-01 3.209844485810537940e-01
-5.896826944568758222e-01 6.456808218630971652e-02 6.025839968449098194e-02
-5.313821776786760154e-01 -7.706896164942800276e-02 5.434450610278114269e-01
-1.209973997980162697e-02 -3.967541461181158802e-01 -2.229516692539312839e-01
-1.533067856492318359e-01 -2.201489466003105910e-01 7.598534360819453326e-02
-6.632951771791359974e-01 3.910131422376901256e-01 4.768086195126475246e-01
-1.200498404636236582e-01 -1.962330644210226183e-01 2.785633575933230688e-01
-1.874587349588245910e-01 -1.769143513650379695e-01 -1.023728829400341045e-01
-4.478182840061162295e-01 -7.946104793031882885e-02 4.599059579039863621e-01
-1.373516517491508715e-01 -3.334596365536524054e-01 -4.310746626295736128e-02
-6.139343863772293020e-01 4.877326608313206080e-01 -1.151836631900551300e-01
-1.464912711865020700e-01 -1.420296801378437834e-01 3.966400102073714962e-01
-8.888807045202928858e-02 -3.986116584818955033e-01 -4.174335929145067681e-03
-4.586043857907755594e-01 1.746382856437649345e-01 -6.086861719313398922e-01
-4.528057984851692197e-01 2.920604536362487735e-01 -6.879671456298099841e-01
-6.363570636978188588e-01 2.772261786396343908e-01 7.560827686977944495e-02
-5.275868371020209224e-01 2.335987015083942353e-01 -4.771500459396946781e-01
-6.175191941158013620e-01 1.187487785264287332e-01 5.965705848671554179e-01
-2.200555898060458926e-01 2.038983330947506667e-02 -9.170991237647316829e-01
-2.234641516069980904e-03 -3.161301013970128082e-01 -2.325250882068052860e-01
-2.075018557172521039e-01 -1.888646405583580545e-01 1.897056083423226402e-02
-5.975263532212480300e-01 5.715526080967214817e-02 4.226926412455864757e-01
-3.491402181589293718e-01 -1.377303853874587425e-01 3.681571851989913213e-01
-2.985976250857378389e-01 -1.521283513396807230e-01 3.549412270862308816e-01
-2.160332470355986745e-01 -8.339406015112060810e-02 -5.188440960474540731e-01
-5.752525989952275154e-01 1.066723306727797027e-01 -1.108232539407401074e-01
-1.084861059076165368e-01 4.809473111806872314e-02 -1.029037727474735320e+00
-2.877374118197175701e-01 1.565509593779708108e-01 -9.012200205795593000e-01
-3.645911301393685022e-01 2.170293926483948255e-01 -8.153481932743460447e-01
2.028425589734736412e-02 -3.467299976439113252e-01 8.881349958581878923e-01
1.785658433792763899e-02 2.975360869542975628e-02 -1.047550750806184539e+00
-2.468157911972168606e-01 -1.561612811834094394e-01 3.616807222875886296e-01
-1.960333400626457223e-01 -1.512232574223850712e-01 3.789102999405975503e-01
-1.623431678997158123e-01 -1.414897352768003103e-01 3.886811772939191556e-01
-5.728606415697781173e-01 -1.975835990346186399e-02 5.714148004448871276e-01
-2.074985159392985778e-01 -1.703467132491542912e-01 4.844263480368367070e-01
-2.635133845109578488e-01 -1.818431308461572193e-01 5.230769239126211723e-01
-3.170597485101485091e-01 -1.789602401534295950e-01 5.325072802935633121e-01
-3.674931012512905326e-01 -1.623588944490665931e-01 5.188167823069846918e-01
-3.973952465285268687e-01 -1.406076111403664619e-01 4.941355484836664758e-01
-6.558473314238719709e-01 2.713268625035984982e-01 6.610560885774834361e-01
-3.822016524613003341e-01 -1.208141986744979413e-01 3.926234358008122705e-01
1.754430312471344511e-02 -2.518728882849927686e-01 -3.226178693194441394e-01
-1.812602773179321503e-01 -1.885796689380707658e-01 -3.297918401437789360e-01
-1.236155255073310144e-01 -2.819728101466147940e-01 -1.658784414402207918e-01
-6.753721231684084447e-02 -2.456205322924307488e-01 -3.215690204415646569e-01
2.183166521131260640e-02 -3.076137009225887731e-01 4.577606479629721115e-01
-3.801736132862512108e-01 1.305420333721860615e-01 -7.301838443546371238e-01
-3.034620141983133124e-01 8.001872904390783248e-02 -8.243597380406941788e-01
-1.155845192647916297e-01 -3.324177044785758817e-02 -9.861507947326533241e-01
-5.172274377495673647e-01 3.834958516480169166e-01 -5.393200830040321136e-01
-1.659965185917307018e-01 -1.541801869056942387e-01 4.301707900890332503e-01
-7.593890581280293706e-02 -3.126098396383825140e-01 1.781763969154090965e-01
1.313060653168571235e-02 -4.963642817224833692e-02 -1.003096105652549141e+00
-2.055296816059697385e-01 9.177051927864932068e-02 -9.767872536890731539e-01
-6.149731277802263918e-01 2.929509242284824566e-01 -1.170102741083418607e-01
-1.109767240803595789e-01 -1.562484601310784038e-01 -5.133707127674282944e-01
-1.230565927100408796e-01 -1.619372846364832697e-01 -5.395856010316189000e-01
-1.330053618187474473e-01 -1.691668978008842306e-01 -5.730583976737722018e-01
-1.387541821179837376e-01 -1.575947886679864851e-01 -6.123261663941934607e-01
-1.465584915785274056e-01 -1.060276136265753122e-01 -6.829901001197762334e-01
-2.066225595807809068e-01 -9.363803421334404575e-02 -4.824612720991992010e-01
-2.196081192215245670e-01 -9.401603994492963023e-02 -4.759071613945433654e-01
-2.303854912906174723e-01 -9.472918661689189168e-02 -4.690073579050351160e-01
-3.052662709558040532e-01 -8.954725561804005585e-02 -4.061166567859006982e-01
-5.016621559890825921e-01 -5.343072989877351020e-03 -1.798493538673526793e-01
-7.467897105686271964e-02 -2.696457523254554012e-01 2.767569241226390808e-01
-1.047303353583601826e-01 -1.898192251936823283e-01 4.685403840932993447e-01
-1.418237130721529127e-01 -1.679289676648232366e-01 4.641482199993358648e-01
-1.932748326293871610e-01 -8.884143493243540357e-02 -4.884776284143932390e-01
-5.055923277702074614e-01 1.082540487216221425e-01 -3.731199647841472178e-01
-5.574009785255873428e-02 -2.661126336397674486e-01 4.561485158694873476e-01
-1.788224144279570993e-01 -6.132522969462261830e-02 -7.586050824573593587e-01
2.015007468130841639e-02 -4.166399771614903713e-01 1.282062646718880039e-01
-3.429221998364084811e-02 -3.584659210050413769e-01 2.150696093653707841e-01
2.101475658077189834e-02 -3.749012642440350263e-01 2.278698931856983911e-01
-1.186148492029253099e-01 -2.929057133881829422e-01 4.188007872885102234e-02
1.145158185937403261e-02 -9.298041586441296857e-02 -9.223823863973876769e-01
1.212923366948553960e-02 -1.075421311589502826e-01 -8.236110174846906773e-01
-8.632779643857452223e-02 -9.268755602318129450e-02 -8.131104870728678158e-01
-3.207356076034968417e-01 -1.048291829937505332e-02 -5.884280121628036042e-01
-2.406520548353583422e-01 -1.534385307297698731e-01 -1.632725562355425986e-01
-2.534122104068308179e-01 -3.220047952499333066e-02 -6.850581629891983049e-01
-3.763598876044298436e-01 -1.301092375677539437e-01 -1.328757010644814329e-01
-2.981342782717391060e-01 -1.315628723990536209e-01 -2.411593748428826345e-01
-4.265788745133818338e-01 -6.471217176257471060e-02 -2.600476532437245858e-01
-1.071868044673737752e-01 -7.467876200975748224e-02 -9.072683827990610794e-01
-1.541382635326489225e-01 -2.437331902380024395e-01 8.283494838150495809e-04
-3.642244266992127333e-01 5.240432834900968229e-02 -6.433376393145691097e-01
-2.859033150685745817e-01 2.298841641385074297e-02 -7.418509269169728526e-01
-3.747562072645713727e-01 -1.371220153393716557e-02 -4.783315414087960793e-01
-5.578341209515684795e-01 1.467508297102404491e-01 -2.556209959906223794e-01
-4.373713187494561172e-01 4.223475479545568678e-02 -4.835802111334248643e-01
-5.836791547016657589e-01 2.902340560711822448e-01 -2.995245896164675514e-01
-3.499949932482147030e-01 -8.510529324896792813e-02 -3.397119429813684199e-01
-1.135159242407475233e-01 -2.638642162068691732e-01 1.287187585310181070e-01
-1.153314106260161509e-01 -3.572620864231472737e-01 -1.485949839051834420e-01
-1.502922626110869686e-01 -2.884430783033429258e-01 -1.577271498124515059e-01
-9.031653716761167683e-02 -4.058392198111278049e-01 -9.862166204284927851e-02
-1.540633087692109271e-01 -2.180555399585042409e-01 5.630515186876499101e-01
-2.550296720982769827e-01 -2.328871979204212295e-01 6.316132147585227230e-01
-3.420342980250339338e-01 -2.283157605884391650e-01 6.457709436668954694e-01
-4.127210788924449147e-01 -2.014226566040990818e-01 6.294776567941893219e-01
-4.603321642520663559e-01 -1.604913808055514757e-01 5.913815104830018043e-01
-4.898827450551062057e-01 -5.142795028418789549e-02 4.417796741116895021e-01
-6.506153508353769155e-01 2.406777020753390062e-01 2.589627709356814300e-01
-4.497628521046941330e-01 -8.223800182500995426e-02 2.959878084429341527e-01
-3.913018568820438858e-01 -1.149270438396177152e-01 2.573849846205447101e-01
-3.120870586994799467e-01 -1.402459850566390998e-01 2.463985491800237959e-01
-2.353059742411600652e-01 -1.555924197638822726e-01 2.611972692373867311e-01
-1.743674958836174405e-01 -1.606184896542468543e-01 2.886806709999434339e-01
-1.320957008555969647e-01 -1.683619832637934799e-01 3.148703553560281421e-01
-6.544250651399332597e-01 4.571152675802059306e-01 2.939067448932743964e-01
-1.499832747859930482e-01 -2.566315704689263733e-01 -1.758909183038419588e-01
-7.659856128023967425e-02 -3.482806410466543490e-01 8.983529607807594353e-02
-7.449758729345001829e-02 -4.021837596023400963e-01 -1.641204791315884481e-01
-4.419438682398857399e-02 -3.732570295101673707e-01 -2.041010154580997771e-01
-7.466878262032095037e-02 -3.722593951673625057e-01 -1.737024754946705496e-01
-1.344899705298892023e-01 -2.337382183467102692e-01 -1.990127386404214604e-01
-3.188864077893971416e-02 -3.880054827990186972e-01 -2.151451236800738798e-01
-2.330820790281931676e-02 -3.167186425241226289e-01 -2.255903960822687182e-01
-1.268417087347668559e-01 -1.492545640079572244e-01 3.918066618298823300e-01
-9.871041275229108791e-02 -1.813048770119256581e-01 3.639051578283170052e-01
-8.248505379628523482e-02 -2.200243461080528817e-01 3.435018689012139248e-01
-4.128937327299411209e-01 -1.186197249968996559e-01 4.748117767811708134e-01
-4.508147271492637387e-01 -1.194635755598238980e-01 5.195279220840069989e-01
7.112505274138825051e-02 -3.947458302709638822e-01 1.162542723882964424e-01
4.320656364748716172e-01 -1.157663849977101922e-01 3.873932822838881407e-01
8.090069925220677582e-02 -3.222601897147328032e-01 -2.169771920655605424e-01
6.356764817735847117e-01 1.113627961687004841e-01 7.366982463007989423e-01
2.636566708494871847e-01 -1.629178351779638767e-01 2.996202542586947626e-01
3.219470978343759171e-01 -1.585569025002846466e-01 2.890739531536272722e-01
3.774049421741914045e-01 -1.437794419476894348e-01 2.928023833928743436e-01
4.508762805252173322e-01 -1.030406613678978012e-01 3.553947359553688568e-01
2.154411138640577317e-01 -1.583963676882738092e-01 3.256103609546876498e-01
3.531149766803283185e-01 -2.163353147503066509e-01 5.825546630825693128e-01
2.842892835545471897e-01 -2.142003370327074663e-01 5.723163451526616097e-01
4.152010824472345263e-01 -1.971486427045521239e-01 5.652277945653028102e-01
4.535273032582516350e-01 -1.706077232375728947e-01 5.257393506648020409e-01
4.941043371234838943e-01 -6.741598874765064586e-02 2.992155627372508064e-01
2.307825621675372307e-01 -3.460997192104753317e-02 -8.462972656675460392e-01
4.530117091832996934e-01 -1.008459199443876297e-01 4.223186334708752820e-01
6.675317066510189079e-01 1.837576550350434879e-01 3.717993292116044124e-01
5.557519032705009465e-01 -1.796228811266986636e-02 3.713071494229560621e-01
3.101328517480741453e-01 -1.760007177623421626e-01 -6.921427096353860442e-02
5.111938288573716904e-02 -2.315558393507719526e-01 -4.689293997611438947e-01
4.681119386061796672e-02 -1.906771423743541805e-01 -5.318575242533269964e-01
1.233444211280767533e-01 -1.969585915031695222e-01 -4.854213991209463952e-01
1.773887845680911513e-01 -1.511938556657090871e-01 -4.953986843580180377e-01
1.053992509641075714e-01 -1.711156076098359069e-01 -5.264496426304017263e-01
1.565703962489022327e-01 -1.336898671532217309e-01 -5.174808619282900146e-01
3.035257058627003346e-01 -5.531568027536934440e-02 -5.663893490245288653e-01
6.984962395228389020e-02 -4.323042224871889161e-01 -1.876460801768424780e-01
7.745150111227794287e-02 -4.615297494402623713e-01 -1.038421154652431344e-01
5.239752547722602571e-01 -1.631292980807934612e-01 5.922546006153615039e-01
1.929679593931326043e-01 -2.084215347408004959e-01 1.533793729751331547e-01
2.058284014922939775e-01 -2.919371647826909388e-01 -1.413460197474627478e-01
2.093085205793185910e-01 -2.803314071174871636e-01 -9.062318577054728763e-02
4.788504861341928986e-01 -1.032179373453465665e-01 -5.059060617119026659e-02
7.446154023857609605e-02 -4.394678808737744191e-01 1.253962611577102981e-02
4.002858877608090893e-01 -2.739385366226145813e-01 6.804694145835945562e-01
4.751715445697577422e-01 -2.251891929321150343e-01 6.535502792457017485e-01
5.796055274793303624e-01 -2.158315499635632406e-02 8.706538370873673216e-01
1.494804570062484572e-01 -3.090537793556129564e-01 5.921766207990835085e-01
2.259576800667884022e-01 -1.908224832174094665e-01 5.295436757642575376e-01
3.523890307199257776e-01 -4.614244603406036926e-02 -4.801547554547072050e-01
6.109134233453090701e-01 4.400079948374990835e-01 -3.927098339894219414e-01
1.637046603938185907e-01 -2.646474953584259104e-01 -1.879324513013413966e-01
1.188940521750636581e-01 -2.675532852054409716e-01 -2.137937595806127522e-01
2.647219280912688211e-01 -4.675014780551903226e-02 -4.889388200623900893e-01
2.476636116353876371e-01 -6.512891806000412065e-02 -4.925397257069532575e-01
5.026112166034879536e-01 -2.047539230560051493e-01 7.068731554786253923e-01
2.079619700208832356e-01 -2.555276674543711657e-01 -1.735573085678461247e-01
2.962765216837075499e-01 -3.051015396745926367e-01 6.672623179661592019e-01
3.055590187947752057e-01 -3.262139530537524479e-01 7.306393617150011011e-01
3.523145009551296170e-01 -2.647116179260984303e-01 1.043415626575455946e+00
5.417166625694340709e-01 -1.254525443006713203e-01 7.775310197875526796e-01
3.215769320652483998e-01 -2.967013076188598220e-01 8.821284203684385261e-01
5.554218712043761386e-01 -1.181570963051010725e-01 6.289581449849794836e-01
5.996149404366404312e-01 -8.265120020981092663e-03 6.690859857614075423e-01
4.935472351036446215e-02 -2.167212580748063555e-01 -5.066933785957141723e-01
1.142774179037900351e-01 -1.861105757458699772e-01 -5.087246079133680432e-01
1.667464092949537680e-01 -1.472954979668966713e-01 -5.079689023604325726e-01
1.505971703549622287e-01 -2.506405104631839187e-01 -2.013466793087941298e-01
2.561464051897245353e-01 -5.673425633634393561e-02 -4.907724174570806674e-01
2.122822323548622103e-01 -9.687900171893132351e-02 -5.235248178409439568e-01
2.387776078774584976e-01 -6.722588966208109529e-02 -4.940090779519634712e-01
1.346242650636686466e-01 -3.470187704568150622e-01 -1.732296047657122529e-01
1.484616441494552852e-01 -1.219128309909203178e-01 -5.237088978520541005e-01
1.000117188345966968e-01 -1.448140598278664370e-01 -5.346341999799446576e-01
4.531817356870110336e-02 -1.612779348735702278e-01 -5.437190458612266575e-01
8.890518246205664221e-02 -1.228866498091426562e-01 -7.308265640591327106e-01
5.607672217453552044e-02 -1.804297995859137638e-01 -6.529335603194166282e-01
5.254234932232126898e-02 -1.897318059941695001e-01 -6.065708852166604714e-01
4.980134872998717710e-02 -1.794600778627678528e-01 -5.613487807144976749e-01
4.477947347593499994e-02 -1.754520601693202453e-01 -5.257353988384108057e-01
1.449224701099544044e-01 -1.272412681513815924e-01 -5.130492705102542850e-01
1.552627781222021275e-01 -1.352621199253365436e-01 -5.300405435568005252e-01
1.648708195584630554e-01 -1.423270566655311375e-01 -5.524993309310337608e-01
1.750162349511248383e-01 -1.294870120811154601e-01 -5.771007079565100284e-01
2.678888537543762105e-01 -1.531431507091031152e-01 -3.767549860467815925e-01
6.737787542671442864e-01 4.670011230577637562e-01 3.669175884596365123e-02
1.879220269140112753e-01 -9.346987228827863259e-02 -5.066486084698200720e-01
1.991954170065866059e-01 -9.885470860638312374e-02 -5.148827216740587964e-01
9.934850940918071860e-02 -2.642888532154366033e-01 -2.473854939341466608e-01
1.892355424228486793e-01 -2.085640624760205508e-01 -2.176483813073935014e-01
1.089005917676808544e-01 -2.674069086247787830e-01 -2.313314085468973769e-01
2.525797688207394032e-01 -1.821222911890236773e-01 1.043698648096209602e-01
3.466022123844911818e-01 -1.594225109415221553e-01 4.531680888625999604e-02
2.193847574921174992e-01 -2.426047680464136214e-01 -1.238597097789710944e-01
4.907846823890196220e-01 -1.549634423411916373e-01 9.747547521962758310e-01
4.542290230176346810e-01 -2.199370327569978301e-01 8.515912300420467318e-01
4.191695841694293989e-01 -2.729111250992573012e-01 7.438799889171505697e-01
2.330920035358683418e-01 -8.322005819786026937e-02 -6.380448324824499196e-01
1.685142602282061475e-01 -3.472852462976026011e-01 6.984948585176091740e-01
1.807211345564536664e-01 -3.373722216559333908e-01 8.856986289088677466e-01
2.004325181300543601e-01 -3.265011739577556860e-01 1.078539831750557454e+00
4.241919338008077744e-01 -1.216477057900893222e-01 3.134941879313566382e-01
5.540638075717296829e-01 -2.870121830943717089e-02 2.414888594532329513e-01
1.838173341896138790e-01 -1.516031184119008834e-01 3.507503606778548111e-01
5.031286144403726013e-01 -1.166412719343628002e-01 4.830633592052335779e-01
1.533247528091084000e-01 -2.360730360665028726e-01 2.079375505243901134e-01
1.708252738369253620e-01 -3.535169337535197798e-01 -1.187907723589245457e-01
6.227491454721221231e-01 4.252677168582696954e-02 1.861017564017157788e-01
5.161912892543485398e-01 -7.256680810933424652e-02 1.743630669732652017e-01
4.435715520058014505e-01 -1.216145898483560472e-01 1.375578201581642013e-01
3.345611996027120227e-01 -1.470704337776918003e-01 1.529584185685878284e-01
2.542306055620882077e-01 -1.635928930812791116e-01 1.896319000410189304e-01
1.945509859593237412e-01 -1.837751289787665776e-01 2.285630490322307917e-01
7.768219944509302533e-02 -3.117554765254442195e-01 3.155598117848437134e-01
6.136456717328755417e-01 5.050502006410673150e-02 4.255289794294736527e-03
5.438297696735991948e-01 -9.063440691836555096e-02 4.931299611937201011e-01
5.029810179583416030e-02 -3.974744330245512103e-01 -2.255496235020411078e-01
1.896637634621072266e-01 -2.223014546291932625e-01 6.085756672789188748e-02
6.847266309501431891e-01 3.736698343926816435e-01 4.087628964906637741e-01
1.504283902694458774e-01 -1.972259789974168953e-01 2.727382432643594701e-01
2.263540426596104549e-01 -1.840705513628075884e-01 -1.195442093549718976e-01
4.739326983273510763e-01 -8.948958982686150421e-02 4.184060058373000324e-01
1.727146158182042424e-01 -3.387693198241548131e-01 -5.647672423793292928e-02
6.517342469092586299e-01 4.673813222526419509e-01 -1.707589855858984151e-01
1.838355690954023292e-01 -1.402087542829968392e-01 3.856603002081373521e-01
1.246385685447575220e-01 -4.014772725173614276e-01 -1.352590947043924574e-02
4.835118053480407241e-01 1.574803666480413256e-01 -6.390504945459394293e-01
4.840388382309406268e-01 2.737573994672786171e-01 -7.149424617009891847e-01
6.700722489656749659e-01 2.601750398733608804e-01 1.560540337324700655e-02
5.556569239312318942e-01 2.159579339334483095e-01 -5.171323456751775183e-01
6.364802268172864430e-01 1.029719412516134636e-01 5.346099451759709353e-01
2.448204359267212027e-01 1.009720665278665552e-02 -9.257624492801657112e-01
4.792696566059129193e-02 -3.176697016498519766e-01 -2.348339136089843127e-01
2.408120259717652090e-01 -1.939163295049231017e-01 -1.346737783086804363e-03
6.010532714752923056e-01 4.237930205758777547e-02 3.587355592870618004e-01
3.751686155829982994e-01 -1.447331810696077525e-01 3.457814732362953780e-01
3.250680569184405400e-01 -1.570059208921792404e-01 3.387555512420925563e-01
2.260744894949323625e-01 -8.462369187192758657e-02 -5.334233071356644373e-01
6.012484159693869401e-01 9.220406230928301916e-02 -1.624011137518039938e-01
1.415240631210821221e-01 4.273733671098944864e-02 -1.031338313084781078e+00
3.197197336852859451e-01 1.438771551136377447e-01 -9.108367570840254501e-01
3.965703072821158415e-01 2.018705532390141499e-01 -8.313696013335638568e-01
2.753899731190587730e-01 -1.594565005804415847e-01 3.478812094892456130e-01
2.288098927147699246e-01 -1.518490218941330738e-01 3.660640665929115745e-01
1.988157837627457791e-01 -1.401597145054513938e-01 3.763101719697545811e-01
5.808907078563834148e-01 -3.325711831836952737e-02 5.113191230223748107e-01
2.378524190293371809e-01 -1.714167950157321485e-01 4.584039842007634480e-01
2.889462022918714013e-01 -1.860155704018686684e-01 4.911238847765249105e-01
3.417489090667436002e-01 -1.855222133294933684e-01 4.983744835748509239e-01
3.928103091658297075e-01 -1.712246098185583598e-01 4.829005626108731075e-01
4.231670588176683623e-01 -1.503321990276282882e-01 4.569988577590233803e-01
6.704337904980617324e-01 2.530438993130488257e-01 5.928911842485149464e-01
4.091261813605617803e-01 -1.289940899366386340e-01 3.644211735116182904e-01
2.094908424615337106e-01 -1.931221278542041286e-01 -3.419073140642696629e-01
1.630960694039393921e-01 -2.883838442850255035e-01 -1.778782356378789675e-01
9.953894684416925154e-02 -2.491098825115556359e-01 -3.281193283328640575e-01
4.050496752628380825e-01 1.143579026107190977e-01 -7.519657824812324698e-01
3.283127328823407520e-01 6.552670086495154811e-02 -8.392165614300757248e-01
1.397031090824549793e-01 -3.915070911694495948e-02 -9.902648427001548015e-01
5.530223605258335340e-01 3.654888721468934065e-01 -5.767426190867634972e-01
2.008373781326062701e-01 -1.524570869519163985e-01 4.139091545579192122e-01
1.153208698922219000e-01 -3.139882801441125082e-01 1.694114908708264089e-01
2.372662245849879170e-01 8.258259887376762087e-02 -9.812640780709287469e-01
6.491412827634333027e-01 2.755857698969590430e-01 -1.721533781112207784e-01
9.778915122808246041e-02 -1.538743865520542098e-01 -5.180677268805928826e-01
1.072395210747588701e-01 -1.609293458549501121e-01 -5.455401921095348605e-01
1.136510991608838395e-01 -1.686268780955241242e-01 -5.806584246985586617e-01
1.204802953299874968e-01 -1.574800133699381099e-01 -6.212456203343195149e-01
1.657087487855681829e-01 -1.086827048479768187e-01 -6.922403510141306171e-01
2.024866050596018097e-01 -9.688187386554641956e-02 -5.014566328890868174e-01
2.153670474722971795e-01 -9.664267154581368535e-02 -4.948693370965300264e-01
2.261411455365363032e-01 -9.752738759194057305e-02 -4.885799397439165581e-01
3.197124867611123022e-01 -9.941053847655800801e-02 -4.218469536333573355e-01
5.214187101530387558e-01 -1.833065313198335711e-02 -2.234555914982433444e-01
1.150404412792465081e-01 -2.702920345891879350e-01 2.675901387523440533e-01
1.443593091333841283e-01 -1.915863200283500767e-01 4.536856208728621276e-01
1.770511131584513453e-01 -1.667072007932168809e-01 4.476335656460288526e-01
1.904823282206826729e-01 -8.978807310593983626e-02 -5.063175470874829998e-01
5.287970457957231751e-01 9.411754239406150413e-02 -4.107022664850794591e-01
9.333801455352053189e-02 -2.663600308623501611e-01 4.471142656328419562e-01
1.998704231785368712e-01 -6.898643091548023465e-02 -7.700218000728038525e-01
7.491951962085718897e-02 -3.598822123275779994e-01 2.101096586233519581e-01
1.555036126724766987e-01 -2.967647493080867171e-01 2.930022226849621214e-02
1.090730963131770759e-01 -9.822649601101124395e-02 -8.186074577046138501e-01
3.511026828525345422e-01 -2.052375128179374786e-02 -6.046351874743520760e-01
2.725081252261984943e-01 -1.622858702745721970e-01 -1.854862226421798432e-01
2.748444570210457627e-01 -4.286756218631085358e-02 -7.026763671299152136e-01
3.978844417274036704e-01 -1.417503569289271237e-01 -1.677113811071803129e-01
3.214413290431441528e-01 -1.396145295005615239e-01 -2.660405457971490861e-01
4.442030993239918235e-01 -7.415437697100124570e-02 -2.914600285354589371e-01
1.296405464190790724e-01 -8.008438046622129436e-02 -9.129155121571361775e-01
1.900363107606615198e-01 -2.486165374654416560e-01 -1.384560614939150947e-02
3.894772289826424760e-01 3.809901786560651593e-02 -6.674958293227275519e-01
3.100786302242262149e-01 9.351689274856321565e-03 -7.603408764568557743e-01
4.008830184957608012e-01 -2.166244902198405375e-02 -4.942676198662268039e-01
5.841068898052319547e-01 1.306474107332792345e-01 -3.028263616610342712e-01
4.605624825780929577e-01 3.134661103328148513e-02 -5.078254677471822909e-01
6.169507272691969746e-01 2.742074058288475058e-01 -3.486098275993732010e-01
3.690362249415002349e-01 -9.274418928857358635e-02 -3.597192348520632521e-01
1.514302954717234861e-01 -2.650007553271551686e-01 1.165774114917321747e-01
1.517903432637597305e-01 -3.612052303114694496e-01 -1.601826824466505705e-01
1.872279379827788137e-01 -2.958042001343423877e-01 -1.716506563981181621e-01
1.281914299684745462e-01 -4.102537016711842455e-01 -1.086074370813712164e-01
1.919954639654921635e-01 -2.212434637043205754e-01 5.424773811452734407e-01
2.887254669253564998e-01 -2.414934534094053120e-01 6.051760444025275909e-01
3.728699464700060417e-01 -2.395830158686478306e-01 6.150856092417997800e-01
4.398400195075158337e-01 -2.140771175456794850e-01 5.949643852847956715e-01
4.833641749005481714e-01 -1.738362598106553136e-01 5.525039471319468376e-01
5.076694160032788616e-01 -6.346279887826389299e-02 3.935462985283724180e-01
6.770770456962180717e-01 2.252762808129284977e-01 1.954668883563255299e-01
4.643559625510107480e-01 -9.231180084082168946e-02 2.573526565511703446e-01
4.060029112065208778e-01 -1.235887227323622106e-01 2.270437646254119812e-01
3.297606563214960929e-01 -1.460359481255046887e-01 2.272899339919520756e-01
2.572737210452444856e-01 -1.587801180394570189e-01 2.491393399058126068e-01
2.019747345825180229e-01 -1.633277400771713239e-01 2.791108498924903536e-01
1.638726170997495402e-01 -1.695550308633775316e-01 3.077515495596552242e-01
6.814409658545983461e-01 4.404644593415945053e-01 2.276143790344185014e-01
1.865149942602042366e-01 -2.642601704504383697e-01 -1.891748963904611447e-01
1.161318440755445547e-01 -3.493975924397023647e-01 8.119001817053828063e-02
1.117623787584102191e-01 -4.062106919543402306e-01 -1.723903972666340767e-01
8.127021308866266835e-02 -3.771890164212403640e-01 -2.096040949264799114e-01
1.117042144820254990e-01 -3.759701582032168865e-01 -1.822216969313803503e-01
1.711814612276441050e-01 -2.419079531670838001e-01 -2.107862777742244287e-01
6.928136848403099179e-02 -3.911103808464475584e-01 -2.195412213812488744e-01
6.706853208303220626e-02 -3.197675718876906714e-01 -2.292867135515372912e-01
1.637118850012773130e-01 -1.489041550687488780e-01 3.818485817773717983e-01
1.340959319200669686e-01 -1.818979482986433638e-01 3.571562948873117094e-01
1.161232198388038039e-01 -2.213008176970245877e-01 3.386647322449440889e-01
4.399216397349707819e-01 -1.287253575924456328e-01 4.377067299427872538e-01
4.754020878917817328e-01 -1.323171830922871273e-01 4.798939299026536709e-01
-3.051588091159560534e-01 -1.449725740986140821e-01 4.546953713901080718e-01
-2.448273127690896445e-01 -1.505946745726172153e-01 4.532254185960549187e-01
-3.044113188975305917e-01 -1.527710260795478447e-01 5.432777801493040570e-01
-3.663050421808016210e-01 -1.393013211119447092e-01 4.574411667487172650e-01
-3.064493444112468268e-01 -1.371764895552169961e-01 3.677995979065147303e-01
3.305085411128443340e-01 -1.509625010879882545e-01 4.262434053492070163e-01
3.895701326915252949e-01 -1.563140372720854820e-01 4.228795056570857636e-01
3.296565454374427162e-01 -1.588938395925580949e-01 5.129589735581614462e-01
2.709776895938578178e-01 -1.456344983603568011e-01 4.304723671590822143e-01
3.315833013869351475e-01 -1.430464945598464155e-01 3.394436095317840962e-01
