4.889750480651855469e-01 5.225700139999389648e-01 -4.474602639675140381e-02
4.812247455120086670e-01 4.545156955718994141e-01 -4.689973965287208557e-02
4.864420890808105469e-01 4.810764789581298828e-01 -4.221130162477493286e-02
4.787694215774536133e-01 4.087291061878204346e-01 -3.883142024278640747e-02
5.008869767189025879e-01 4.589096009731292725e-01 -5.791185423731803894e-02
4.956385195255279541e-01 4.266600310802459717e-01 -4.520259425044059753e-02
5.039814114570617676e-01 3.713070452213287354e-01 -3.457088023424148560e-02
4.140527844429016113e-01 3.626157939434051514e-01 1.237706560641527176e-02
4.901099503040313721e-01 3.265405893325805664e-01 -2.717260271310806274e-02
5.083804726600646973e-01 2.920662164688110352e-01 -1.288975868374109268e-02
5.110675692558288574e-01 2.311168909072875977e-01 5.722958594560623169e-04
5.033571720123291016e-01 5.227265954017639160e-01 -4.039572551846504211e-02
4.852696061134338379e-01 5.322377681732177734e-01 -2.834762260317802429e-02
4.922763109207153320e-01 5.371389985084533691e-01 -2.266008406877517700e-02
4.847458899021148682e-01 5.494671463966369629e-01 -2.020508609712123871e-02
4.958274960517883301e-01 5.627353787422180176e-01 -2.320592291653156281e-02
4.877980351448059082e-01 5.561887025833129883e-01 -3.434416651725769043e-02
4.908001422882080078e-01 5.820474028587341309e-01 -2.077997848391532898e-02
4.862879812717437744e-01 5.978057980537414551e-01 -4.928532056510448456e-03
4.913988709449768066e-01 4.747674465179443359e-01 -5.248006433248519897e-02
4.795904457569122314e-01 4.709789752960205078e-01 -3.306400403380393982e-02
3.750214874744415283e-01 3.080566823482513428e-01 5.930379033088684082e-02
4.432938098907470703e-01 3.900003731250762939e-01 -3.436904866248369217e-03
4.322578012943267822e-01 3.756529092788696289e-01 1.548999221995472908e-03
4.237722158432006836e-01 3.767346739768981934e-01 1.584816537797451019e-02
4.152183532714843750e-01 3.708358705043792725e-01 1.350340340286493301e-02
4.548452198505401611e-01 3.784390091896057129e-01 3.000209573656320572e-03
4.315547347068786621e-01 3.413393497467041016e-01 6.805464625358581543e-03
4.400174617767333984e-01 3.445098400115966797e-01 5.620714742690324783e-03
4.174346029758453369e-01 3.258161544799804688e-01 -6.788194179534912109e-03
4.053696393966674805e-01 3.503541350364685059e-01 -8.503803983330726624e-04
3.818295896053314209e-01 3.865728378295898438e-01 3.418719023466110229e-02
4.400241374969482422e-01 6.134163141250610352e-01 -1.619713031686842442e-03
4.105900824069976807e-01 3.665051162242889404e-01 4.649751819670200348e-03
3.707873821258544922e-01 3.670531809329986572e-01 7.155855000019073486e-02
3.902769386768341064e-01 3.675906360149383545e-01 4.375792667269706726e-02
4.260773658752441406e-01 4.483213126659393311e-01 -1.591253466904163361e-02
4.860452711582183838e-01 5.068289041519165039e-01 -2.254242636263370514e-02
4.760737419128417969e-01 5.150369405746459961e-01 -3.739051893353462219e-02
4.571502804756164551e-01 5.070388317108154297e-01 -3.319621831178665161e-02
4.480611383914947510e-01 5.220954418182373047e-01 -2.650935016572475433e-02
4.696341753005981445e-01 5.281671285629272461e-01 -2.383949235081672668e-02
4.632813930511474609e-01 5.245193839073181152e-01 -1.971108280122280121e-02
4.361654818058013916e-01 5.566878914833068848e-01 -1.104516908526420593e-02
4.863982796669006348e-01 4.575683772563934326e-01 -7.047422230243682861e-02
4.845980405807495117e-01 4.437336921691894531e-01 -6.912346929311752319e-02
3.993028104305267334e-01 3.222378492355346680e-01 2.434538304805755615e-02
4.532130360603332520e-01 4.212394058704376221e-01 -8.353471755981445312e-03
4.480898082256317139e-01 4.592488706111907959e-01 -3.152070567011833191e-02
4.567320644855499268e-01 4.395776391029357910e-01 -2.847552672028541565e-02
4.012429714202880859e-01 4.446020722389221191e-01 9.088384918868541718e-03
4.841434359550476074e-01 4.153465926647186279e-01 -4.753176867961883545e-02
4.210981726646423340e-01 2.902101576328277588e-01 1.272676512598991394e-03
4.039391577243804932e-01 3.065551519393920898e-01 6.419881246984004974e-03
3.927740752696990967e-01 2.714830338954925537e-01 4.676458984613418579e-02
4.770494699478149414e-01 3.246460855007171631e-01 -8.820050861686468124e-04
4.629568159580230713e-01 3.314232230186462402e-01 -5.205119028687477112e-03
4.289855360984802246e-01 5.431081056594848633e-01 -6.246554199606180191e-03
3.572852015495300293e-01 5.296721458435058594e-01 7.130723446607589722e-02
4.622684419155120850e-01 4.577039182186126709e-01 -3.134433180093765259e-02
4.847713112831115723e-01 4.792028367519378662e-01 -7.239510305225849152e-03
4.324787855148315430e-01 5.338319540023803711e-01 -5.283313803374767303e-03
4.480352997779846191e-01 5.426235795021057129e-01 -8.799177594482898712e-03
4.079259037971496582e-01 2.824834585189819336e-01 1.174577791243791580e-02
4.612715542316436768e-01 4.689252674579620361e-01 -2.650176361203193665e-02
4.610558450222015381e-01 3.157471716403961182e-01 -1.188825257122516632e-02
4.409996271133422852e-01 2.795632481575012207e-01 -5.782543681561946869e-03
4.554516077041625977e-01 2.342832833528518677e-01 1.115255896002054214e-02
3.983315527439117432e-01 2.836557030677795410e-01 1.854883320629596710e-02
4.513946473598480225e-01 2.772033810615539551e-01 -1.297310227528214455e-03
3.916095793247222900e-01 3.185421824455261230e-01 2.302529104053974152e-02
3.810460269451141357e-01 3.143867850303649902e-01 3.758569806814193726e-02
4.697684943675994873e-01 5.232421755790710449e-01 -4.593442007899284363e-02
4.686336219310760498e-01 5.323555469512939453e-01 -2.367614582180976868e-02
4.547702968120574951e-01 5.244333744049072266e-01 -1.569811999797821045e-02
4.744418859481811523e-01 4.802473187446594238e-01 -2.666561864316463470e-02
4.498981535434722900e-01 5.482015609741210938e-01 -7.025898899883031845e-03
4.446214437484741211e-01 5.512275099754333496e-01 -1.232295576483011246e-02
4.472229182720184326e-01 5.393831133842468262e-01 -5.010345019400119781e-03
4.785465300083160400e-01 4.631443321704864502e-01 -3.768648579716682434e-02
4.798127710819244385e-01 5.322673916816711426e-01 -2.476192265748977661e-02
4.785550534725189209e-01 5.354030728340148926e-01 -1.349662989377975464e-02
4.775424599647521973e-01 5.219053030014038086e-01 -5.832463968545198441e-03
4.683595895767211914e-01 6.022284626960754395e-01 -8.738331496715545654e-03
4.731029272079467773e-01 5.788971781730651855e-01 -1.624287478625774384e-02
4.703129529953002930e-01 5.749101638793945312e-01 -2.259132266044616699e-02
4.710163772106170654e-01 5.554729700088500977e-01 -2.815044671297073364e-02
4.695746600627899170e-01 5.493979454040527344e-01 -1.348966080695390701e-02
4.676420092582702637e-01 5.494526028633117676e-01 1.297713723033666611e-03
4.596470594406127930e-01 5.390506982803344727e-01 -1.649639755487442017e-02
4.562478661537170410e-01 5.518067479133605957e-01 -1.413555815815925598e-02
4.493775069713592529e-01 5.653588175773620605e-01 -2.147210389375686646e-02
4.354739785194396973e-01 5.184576511383056641e-01 -2.393710613250732422e-02
3.571383953094482422e-01 4.358617067337036133e-01 1.050692200660705566e-01
4.832636415958404541e-01 4.846263825893402100e-01 -3.440243750810623169e-02
4.544983506202697754e-01 5.386624336242675781e-01 -8.983287960290908813e-03
4.500507712364196777e-01 5.469865798950195312e-01 -4.809351172298192978e-03
4.729636609554290771e-01 4.803872108459472656e-01 -3.408091887831687927e-02
4.536138772964477539e-01 4.790133833885192871e-01 -1.601988077163696289e-02
4.837497472763061523e-01 4.754097461700439453e-01 -4.716845601797103882e-02
4.477281868457794189e-01 4.272405505180358887e-01 -1.611334085464477539e-02
4.300557672977447510e-01 4.277651011943817139e-01 -1.145117916166782379e-03
4.412771165370941162e-01 4.752877056598663330e-01 -3.148135170340538025e-02
4.130071997642517090e-01 2.516137659549713135e-01 2.640445157885551453e-02
4.243470728397369385e-01 2.712015211582183838e-01 1.505821011960506439e-02
4.114898443222045898e-01 2.930553555488586426e-01 1.012197602540254593e-02
4.557101726531982422e-01 5.722336173057556152e-01 1.381713058799505234e-02
4.707290828227996826e-01 3.019464910030364990e-01 -1.661237142980098724e-02
4.580677747726440430e-01 2.729537487030029297e-01 -9.149667806923389435e-03
4.663765132427215576e-01 2.508297562599182129e-01 4.297861829400062561e-03
4.149661362171173096e-01 3.797424733638763428e-01 1.866537705063819885e-02
3.809452354907989502e-01 3.923378884792327881e-01 3.499415516853332520e-02
4.539509415626525879e-01 3.770945668220520020e-01 7.354175206273794174e-03
3.983168005943298340e-01 3.459233641624450684e-01 1.532167755067348480e-02
4.645355343818664551e-01 4.043903648853302002e-01 2.108435146510601044e-04
4.695828557014465332e-01 4.555350542068481445e-01 -4.485191777348518372e-02
3.874334990978240967e-01 4.052381515502929688e-01 4.256230592727661133e-02
3.870162069797515869e-01 4.026373624801635742e-01 8.768368512392044067e-03
4.020622074604034424e-01 4.169278144836425781e-01 1.468528294935822487e-03
4.340928792953491211e-01 4.044760167598724365e-01 -4.650881746783852577e-04
4.447197616100311279e-01 4.137279987335205078e-01 -1.425421424210071564e-02
4.589104354381561279e-01 3.873949348926544189e-01 2.257602056488394737e-03
4.942498505115509033e-01 3.870837390422821045e-01 -8.524624630808830261e-03
3.743350505828857422e-01 4.330237209796905518e-01 3.240453451871871948e-02
3.772094249725341797e-01 3.423411548137664795e-01 2.358088642358779907e-02
5.019268393516540527e-01 4.726783633232116699e-01 -4.482943937182426453e-02
4.492418766021728516e-01 4.200094044208526611e-01 -1.139686256647109985e-02
3.561882078647613525e-01 3.722259402275085449e-01 9.936852753162384033e-02
4.662654995918273926e-01 3.822987675666809082e-01 -1.072921045124530792e-02
4.614653587341308594e-01 4.536797106266021729e-01 -1.867610774934291840e-02
3.990571796894073486e-01 3.606685996055603027e-01 8.644204586744308472e-03
4.681713581085205078e-01 4.369007050991058350e-01 -3.032748401165008545e-02
3.541937768459320068e-01 4.855099916458129883e-01 1.038028076291084290e-01
4.658942222595214844e-01 3.655851781368255615e-01 6.166139617562294006e-03
4.677585661411285400e-01 4.313495755195617676e-01 -4.841068014502525330e-02
3.914646208286285400e-01 5.616776943206787109e-01 2.545106783509254456e-02
3.879313766956329346e-01 5.895916819572448730e-01 3.640309348702430725e-02
3.643570840358734131e-01 4.380385875701904297e-01 7.199761271476745605e-02
3.799523115158081055e-01 5.454412102699279785e-01 4.561043530702590942e-02
3.775474131107330322e-01 3.435416817665100098e-01 6.561790406703948975e-02
4.300993680953979492e-01 6.198121905326843262e-01 -1.781013980507850647e-02
4.917319118976593018e-01 4.631347656250000000e-01 -4.160400480031967163e-02
4.516406059265136719e-01 4.445121586322784424e-01 -1.073163747787475586e-02
3.658191561698913574e-01 3.698599338531494141e-01 3.313437104225158691e-02
4.284102916717529297e-01 3.759595155715942383e-01 8.897205116227269173e-04
4.399730861186981201e-01 3.719847798347473145e-01 3.418603446334600449e-03
4.550205171108245850e-01 5.408744812011718750e-01 -6.952136754989624023e-03
3.836999833583831787e-01 4.702227711677551270e-01 3.628326579928398132e-02
4.486606121063232422e-01 6.654048562049865723e-01 -2.451512264087796211e-04
4.189836084842681885e-01 6.244359016418457031e-01 1.952071674168109894e-02
4.072200357913970947e-01 6.083267331123352051e-01 3.812912851572036743e-02
5.033401846885681152e-01 2.768073379993438721e-01 -4.951119422912597656e-03
4.691929221153259277e-01 6.680932641029357910e-01 2.329512964934110641e-03
4.407150745391845703e-01 3.780456185340881348e-01 4.333162680268287659e-03
4.591386318206787109e-01 3.640378713607788086e-01 7.192950230091810226e-03
4.681537747383117676e-01 3.698279857635498047e-01 2.124297665432095528e-03
3.776292800903320312e-01 3.403383493423461914e-01 2.657301351428031921e-02
4.617701470851898193e-01 3.617798089981079102e-01 1.073199138045310974e-02
4.284926354885101318e-01 3.599614500999450684e-01 4.752486944198608398e-03
4.268169999122619629e-01 3.485104143619537354e-01 -8.818935602903366089e-04
4.169618487358093262e-01 3.598348498344421387e-01 1.346820313483476639e-02
4.117702543735504150e-01 3.612730801105499268e-01 1.357546076178550720e-02
3.751972317695617676e-01 3.378289937973022461e-01 7.395586371421813965e-02
4.034065604209899902e-01 3.649671077728271484e-01 3.323922678828239441e-02
4.935472309589385986e-01 4.998771846294403076e-01 -3.602602332830429077e-02
4.595082998275756836e-01 4.935207366943359375e-01 -2.658145315945148468e-02
4.601382613182067871e-01 4.684945940971374512e-01 -3.400380536913871765e-02
4.696800708770751953e-01 4.974467456340789795e-01 -3.546253964304924011e-02
4.986620247364044189e-01 3.500340878963470459e-01 -2.092383988201618195e-02
3.976272940635681152e-01 5.898327827453613281e-01 9.027333930134773254e-03
4.215986430644989014e-01 6.084510684013366699e-01 2.647190168499946594e-02
4.392181932926177979e-01 6.345924139022827148e-01 -2.010885812342166901e-02
3.754805624485015869e-01 5.617823004722595215e-01 8.381757140159606934e-02
4.647814929485321045e-01 3.656697273254394531e-01 1.668020710349082947e-02
4.611694514751434326e-01 4.052193760871887207e-01 -2.224771305918693542e-02
4.816894829273223877e-01 6.517279744148254395e-01 -1.412937999702990055e-03
4.344791471958160400e-01 6.450177431106567383e-01 2.230239100754261017e-02
3.646641373634338379e-01 4.871458411216735840e-01 6.143913418054580688e-02
4.679205119609832764e-01 5.473622679710388184e-01 -2.146880701184272766e-02
4.674222171306610107e-01 5.605535507202148438e-01 -2.000264823436737061e-02
4.653217196464538574e-01 5.583554506301879883e-01 -2.317436784505844116e-02
4.569589495658874512e-01 5.792311429977416992e-01 -1.890845596790313721e-02
4.460263848304748535e-01 5.818677544593811035e-01 -1.882826536893844604e-02
4.503093063831329346e-01 5.372861027717590332e-01 -1.765851676464080811e-02
4.516020119190216064e-01 5.441514849662780762e-01 -7.602790836244821548e-03
4.483379125595092773e-01 5.280580520629882812e-01 -8.781863376498222351e-03
4.379554390907287598e-01 5.043844580650329590e-01 -1.131153013557195663e-02
3.987869620323181152e-01 4.848761558532714844e-01 2.682723291218280792e-02
4.807654619216918945e-01 3.777445256710052490e-01 -2.045745775103569031e-02
4.767138063907623291e-01 3.526068031787872314e-01 -2.434983383864164352e-03
4.629226624965667725e-01 3.716694414615631104e-01 2.186124213039875031e-03
4.542290568351745605e-01 5.386154055595397949e-01 3.274450777098536491e-03
3.838592171669006348e-01 5.308094620704650879e-01 3.188877552747726440e-02
4.866306781768798828e-01 3.431344330310821533e-01 -6.976766511797904968e-03
4.341486990451812744e-01 5.891396403312683105e-01 -1.273656170815229416e-02
4.978685677051544189e-01 3.996461033821105957e-01 -4.933918640017509460e-02
4.762172698974609375e-01 3.970853686332702637e-01 -3.678387403488159180e-02
4.925363063812255859e-01 3.904096186161041260e-01 -3.684816136956214905e-02
4.618049263954162598e-01 4.324871003627777100e-01 -2.572296932339668274e-02
4.818093180656433105e-01 6.268754601478576660e-01 -1.407166384160518646e-02
4.871352016925811768e-01 6.127855777740478516e-01 -1.415626145899295807e-02
4.600183069705963135e-01 6.062786579132080078e-01 -1.584582217037677765e-02
4.200352430343627930e-01 5.734484195709228516e-01 -5.464050918817520142e-04
4.341938495635986328e-01 4.608180820941925049e-01 -1.839583367109298706e-02
4.278304278850555420e-01 5.837339162826538086e-01 -1.671190839260816574e-04
4.126060903072357178e-01 4.750461578369140625e-01 -1.299862284213304520e-03
4.320802390575408936e-01 4.943325221538543701e-01 -3.568797837942838669e-04
3.964844644069671631e-01 5.067631602287292480e-01 -7.551421876996755600e-04
4.587974548339843750e-01 6.366389989852905273e-01 -1.199829112738370895e-02
4.672859907150268555e-01 4.298197329044342041e-01 -1.067784428596496582e-02
4.157985448837280273e-01 5.698360204696655273e-01 5.357355345040559769e-03
4.220049083232879639e-01 6.019346714019775391e-01 8.763400837779045105e-04
4.142227768898010254e-01 5.303273200988769531e-01 -2.425433136522769928e-03
3.748636543750762939e-01 4.937961995601654053e-01 4.404785484075546265e-02
3.987130224704742432e-01 5.434086918830871582e-01 1.590441539883613586e-02
3.621565997600555420e-01 5.190176367759704590e-01 5.570139363408088684e-02
4.280080795288085938e-01 5.123245716094970703e-01 -2.985560800880193710e-03
4.714173078536987305e-01 4.125230908393859863e-01 -2.455904521048069000e-02
4.603370428085327148e-01 4.645219743251800537e-01 -5.108985677361488342e-02
4.666024446487426758e-01 4.670531153678894043e-01 -3.345378115773200989e-02
4.850693643093109131e-01 4.466165602207183838e-01 -3.972258418798446655e-02
4.682475924491882324e-01 3.442226052284240723e-01 -6.869974546134471893e-03
4.623143076896667480e-01 3.237857520580291748e-01 -1.089453510940074921e-02
4.324544072151184082e-01 3.118247389793395996e-01 -1.027009263634681702e-02
4.322434961795806885e-01 3.232806026935577393e-01 -7.389353588223457336e-03
4.081764221191406250e-01 3.289161026477813721e-01 8.292405866086483002e-03
3.852099478244781494e-01 3.695429265499114990e-01 9.378756396472454071e-03
3.648255467414855957e-01 4.090829789638519287e-01 6.841273605823516846e-02
4.072121381759643555e-01 3.962891101837158203e-01 1.886173337697982788e-02
4.124500751495361328e-01 3.964325189590454102e-01 2.418852411210536957e-03
4.281813204288482666e-01 4.021393656730651855e-01 9.663578821346163750e-04
4.527462720870971680e-01 3.880387246608734131e-01 8.967359550297260284e-03
4.474257230758666992e-01 3.915059268474578857e-01 -9.985173819586634636e-04
4.637657701969146729e-01 3.791942000389099121e-01 -8.212515152990818024e-03
3.570894300937652588e-01 3.998829424381256104e-01 9.559568017721176147e-02
4.578158259391784668e-01 4.667337536811828613e-01 -2.432515658438205719e-02
4.708066880702972412e-01 4.209249615669250488e-01 -2.863298356533050537e-02
4.758901596069335938e-01 4.650014042854309082e-01 -5.092338845133781433e-02
4.858441352844238281e-01 4.814566075801849365e-01 -5.509680882096290588e-02
4.713803827762603760e-01 4.635336697101593018e-01 -4.891865700483322144e-02
4.506380259990692139e-01 4.727007746696472168e-01 -2.885670959949493408e-02
4.852031469345092773e-01 4.599746763706207275e-01 -6.093996018171310425e-02
4.770776331424713135e-01 4.728790819644927979e-01 -4.078459739685058594e-02
4.653651118278503418e-01 3.701780438423156738e-01 8.204434067010879517e-03
4.721058011054992676e-01 3.653304874897003174e-01 -1.863451907411217690e-03
4.844917953014373779e-01 3.819179236888885498e-01 4.623719723895192146e-04
4.219930171966552734e-01 3.587194681167602539e-01 9.128177538514137268e-03
4.202929437160491943e-01 3.369593918323516846e-01 1.376490853726863861e-02
5.023836493492126465e-01 4.086801707744598389e-01 -3.912942856550216675e-02
5.728798508644104004e-01 3.803725838661193848e-01 2.690230496227741241e-02
4.878066480159759521e-01 4.740463495254516602e-01 -3.416979685425758362e-02
6.039363741874694824e-01 3.360179066658020020e-01 9.103541076183319092e-02
5.449388027191162109e-01 3.923535645008087158e-01 1.576075144112110138e-02
5.498033761978149414e-01 3.927256464958190918e-01 2.711376175284385681e-03
5.731111168861389160e-01 3.836382627487182617e-01 8.280731737613677979e-03
5.821108222007751465e-01 3.896460533142089844e-01 2.877485752105712891e-02
5.296517610549926758e-01 3.824671506881713867e-01 2.337611280381679535e-02
5.584765076637268066e-01 3.378574252128601074e-01 1.512522902339696884e-02
5.451371669769287109e-01 3.399711847305297852e-01 3.004356753081083298e-03
5.790393352508544922e-01 3.402727842330932617e-01 2.274357154965400696e-02
5.805132389068603516e-01 3.506571352481842041e-01 2.278134785592556000e-02
5.955070257186889648e-01 3.944337368011474609e-01 2.164734527468681335e-02
5.238924026489257812e-01 6.250452995300292969e-01 -5.103927105665206909e-03
5.762531161308288574e-01 3.822973370552062988e-01 2.189566008746623993e-02
6.013823151588439941e-01 4.012941718101501465e-01 8.373217284679412842e-02
5.866478681564331055e-01 3.874884247779846191e-01 4.211772978305816650e-02
5.472846031188964844e-01 4.594219923019409180e-01 2.497587818652391434e-03
5.185390114784240723e-01 5.201576352119445801e-01 -2.567962557077407837e-02
4.926626384258270264e-01 5.394347906112670898e-01 -2.767151035368442535e-02
5.223877429962158203e-01 5.190901160240173340e-01 -2.122370526194572449e-02
5.130919218063354492e-01 5.384098887443542480e-01 -1.205565035343170166e-02
5.125129222869873047e-01 5.341306924819946289e-01 -2.142295613884925842e-02
5.310010910034179688e-01 5.338930487632751465e-01 -2.247765101492404938e-02
5.185963511466979980e-01 5.649961829185485840e-01 -1.213431265205144882e-02
5.048677325248718262e-01 4.591172933578491211e-01 -5.838377401232719421e-02
4.959109127521514893e-01 4.533181190490722656e-01 -6.467462331056594849e-02
5.972076654434204102e-01 3.349926173686981201e-01 1.778436079621315002e-02
5.186274647712707520e-01 4.146000742912292480e-01 -8.498862385749816895e-03
5.224128961563110352e-01 4.621433019638061523e-01 -2.804255858063697815e-02
5.382639765739440918e-01 4.553982913494110107e-01 -3.824282810091972351e-02
5.804514288902282715e-01 4.495975077152252197e-01 2.018977887928485870e-02
5.046283006668090820e-01 4.218753874301910400e-01 -6.389339268207550049e-02
5.763689875602722168e-01 3.212334215641021729e-01 1.621169410645961761e-02
5.705747008323669434e-01 3.348910212516784668e-01 2.456205897033214569e-02
6.030597686767578125e-01 3.019875884056091309e-01 5.152478069067001343e-02
5.317547321319580078e-01 3.283731639385223389e-01 -9.928720071911811829e-03
5.352938175201416016e-01 3.494056463241577148e-01 9.831683710217475891e-03
5.346478819847106934e-01 5.512365698814392090e-01 9.277813136577606201e-03
5.857520699501037598e-01 5.623542070388793945e-01 9.011375904083251953e-02
5.227063298225402832e-01 4.774388968944549561e-01 -3.085857816040515900e-02
4.965165555477142334e-01 4.655644297599792480e-01 -2.914164587855339050e-02
5.348901152610778809e-01 5.421361327171325684e-01 5.575662478804588318e-03
5.292838215827941895e-01 5.515553355216979980e-01 4.233662504702806473e-03
5.892906785011291504e-01 3.165140151977539062e-01 1.276401057839393616e-02
5.269985795021057129e-01 4.790231883525848389e-01 -2.939549274742603302e-02
5.466734766960144043e-01 3.265996575355529785e-01 -4.694056697189807892e-03
5.593558549880981445e-01 2.980762422084808350e-01 -1.311350334435701370e-02
5.600371956825256348e-01 2.395260930061340332e-01 1.243418827652931213e-02
6.055868268013000488e-01 3.152617514133453369e-01 3.029943630099296570e-02
5.525307655334472656e-01 2.834464609622955322e-01 5.903855897486209869e-03
5.905897617340087891e-01 3.356614410877227783e-01 3.811288625001907349e-02
6.050176024436950684e-01 3.429624438285827637e-01 4.736990854144096375e-02
5.043168067932128906e-01 5.305475592613220215e-01 -2.572103403508663177e-02
5.179295539855957031e-01 5.298488736152648926e-01 -2.034328877925872803e-02
5.275537371635437012e-01 5.368510484695434570e-01 -1.292728912085294724e-02
5.217728018760681152e-01 4.730792939662933350e-01 -4.071991145610809326e-02
5.217916965484619141e-01 5.477715730667114258e-01 8.566306903958320618e-03
5.176974534988403320e-01 5.533978939056396484e-01 -3.631534287706017494e-03
5.246728658676147461e-01 5.308218002319335938e-01 -8.543010801076889038e-03
5.148532390594482422e-01 4.682856202125549316e-01 -5.146156251430511475e-02
5.236538648605346680e-01 5.263362526893615723e-01 -4.082082770764827728e-03
5.116738677024841309e-01 5.284583568572998047e-01 -2.703773602843284607e-02
5.001360774040222168e-01 5.343154072761535645e-01 -3.198200464248657227e-02
5.028122663497924805e-01 5.968912839889526367e-01 -4.214198794215917587e-03
4.952268302440643311e-01 5.753124356269836426e-01 -1.349973492324352264e-02
4.988397359848022461e-01 5.631514787673950195e-01 -2.789471857249736786e-02
4.909694492816925049e-01 5.674293637275695801e-01 -2.856876701116561890e-02
4.974423944950103760e-01 5.508692860603332520e-01 -2.854453958570957184e-02
5.102769732475280762e-01 5.566607713699340820e-01 -1.490602083504199982e-02
5.195527672767639160e-01 5.389361977577209473e-01 -3.793905256316065788e-03
5.173169970512390137e-01 5.637568831443786621e-01 -1.150289084762334824e-02
5.240807533264160156e-01 5.652661919593811035e-01 -2.399669401347637177e-02
5.339801907539367676e-01 5.171633362770080566e-01 -1.772643998265266418e-02
6.123886704444885254e-01 4.811745285987854004e-01 1.235308125615119934e-01
5.169709920883178711e-01 5.465524792671203613e-01 -7.488024421036243439e-04
5.219315290451049805e-01 5.667859315872192383e-01 -9.030299843288958073e-04
5.067336559295654297e-01 4.840764701366424561e-01 -2.223945409059524536e-02
5.122840404510498047e-01 4.829891324043273926e-01 -1.600072719156742096e-02
5.046651959419250488e-01 4.779809415340423584e-01 -1.408165879547595978e-02
5.494752526283264160e-01 4.260199666023254395e-01 -2.812218619510531425e-03
5.485882163047790527e-01 4.377152025699615479e-01 -1.424031215719878674e-03
5.154556632041931152e-01 4.675462543964385986e-01 -1.812818832695484161e-02
5.857407450675964355e-01 2.630974054336547852e-01 2.614855021238327026e-02
5.801646709442138672e-01 2.870959341526031494e-01 3.452480956912040710e-02
5.736918449401855469e-01 2.983984351158142090e-01 7.595650851726531982e-03
5.398579835891723633e-01 5.796684026718139648e-01 -5.089678335934877396e-03
5.215014815330505371e-01 3.161124587059020996e-01 -1.605509407818317413e-02
5.299899578094482422e-01 2.742095589637756348e-01 -1.857431419193744659e-02
5.379136800765991211e-01 2.450112551450729370e-01 1.063648797571659088e-02
5.817003846168518066e-01 3.904533088207244873e-01 1.909669116139411926e-02
5.937196612358093262e-01 4.029678702354431152e-01 2.332003042101860046e-02
5.303366184234619141e-01 3.750132322311401367e-01 1.833593100309371948e-02
5.785474777221679688e-01 3.656286001205444336e-01 3.102295100688934326e-02
5.162695050239562988e-01 4.018499851226806641e-01 2.165585290640592575e-03
5.253379940986633301e-01 4.574972093105316162e-01 -3.467302396893501282e-02
6.009290218353271484e-01 4.214874804019927979e-01 5.033537745475769043e-02
5.832689404487609863e-01 4.189795255661010742e-01 9.399872273206710815e-03
5.690475106239318848e-01 4.232690036296844482e-01 2.874515764415264130e-02
5.518251061439514160e-01 4.302725791931152344e-01 1.167114917188882828e-02
5.351881384849548340e-01 4.155518412590026855e-01 3.809759858995676041e-03
5.330139994621276855e-01 3.908596336841583252e-01 4.408452659845352173e-03
5.033328533172607422e-01 3.774581551551818848e-01 -1.930035091936588287e-02
6.023162603378295898e-01 4.616911113262176514e-01 4.881227016448974609e-02
5.951158404350280762e-01 3.704898655414581299e-01 2.738383412361145020e-02
4.924960732460021973e-01 4.688845276832580566e-01 -5.122477933764457703e-02
5.096089839935302734e-01 4.384034276008605957e-01 -1.363420579582452774e-02
6.005319952964782715e-01 3.837380111217498779e-01 9.987086057662963867e-02
5.157998204231262207e-01 3.853386938571929932e-01 -8.153216913342475891e-03
5.279048681259155273e-01 4.701431691646575928e-01 -3.314675763249397278e-03
5.818356871604919434e-01 3.798913359642028809e-01 3.163781017065048218e-02
5.199064612388610840e-01 4.490292668342590332e-01 -3.391485288739204407e-02
6.104454994201660156e-01 5.177785158157348633e-01 1.252090632915496826e-01
5.166118741035461426e-01 3.741216063499450684e-01 1.944910921156406403e-02
5.183357000350952148e-01 4.402228891849517822e-01 -5.474047362804412842e-02
5.607737302780151367e-01 5.870764255523681641e-01 4.590134695172309875e-02
5.695655941963195801e-01 6.112458705902099609e-01 5.816019326448440552e-02
6.109634637832641602e-01 4.606902599334716797e-01 7.977860420942306519e-02
5.908317565917968750e-01 5.595942139625549316e-01 7.072357088327407837e-02
6.098959445953369141e-01 3.594344854354858398e-01 7.414745539426803589e-02
5.290135145187377930e-01 6.302762627601623535e-01 1.533070486038923264e-02
4.939277768135070801e-01 4.788044691085815430e-01 -4.610087722539901733e-02
5.224341750144958496e-01 4.524694681167602539e-01 -7.257664110511541367e-03
6.012703180313110352e-01 3.987386226654052734e-01 6.446806341409683228e-02
5.703879594802856445e-01 3.823603689670562744e-01 1.844027824699878693e-02
5.537753701210021973e-01 3.808424174785614014e-01 4.389798734337091446e-03
5.160454511642456055e-01 5.590160489082336426e-01 -1.496547134593129158e-03
5.988913774490356445e-01 4.853152930736541748e-01 3.895961493253707886e-02
4.881433248519897461e-01 6.595398783683776855e-01 6.164227612316608429e-03
5.315690636634826660e-01 6.356708407402038574e-01 2.053564414381980896e-02
5.473728179931640625e-01 6.212447285652160645e-01 3.589140623807907104e-02
5.335025787353515625e-01 3.884202837944030762e-01 1.491699740290641785e-02
5.388286709785461426e-01 3.812734484672546387e-01 1.301892474293708801e-02
5.384889841079711914e-01 3.707727193832397461e-01 3.176817204803228378e-03
6.046724319458007812e-01 3.520250022411346436e-01 4.298390448093414307e-02
5.316216349601745605e-01 3.852489590644836426e-01 1.609063893556594849e-02
5.485935211181640625e-01 3.570390939712524414e-01 2.857795450836420059e-03
5.488557219505310059e-01 3.524549603462219238e-01 1.046221144497394562e-02
5.726858973503112793e-01 3.669494986534118652e-01 2.067429013550281525e-02
5.684825181961059570e-01 3.802317976951599121e-01 3.471614792943000793e-02
6.134634017944335938e-01 3.554933369159698486e-01 1.010661944746971130e-01
5.613464117050170898e-01 3.777499794960021973e-01 1.738750189542770386e-02
5.336391329765319824e-01 5.014284849166870117e-01 -1.263442728668451309e-02
5.286522507667541504e-01 4.693617820739746094e-01 -1.765090599656105042e-02
5.008895993232727051e-01 5.088654756546020508e-01 -3.422919660806655884e-02
5.583520531654357910e-01 5.997347831726074219e-01 2.247131988406181335e-02
5.414193868637084961e-01 6.154206395149230957e-01 3.136561810970306396e-02
5.033024549484252930e-01 6.539207100868225098e-01 2.706114668399095535e-03
5.754607319831848145e-01 5.829100608825683594e-01 9.225714206695556641e-02
5.303373932838439941e-01 3.724437057971954346e-01 9.641395881772041321e-03
5.234118103981018066e-01 4.152412116527557373e-01 -1.749523915350437164e-02
5.241010785102844238e-01 6.474062204360961914e-01 2.495994605123996735e-02
5.950516462326049805e-01 4.984366893768310547e-01 6.412106752395629883e-02
4.974631071090698242e-01 5.481542348861694336e-01 -1.062004081904888153e-02
5.108050107955932617e-01 5.618302822113037109e-01 -1.457529980689287186e-02
5.145161151885986328e-01 5.649434328079223633e-01 -1.843479461967945099e-02
5.162149071693420410e-01 5.821844935417175293e-01 -7.829776965081691742e-03
5.171278119087219238e-01 5.880858898162841797e-01 -1.571074500679969788e-02
5.310653448104858398e-01 5.399085283279418945e-01 -7.962215691804885864e-03
5.182156562805175781e-01 5.395811796188354492e-01 -2.492577070370316505e-03
5.291562080383300781e-01 5.330780148506164551e-01 -2.775679808109998703e-03
5.404987335205078125e-01 5.248368382453918457e-01 -1.258289674296975136e-03
5.750459432601928711e-01 4.918286204338073730e-01 2.814532071352005005e-02
5.031037926673889160e-01 3.987760245800018311e-01 -1.242537610232830048e-02
5.314124822616577148e-01 3.677500188350677490e-01 1.363305188715457916e-02
5.264360904693603516e-01 3.513890802860260010e-01 1.745628193020820618e-03
5.205720067024230957e-01 5.535515546798706055e-01 -2.231996133923530579e-02
5.758398175239562988e-01 5.292707085609436035e-01 1.596872881054878235e-02
5.053835511207580566e-01 3.518277406692504883e-01 -6.576115731149911880e-03
5.276762843132019043e-01 5.941573381423950195e-01 -1.655220286920666695e-03
5.053944587707519531e-01 3.971839249134063721e-01 -1.639976352453231812e-02
5.197225213050842285e-01 4.307942986488342285e-01 -1.794365793466567993e-02
5.074338912963867188e-01 6.061567068099975586e-01 -2.119091525673866272e-02
5.395899415016174316e-01 5.708720684051513672e-01 1.037052273750305176e-02
5.475521087646484375e-01 4.789702594280242920e-01 2.926127752289175987e-03
5.352404117584228516e-01 5.907520651817321777e-01 -3.333856351673603058e-03
5.648363828659057617e-01 4.810983836650848389e-01 4.647403955459594727e-03
5.525165796279907227e-01 5.005710124969482422e-01 7.720065303146839142e-03
5.579415559768676758e-01 5.010961890220642090e-01 -4.833377897739410400e-03
5.031812787055969238e-01 6.382245421409606934e-01 -1.747588440775871277e-02
5.148183107376098633e-01 4.441505074501037598e-01 -2.939006872475147247e-02
5.526744723320007324e-01 5.845394730567932129e-01 2.654984593391418457e-02
5.354638695716857910e-01 5.995190143585205078e-01 1.226568128913640976e-04
5.524031519889831543e-01 5.520548820495605469e-01 1.744354330003261566e-02
5.883904099464416504e-01 5.198348164558410645e-01 4.712017998099327087e-02
5.761911273002624512e-01 5.476517081260681152e-01 1.221107877790927887e-02
5.953882932662963867e-01 5.316044688224792480e-01 7.666648179292678833e-02
5.510173439979553223e-01 5.177541971206665039e-01 -1.184020377695560455e-02
5.138868093490600586e-01 4.188552498817443848e-01 -2.714765071868896484e-02
5.153782963752746582e-01 4.672406315803527832e-01 -6.785350292921066284e-02
5.182707309722900391e-01 4.773336648941040039e-01 -2.774317935109138489e-02
5.151627659797668457e-01 4.461182057857513428e-01 -5.141440778970718384e-02
5.213827490806579590e-01 3.505167961120605469e-01 8.403385058045387268e-03
5.361270308494567871e-01 3.227702975273132324e-01 -4.133156500756740570e-03
5.716276764869689941e-01 3.329740166664123535e-01 9.964957134798169136e-04
5.845201015472412109e-01 3.276400864124298096e-01 5.115130916237831116e-03
5.838487744331359863e-01 3.475225865840911865e-01 1.284105051308870316e-02
5.862852931022644043e-01 3.747670948505401611e-01 3.445442020893096924e-02
6.119106411933898926e-01 4.263855516910552979e-01 8.142130076885223389e-02
5.871389508247375488e-01 4.032631814479827881e-01 2.472763136029243469e-02
5.754547119140625000e-01 4.150264561176300049e-01 1.828734949231147766e-02
5.530578494071960449e-01 4.098579287528991699e-01 2.759217284619808197e-03
5.382275581359863281e-01 3.891936242580413818e-01 8.334371261298656464e-03
5.279464721679687500e-01 3.910778462886810303e-01 6.579382345080375671e-03
5.295260548591613770e-01 3.908022940158843994e-01 1.475520245730876923e-02
6.135159730911254883e-01 4.340917468070983887e-01 1.201940849423408508e-01
5.216972827911376953e-01 4.849981963634490967e-01 -2.551931887865066528e-02
5.121785998344421387e-01 4.166457951068878174e-01 -3.253370895981788635e-02
5.162117481231689453e-01 4.541848897933959961e-01 -5.149260535836219788e-02
4.934761524200439453e-01 4.629392027854919434e-01 -3.313684463500976562e-02
5.213224887847900391e-01 4.702325463294982910e-01 -4.431264474987983704e-02
5.240448713302612305e-01 4.761064052581787109e-01 -5.593235604465007782e-03
5.085093975067138672e-01 4.667820930480957031e-01 -4.680210724472999573e-02
4.944241642951965332e-01 4.736073017120361328e-01 -4.321463406085968018e-02
5.197483301162719727e-01 3.803082406520843506e-01 1.654153503477573395e-02
5.158874392509460449e-01 3.654127120971679688e-01 1.141522359102964401e-02
5.118336081504821777e-01 3.722839951515197754e-01 -1.986177824437618256e-02
5.664625763893127441e-01 3.824537992477416992e-01 2.185704372823238373e-02
5.762605667114257812e-01 3.615263104438781738e-01 2.940303087234497070e-02
4.426045119762420654e-01 3.625277578830718994e-01 9.987350553274154663e-03
4.422154426574707031e-01 3.582947850227355957e-01 5.821119993925094604e-04
4.285013377666473389e-01 3.387288451194763184e-01 2.271297760307788849e-02
4.151909649372100830e-01 3.553676605224609375e-01 1.459913328289985657e-02
4.354346990585327148e-01 3.692975938320159912e-01 2.840014174580574036e-03
5.519276261329650879e-01 3.645383417606353760e-01 4.021782428026199341e-03
5.625385642051696777e-01 3.752573728561401367e-01 1.337253581732511520e-02
5.600230693817138672e-01 3.604199290275573730e-01 1.819747686386108398e-02
5.309014320373535156e-01 3.624464571475982666e-01 1.646959781646728516e-02
5.535210967063903809e-01 3.813903927803039551e-01 2.124132961034774780e-02
