-1.830793214042136796e-02 -1.985680291720637314e-01 -4.256694436967092265e-01
1.775047302072607636e-02 -3.752254196309863232e-01 -1.629481581797840306e-01
1.810273082731672645e-02 -2.390029738180112773e-01 -2.172883649655057425e-01
-2.643796535677545023e-02 -3.402124893161087016e-01 1.039154934619617165e-01
1.759035505735884186e-02 -4.020706182395912265e-01 -8.810731141972927283e-02
1.676757963672814711e-02 -3.947613544007566588e-01 1.814159122970060434e-02
1.853552214593179315e-02 -2.901879039112955638e-01 2.886797670463279175e-01
-3.480206327143378076e-01 -9.178603673088403525e-02 3.610344377313721154e-01
1.890385746881939610e-02 -2.777391152406210040e-01 4.942888093584656417e-01
1.812578390879115986e-02 -2.997196170943823290e-01 5.934771417319950615e-01
1.702152266778700351e-02 -2.905060103112830916e-01 9.423386159589028921e-01
-1.758736768598453959e-02 -1.865066745750698640e-01 -4.494918129698266540e-01
-1.571503917677673223e-02 -1.658120108141998283e-01 -4.685942790898831589e-01
-1.226283241367555343e-02 -1.399448975466690559e-01 -4.775276826623491289e-01
-9.842268304490295328e-03 -1.594236005217350982e-01 -4.561557271237166589e-01
-1.032120932864927232e-02 -1.622231535565086258e-01 -4.881134460787004414e-01
-1.189638475229101711e-02 -1.694327518571445701e-01 -5.271954585460196796e-01
-1.171153542143599235e-02 -1.600620064667277465e-01 -5.661674929502389375e-01
1.179149720871708329e-02 -1.088145744905426593e-01 -6.287951980068102742e-01
1.690499629894048894e-02 -3.448611596283326364e-01 -1.966681852865366231e-01
-3.277014038288461606e-02 -2.749766523738186308e-01 -1.826734956339950422e-01
-5.399491147397696977e-01 1.116324858349884153e-01 6.919061734461706692e-01
-2.067577539796872088e-01 -1.381695439563159766e-01 2.616919314664469809e-01
-2.597061128707451871e-01 -1.325208498859851147e-01 2.554840571953533868e-01
-3.090094014781499254e-01 -1.179019581866498356e-01 2.668628545316478196e-01
-3.692646944693791511e-01 -8.100627526542325541e-02 3.363253295147972111e-01
-1.600998593563716099e-01 -1.346262298624054665e-01 2.841597392850259141e-01
-2.814721816950367383e-01 -1.798008090005183135e-01 5.350228238308094575e-01
-2.210022129932269763e-01 -1.792604309711833821e-01 5.232287781190194664e-01
-3.349632240859818921e-01 -1.605596915250444567e-01 5.217583938488363771e-01
-3.688617952892911944e-01 -1.358839975232655206e-01 4.898402232361593889e-01
-4.137078084715426485e-01 -4.814921129367921715e-02 2.932202777202475019e-01
-1.764354670284249416e-01 -2.088959416401367508e-02 -7.162249450469611034e-01
-3.649536586815713690e-01 -7.844306039693260679e-02 3.974292469869693534e-01
-5.570524057743142521e-01 1.727956973978024280e-01 3.756207990797166829e-01
-4.702346944856827804e-01 -3.159493423663783940e-03 3.666741701321285518e-01
-2.419195289007376459e-01 -1.448181327392106255e-01 -3.620100824166883058e-02
-7.630512229797548063e-02 -1.982335971105380068e-01 -4.042973155682307862e-01
-6.659144777885639410e-02 -1.618396892689188959e-01 -4.602134122226591018e-01
-1.305859773420507963e-01 -1.687704661433055975e-01 -4.124711491481178882e-01
-1.742263215219377326e-01 -1.266652697881338607e-01 -4.100745023748215701e-01
-1.115362431016291289e-01 -1.451404644035514391e-01 -4.485005455467385715e-01
-1.521060941475596007e-01 -1.107832680414100324e-01 -4.286450136354638119e-01
-2.369763054410567449e-01 -3.999925340569687737e-02 -4.767420640095556550e-01
-2.622813478010177501e-02 -3.696698243530391892e-01 -1.575532041436282782e-01
-3.397687226369683344e-02 -3.945512168269473818e-01 -8.465831778844967737e-02
-4.376659186969078519e-01 -1.285335992361567037e-01 5.456322954642160994e-01
-1.358666094216793852e-01 -1.778886517244870902e-01 1.459323496251885288e-01
-1.457001936384436647e-01 -2.458564016653470574e-01 -1.086722232081878126e-01
-1.497697981232093412e-01 -2.359139965251415560e-01 -6.453660034296859749e-02
-3.938329050072013615e-01 -7.980298222243509265e-02 -6.118576882736426192e-03
-3.067112235485891514e-02 -3.778691959325755079e-01 1.478819697944466771e-02
-3.197478464845033841e-01 -2.244322920808556887e-01 6.129150250520751797e-01
-3.894809046478968639e-01 -1.815985178647139264e-01 5.928191924992294304e-01
-4.883955412647082994e-01 -3.179461393107457789e-03 8.036761040665627576e-01
-9.265908202685224637e-02 -2.632520964568740851e-01 5.245157124283821304e-01
-1.674419336813812720e-01 -1.617462565480067838e-01 4.817877517865500892e-01
-2.914527554359005457e-01 -2.721616251176611767e-02 -3.977306883973810159e-01
-4.929969692696545280e-01 3.945322828024417916e-01 -2.973482100843440890e-01
-1.068960402759997486e-01 -2.225767552983715092e-01 -1.520330807628917924e-01
-6.687489123543866043e-02 -2.242453218207609567e-01 -1.769816479668118170e-01
-2.213829131168998376e-01 -3.512729002031478309e-02 -4.040938285348323333e-01
-2.077558851514651472e-01 -5.023686284216560827e-02 -4.084718261578910159e-01
-4.151521008341347851e-01 -1.635218328949008537e-01 6.455382584821052205e-01
-1.488201869367955510e-01 -2.137428638326621666e-01 -1.363504178976127079e-01
-2.237062630017874199e-01 -2.528846866007654626e-01 5.975689394043399716e-01
-2.316259183704119096e-01 -2.705296176064209135e-01 6.564309903429492721e-01
-2.805262107252843862e-01 -2.175764536293698370e-01 9.331192576334785826e-01
-4.509695515802434329e-01 -9.514433074594919049e-02 7.147152856845195856e-01
-2.499450903060989049e-01 -2.467489072730231214e-01 7.880370150414250929e-01
-4.657533450943418529e-01 -8.969707413160676879e-02 5.871022001695962445e-01
-5.022058923073160486e-01 5.891629370200213156e-03 6.258466665331017253e-01
-7.318313310882917921e-02 -1.849864226829367464e-01 -4.381542415012127378e-01
-1.215809696346030755e-01 -1.587153597237633829e-01 -4.331500829020935583e-01
-1.637848448693148828e-01 -1.225712688583966425e-01 -4.210834817370603389e-01
-9.538048450451341864e-02 -2.100134569786780148e-01 -1.645726434332699384e-01
-2.145211973607970002e-01 -4.274629252329914531e-02 -4.062471315903746216e-01
-1.802440793456452361e-01 -8.002594798749940175e-02 -4.355319575074334537e-01
-1.996839286477989361e-01 -5.316671682774537500e-02 -4.106480826448803967e-01
-8.324920082839604163e-02 -2.971089711698393643e-01 -1.405400028280614499e-01
-1.427338068806671689e-01 -1.012741548082169984e-01 -4.344465367433603120e-01
-1.025470268403754215e-01 -1.223237472661502512e-01 -4.545134829080739181e-01
-5.930892870126880378e-02 -1.372267595540075380e-01 -4.703040542207297392e-01
-5.555245151285076455e-02 -1.037153170062912189e-01 -6.230562875179375126e-01
-6.991904914463553666e-02 -1.559527295804072899e-01 -5.566322307950786197e-01
-6.771005559133591589e-02 -1.650944010624155744e-01 -5.177337715967613718e-01
-6.175822898670246808e-02 -1.568395851682342634e-01 -4.796289813861660534e-01
-5.548866948537967136e-02 -1.539836418400595264e-01 -4.500875807377617832e-01
-1.291329178981881487e-01 -1.097033623360723631e-01 -4.327972453445232404e-01
-1.384127910331161004e-01 -1.153056880031169129e-01 -4.464916560138680879e-01
-1.475180862370872870e-01 -1.211956042352717589e-01 -4.649269752061870875e-01
-1.535335477472419274e-01 -1.102627644852476330e-01 -4.849114760657844414e-01
-2.174450909962035716e-01 -1.242141420915954253e-01 -3.108835799916813691e-01
-5.514253103228412556e-01 4.189122505005116182e-01 8.561682568650597069e-02
1.946126019693766862e-02 -2.763967485645784095e-01 -2.051192096778011731e-01
-1.604008685844477977e-01 -7.936808773473280620e-02 -4.227117567887104244e-01
-1.703061378351202748e-01 -8.230570820845661828e-02 -4.286749227964232745e-01
-5.070558359828281070e-02 -2.245428549173453803e-01 -2.076988614247050613e-01
-1.312956185236937579e-01 -1.720129517324759938e-01 -1.756118301288660533e-01
-5.851143877207398702e-02 -2.253975766377340761e-01 -1.926633444797514194e-01
-1.896011459051081260e-01 -1.542471190081116106e-01 1.086824445674365869e-01
-2.740957437247431017e-01 -1.315003758152286650e-01 6.607147587908590580e-02
-1.582471953546438215e-01 -2.028313192162158884e-01 -9.239268612900697342e-02
-4.065230885787514126e-01 -1.186955739550654698e-01 8.867070776348100480e-01
-3.707117533966339806e-01 -1.770564496594602133e-01 7.725732192592378311e-01
-3.360220903084609745e-01 -2.230496649885083116e-01 6.725793797428654130e-01
-1.774319032597264645e-01 -6.716351683117882665e-02 -5.370978720328531963e-01
-1.072284182433698163e-01 -2.944998861554353198e-01 6.237805378880239005e-01
-1.247066879962090979e-01 -2.853931318654048255e-01 7.783109772972185425e-01
-1.443570992990395041e-01 -2.740756011925498115e-01 9.481209302488196045e-01
-3.486287430416865618e-01 -9.740890953102976368e-02 2.932275392616361387e-01
-4.714709120639071216e-01 -1.165802685424344176e-02 2.528929134904203124e-01
-1.290623528402861098e-01 -1.308359149339608507e-01 3.063427267406595433e-01
-4.160776380543609321e-01 -8.949844693394193307e-02 4.564963559935524273e-01
-9.988887993596762271e-02 -2.026968253446312929e-01 1.895984405570638742e-01
-1.154994515922673770e-01 -2.998815824677052433e-01 -9.061008171502327180e-02
-5.175144594553273691e-01 5.024078032126899629e-02 2.108783093636574790e-01
-4.391495253994435188e-01 -5.149068750776852887e-02 1.903598641297961080e-01
-3.750187606780031047e-01 -9.575664429907537745e-02 1.516441505800498746e-01
-2.756074043636829174e-01 -1.213948674138549677e-01 1.535083535728496429e-01
-2.017273531582346457e-01 -1.377441725053714094e-01 1.753878305369598323e-01
-1.464409655949907574e-01 -1.560336402731010708e-01 2.034774999353032854e-01
-3.053729827760953697e-02 -2.681089705990089556e-01 2.763889782511386173e-01
-5.077560578466773222e-01 5.559741735991963196e-02 5.188649310792792235e-02
-4.575554315641170433e-01 -6.636150646818639309e-02 4.697636010820165353e-01
-1.041868170246482150e-02 -3.417760475556468336e-01 -1.921647361752465422e-01
-1.320073487896671338e-01 -1.895628993620519509e-01 6.542843884203231042e-02
-5.711413061958552362e-01 3.366883470299484316e-01 4.105639619583261180e-01
-1.033709049153550552e-01 -1.689697326141867961e-01 2.368336032305506933e-01
-1.614144507993167110e-01 -1.523350345364136160e-01 -8.814986800143453927e-02
-3.856013558750248649e-01 -6.842125271066090697e-02 3.974537650692298030e-01
-1.182689162942338612e-01 -2.871309470314642454e-01 -3.711839866806765365e-02
-5.286383791380160346e-01 4.199702916072141079e-01 -9.918080196760148404e-02
-1.261387370967632648e-01 -1.222970101750036065e-01 3.394114611091199052e-01
-7.653854635142387508e-02 -3.432311753847727687e-01 -3.594381491109244209e-03
-3.948889075925734460e-01 1.503751904221175550e-01 -5.241193171020626096e-01
-3.898959378835229472e-01 2.514834944034447517e-01 -5.923855135595630372e-01
-5.479457970929502153e-01 2.387101974493246459e-01 6.510376068180923070e-02
-4.542873906541444740e-01 2.011440351552833405e-01 -4.108579556516360753e-01
-5.317251372582489921e-01 1.022506039696864377e-01 5.136869900488250096e-01
-1.889773514525900922e-01 1.759199481183190694e-02 -7.892389232007390731e-01
-1.987875939393965452e-03 -2.726096103106883106e-01 -2.007371203323682352e-01
-1.786729121360828287e-01 -1.626250291181889907e-01 1.633491592452179786e-02
-5.145099702316429102e-01 4.921448429748243036e-02 3.639665047273226151e-01
-3.006329717228481968e-01 -1.185950311708765526e-01 3.132528173703290619e-01
-2.571124342313595434e-01 -1.309926383952912943e-01 3.011152712756199890e-01
-1.885231962795133054e-01 -6.994747502399079053e-02 -4.439487502358083759e-01
-4.953307849756356518e-01 9.185197803123945626e-02 -9.542620001353863124e-02
-9.341375961104603221e-02 4.141276590931319834e-02 -8.860699911828362474e-01
-2.477609961976505737e-01 1.348008025496532092e-01 -7.760103941288258866e-01
-3.139372355770717604e-01 1.868767543215996696e-01 -7.020690759302397055e-01
1.746609474486371383e-02 -2.985576113998291703e-01 7.647433559015954785e-01
1.537570791081765975e-02 2.561983757170627207e-02 -9.020109367692725755e-01
-2.125248278958480341e-01 -1.344652594816366786e-01 3.073048288338071643e-01
-1.687977566450449274e-01 -1.302132922761884970e-01 3.231284841290049670e-01
-1.397882755013242218e-01 -1.218320817030047465e-01 3.321020659329176894e-01
-4.932711503885940374e-01 -1.701326363394595198e-02 4.920397912309937283e-01
-1.786700363649202927e-01 -1.466798608804253945e-01 4.200344935855557793e-01
-2.269025673754185846e-01 -1.565790418014287866e-01 4.555312076079918171e-01
-2.730095516091921581e-01 -1.540966809875499166e-01 4.641920541310131654e-01
-3.164360259021492539e-01 -1.398018171073047711e-01 4.516186931161882967e-01
-3.421837637107216779e-01 -1.210725140944290956e-01 4.289514321695122590e-01
-5.647282151628445490e-01 2.336304935112876180e-01 5.692133018432912195e-01
-3.291010677106243065e-01 -1.040290682217985818e-01 3.357226368800398930e-01
1.457264981242778479e-02 -2.162821655159543610e-01 -2.794701707720497197e-01
-1.566951950349957379e-01 -1.623801334348846659e-01 -2.852200182265423045e-01
-1.064411971222227749e-01 -2.430055966478050777e-01 -1.429378339234719242e-01
-5.869626907951963624e-02 -2.110929598344100100e-01 -2.784474188202761269e-01
1.879851718242209202e-02 -2.648758757689861909e-01 3.941623931512836521e-01
-3.271254981617577329e-01 1.124212652034879412e-01 -6.285990471743581054e-01
-2.605731197065210836e-01 6.895187128842539259e-02 -7.092720565472072636e-01
-9.950680445481041581e-02 -2.862205062619227469e-02 -8.490975660461153041e-01
-4.453672581382903672e-01 3.302154593712458563e-01 -4.643904965125216222e-01
-1.429340536676946272e-01 -1.327594054178646843e-01 3.702061556945137610e-01
-6.538845351093947045e-02 -2.691778838194736068e-01 1.534217411801632736e-01
1.130632638932249634e-02 -4.274026918416495846e-02 -8.636793930687538534e-01
-1.769747389294664686e-01 7.902052739148635041e-02 -8.410788546963487988e-01
-5.295328046398424249e-01 2.522502502707650862e-01 -1.007536352230702370e-01
-9.370953165089057624e-02 -1.351764820142082879e-01 -4.419869069043524945e-01
-1.037910321170785188e-01 -1.401048895867962329e-01 -4.643265390935038539e-01
-1.121835613462605075e-01 -1.463261494079888259e-01 -4.930035296517898402e-01
-1.169278855808906226e-01 -1.363041086510321520e-01 -5.265301183500747939e-01
-1.233787728993620547e-01 -9.165050214739323131e-02 -5.868164273008842358e-01
-1.859474830010428015e-01 -7.639757937032776169e-02 -4.083441414492852140e-01
-1.979755260094522296e-01 -7.617197446121093396e-02 -4.023756689685136223e-01
-2.078802111941209230e-01 -7.637400694097551401e-02 -3.962823296904622872e-01
-2.706283248865553048e-01 -7.242337291497069618e-02 -3.448149257596382355e-01
-4.319645142893193679e-01 -4.600741206341796286e-03 -1.548622670876724783e-01
-6.430356580635887553e-02 -2.321829443239451507e-01 2.381730642467445591e-01
-9.017979112902452243e-02 -1.634469900403416887e-01 4.048417859298636401e-01
-1.221196588192583476e-01 -1.445980209717490084e-01 4.012498795517300820e-01
-1.735785643704921277e-01 -7.282663504515929365e-02 -4.138447666717666173e-01
-4.353486538426807329e-01 9.321394327593846008e-02 -3.212811300104121415e-01
-4.799593512858812971e-02 -2.291406939194260417e-01 3.929631217954323574e-01
-1.514581265213079675e-01 -5.280166372886507808e-02 -6.523872603207276910e-01
1.735055578478661431e-02 -3.587547579969196931e-01 1.103941277651232511e-01
-2.952788439847608970e-02 -3.086630227287585626e-01 1.851892518476674354e-01
1.809510446611994894e-02 -3.228149474347645764e-01 1.962111483913915322e-01
-1.021352819058520822e-01 -2.522113193227326633e-01 3.606153576156645446e-02
9.859453541803009369e-03 -8.008947576699654292e-02 -7.929625321012387928e-01
1.072535757231354858e-02 -9.298589080136210328e-02 -7.089848374898259920e-01
-7.315011980640007128e-02 -8.001845118287442826e-02 -6.996668027485446473e-01
-2.759424531388949831e-01 -8.399986976994858190e-03 -5.051745850699980167e-01
-2.072174405396935981e-01 -1.321207900748930797e-01 -1.405885407321747493e-01
-2.152297606864546076e-01 -2.754718867444783115e-02 -5.890370095670514061e-01
-3.240709192554049878e-01 -1.120327155228579841e-01 -1.144148247698808518e-01
-2.567889695325114019e-01 -1.132843918878378986e-01 -2.076629561030296500e-01
-3.673128102955161012e-01 -5.572148807779697677e-02 -2.239183420244827971e-01
-9.172101494557527435e-02 -6.428615258311631830e-02 -7.797508547695777281e-01
-1.327233066026387576e-01 -2.098705032468828335e-01 7.132640526421596405e-04
-3.126434908469968299e-01 4.519135931280388041e-02 -5.526133769755130487e-01
-2.441466024689900038e-01 1.993553006154347162e-02 -6.361583482081289986e-01
-3.257482868405521259e-01 -9.731814269000244044e-03 -4.092352577733850971e-01
-4.803323157509566954e-01 1.263622342657200193e-01 -2.201066954264021547e-01
-3.766074234134246801e-01 3.637251351677328604e-02 -4.163513983249673700e-01
-5.025866104338803098e-01 2.499108431035041988e-01 -2.579106124046575133e-01
-3.027549632381387745e-01 -7.170268947269564652e-02 -2.914323626034907022e-01
-9.774476805426957071e-02 -2.272046568220957852e-01 1.108354190969338404e-01
-9.930802269735750087e-02 -3.076713121904885995e-01 -1.279715559133047798e-01
-1.294116437630066230e-01 -2.484637045790973886e-01 -1.358551490061414846e-01
-7.776855129321269544e-02 -3.494545868616114603e-01 -8.491981637041878805e-02
-1.326587655612314620e-01 -1.877603368756410873e-01 4.886638368937017418e-01
-2.195975261879112850e-01 -2.005313817932972142e-01 5.483652850722506855e-01
-2.945143014134146142e-01 -1.965950699086178588e-01 5.602239289911636888e-01
-3.553803256879888295e-01 -1.734383169791016144e-01 5.459875864879251139e-01
-3.963766398739920760e-01 -1.381937635311700774e-01 5.131138445302898532e-01
-4.218216572649993168e-01 -4.428288864134377611e-02 3.807286480858946831e-01
-5.602231315588710459e-01 2.072395245207729886e-01 2.229841847269584676e-01
-3.872757584668420350e-01 -7.081239453756538182e-02 2.518188147138857857e-01
-3.369369495598135700e-01 -9.895983597369095719e-02 2.175102086203892782e-01
-2.687277346271201850e-01 -1.207611299612096900e-01 2.068842201410019399e-01
-2.026141099369609400e-01 -1.339754319276735828e-01 2.192991505411656661e-01
-1.501420224108969137e-01 -1.383032127121239796e-01 2.433256512301467112e-01
-1.137431926617900046e-01 -1.449708762303245635e-01 2.664222958134674357e-01
-5.635035492054925044e-01 3.936066776757485286e-01 2.530732740919390267e-01
-1.291517292666095607e-01 -2.211369188816005860e-01 -1.515161768592530045e-01
-6.595646078473471619e-02 -2.998928186031335485e-01 7.735416962318608647e-02
-6.414738231049987860e-02 -3.463384154320516828e-01 -1.413371262824640873e-01
-3.805430928131237067e-02 -3.215931198200800978e-01 -1.759589901852747218e-01
-6.429479288420480998e-02 -3.206590249397844872e-01 -1.496628033502802602e-01
-1.158964294839583964e-01 -2.015313138565266726e-01 -1.714576650756143295e-01
-2.745824286136266945e-02 -3.342558364319758724e-01 -1.854450527211248811e-01
-2.011835269987100050e-02 -2.731100723616046722e-01 -1.947174525839416859e-01
-1.092191556630659477e-01 -1.285181161812900541e-01 3.350363581879491903e-01
-8.499623650292420507e-02 -1.561155694160945018e-01 3.103005171349151325e-01
-7.102512273223204886e-02 -1.894556100429838352e-01 2.934396844998987675e-01
-3.555289921364419570e-01 -1.021394802890682740e-01 4.110711946677669815e-01
-3.881814929084299592e-01 -1.028660918028023730e-01 4.512929453631233656e-01
6.124340553586549163e-02 -3.399024399289984899e-01 1.001026674115608195e-01
3.720372776236189338e-01 -9.968256458965285560e-02 3.306903446044611172e-01
6.963472729943243067e-02 -2.778390292600549927e-01 -1.872258346757358360e-01
5.473597707466808515e-01 9.589078144048812646e-02 6.343462326840043630e-01
2.270259464521302561e-01 -1.402831022861690258e-01 2.454057503535715945e-01
2.772178847509252364e-01 -1.365280489231182059e-01 2.350916458918295149e-01
3.249707808141124588e-01 -1.238036715830617140e-01 2.388385059514943620e-01
3.882344944630204964e-01 -8.872486933378098684e-02 2.996270274156906943e-01
1.855091419538190678e-01 -1.363898177624278674e-01 2.705234814523755915e-01
3.040555034279321944e-01 -1.862791084479908932e-01 5.138437587663613471e-01
2.447919996001672871e-01 -1.844407504977425560e-01 5.055248724007292971e-01
3.575157738540326591e-01 -1.697581064706099596e-01 4.982848664749321976e-01
3.905172015270750308e-01 -1.469046078571025760e-01 4.631389572520734355e-01
4.254567290868891405e-01 -5.804965415645857441e-02 2.531185135151563514e-01
1.986784247412978210e-01 -2.989768240914258968e-02 -7.268921599477922157e-01
3.900732407030460536e-01 -8.683505085399545464e-02 3.648193042109153517e-01
5.747892401166154741e-01 1.582275745868386707e-01 3.201439748616010661e-01
4.785393877046431044e-01 -1.546672607364241170e-02 3.186061826087804860e-01
2.670450323413149363e-01 -1.515483351796547140e-01 -5.959809556666750829e-02
4.405297026175930553e-02 -1.971137551358608242e-01 -4.080933548609735340e-01
4.081188305388100401e-02 -1.614715312097334543e-01 -4.614493589570143328e-01
1.085765817192374527e-01 -1.687170023649260386e-01 -4.201582226907825124e-01
1.588378987812129051e-01 -1.296862249367523034e-01 -4.252537243930607502e-01
9.326046177063374021e-02 -1.461233114854789683e-01 -4.549906853849829957e-01
1.405818388620643233e-01 -1.147283526939710807e-01 -4.440648359512389121e-01
2.738441857073432573e-01 -4.661494786171865856e-02 -4.800688540782749314e-01
6.014517643722072648e-02 -3.722607431964117808e-01 -1.615893292906180889e-01
6.669089876429090680e-02 -3.974078404498442296e-01 -8.941497431696210363e-02
4.511775778283890759e-01 -1.404651859235741540e-01 5.115716834660997137e-01
1.661582598119473175e-01 -1.794648170026675871e-01 1.320698513097440241e-01
1.772319566387636769e-01 -2.513891180062364228e-01 -1.217108094423702269e-01
1.802285708604038916e-01 -2.413840044936179652e-01 -7.803259685768315634e-02
4.123221478653107397e-01 -8.887751575245061986e-02 -4.356188066764010713e-02
6.411634339643335068e-02 -3.784111028529082432e-01 1.079745229237588644e-02
3.446727982551465175e-01 -2.358793173944135901e-01 5.859294679699473818e-01
4.091543342540830963e-01 -1.939028870063737031e-01 5.627895382216392406e-01
4.990789461951408157e-01 -1.858453404518334295e-02 7.496909143978829348e-01
1.287126250915662240e-01 -2.661158791725384276e-01 5.099034944595928209e-01
1.945646055910899008e-01 -1.643108619903230760e-01 4.673540786179191109e-01
3.172900494567549856e-01 -3.715224321396637386e-02 -4.011829091074479159e-01
5.260371288479745999e-01 3.788761769335735607e-01 -3.381493115848499542e-01
1.409412327848471591e-01 -2.280967596719767343e-01 -1.619403944280972674e-01
1.022617029101904329e-01 -2.307539510234501989e-01 -1.843731731080331393e-01
2.440688743793948401e-01 -3.823051360517920605e-02 -4.087307594914220132e-01
2.287170629545518530e-01 -5.438287722174112160e-02 -4.129086401900727843e-01
4.327817186617011203e-01 -1.763067591720925975e-01 6.086648438911144154e-01
1.790691011834582014e-01 -2.201024633534531816e-01 -1.494739493865937519e-01
2.551138096755636298e-01 -2.627127376882043563e-01 5.745572757152164201e-01
2.631066576671940993e-01 -2.808919311592035228e-01 6.291291324967858145e-01
3.033662405371444493e-01 -2.279343261178254920e-01 8.984503195121646968e-01
4.664541110697797421e-01 -1.080229926021729625e-01 6.695059690837243949e-01
2.768991473800497261e-01 -2.554795786457049189e-01 7.595712973285344560e-01
4.782552081239401787e-01 -1.017411265372458740e-01 5.415748355007679038e-01
5.163083828710597345e-01 -7.116818629436666432e-03 5.761275779062486890e-01
4.275065186639226411e-02 -1.840347968315536598e-01 -4.405148102781666353e-01
1.008600629350363542e-01 -1.591734836683549315e-01 -4.401092002542670301e-01
1.494039510985105679e-01 -1.263977906399553763e-01 -4.362211311072456965e-01
1.295986853860493504e-01 -2.160882693973551483e-01 -1.735128705202235722e-01
2.364574719312917406e-01 -4.697424426089613636e-02 -4.107647538159406864e-01
1.924306947004821300e-01 -8.351642751026633338e-02 -4.459572568279748239e-01
2.205236042447336064e-01 -5.637415406593859757e-02 -4.148142359121744782e-01
1.159204547832182186e-01 -2.989419731796560953e-01 -1.492648115919656959e-01
1.334461329489036174e-01 -1.046602036141188741e-01 -4.491619046592489894e-01
8.893639475034276209e-02 -1.236021139242531319e-01 -4.613447330639113275e-01
3.982044295927433808e-02 -1.363642904147317481e-01 -4.707651101923557846e-01
7.678571204213280321e-02 -1.068703322053006222e-01 -6.278656877482911014e-01
4.873147487176510140e-02 -1.568783120431633815e-01 -5.604674654592898264e-01
4.572391222455318704e-02 -1.650217416723669395e-01 -5.207005999912492911e-01
4.356502650531840493e-02 -1.562348745948354267e-01 -4.817727152243920230e-01
3.947579912900772703e-02 -1.526980914103652776e-01 -4.512597630623558231e-01
1.289612687936989577e-01 -1.106235183432950908e-01 -4.396748804727641513e-01
1.375376544357991282e-01 -1.175855838859862779e-01 -4.543446758925524520e-01
1.452701342806943519e-01 -1.237116537293376783e-01 -4.737616409359919345e-01
1.536738599220868196e-01 -1.126169788682733763e-01 -4.951097900313730094e-01
2.347889803760514482e-01 -1.309675027892704957e-01 -3.213082881399964563e-01
5.801683640091113148e-01 4.021190573892994280e-01 3.159404710739721622e-02
1.705081957086085342e-01 -8.077536924285122488e-02 -4.321102135593379856e-01
1.805072261335745054e-01 -8.536733718356681599e-02 -4.390030606935342306e-01
8.530328746952453578e-02 -2.279407780231119673e-01 -2.135585248501592481e-01
1.628128987482795331e-01 -1.797407390832410634e-01 -1.874774827624272611e-01
9.359295413039014910e-02 -2.306385315153471893e-01 -1.995983267579863885e-01
2.174879963644968939e-01 -1.568194174416390752e-01 8.986940198835924321e-02
2.984475797842094380e-01 -1.372733954186031724e-01 3.902078922620477730e-02
1.889048816642748818e-01 -2.088988566156118054e-01 -1.066514560365874331e-01
4.225982853556615737e-01 -1.334338404927848387e-01 8.393287355979737185e-01
3.911214289566515845e-01 -1.893804274348696026e-01 7.332767406454596681e-01
3.609329180384577285e-01 -2.349946476732398537e-01 6.405301940079652923e-01
2.037755217599621638e-01 -7.229661039853829685e-02 -5.480839513299393673e-01
1.451019968344695599e-01 -2.990357174561424358e-01 6.014505752347645284e-01
1.556129282994831442e-01 -2.904999432835140283e-01 7.626454845672299143e-01
1.725857418348262229e-01 -2.811392474791816198e-01 9.286945985496117828e-01
3.652574954322460599e-01 -1.047467733387676958e-01 2.590596912901972360e-01
4.770858249236198390e-01 -2.471366026474364208e-02 2.079379850256586337e-01
1.582789623120426370e-01 -1.305403778772742385e-01 2.948636589839646049e-01
4.332272326448389776e-01 -1.004359001362431503e-01 4.220604886003220813e-01
1.320228197104782453e-01 -2.032746005331347305e-01 1.789211837880961831e-01
1.470919334065001749e-01 -3.044016152281017185e-01 -1.022867634551900551e-01
5.362284735582250050e-01 3.661838215319968004e-02 1.602460019212728071e-01
4.444750653026829923e-01 -6.248485289202676540e-02 1.501382074195918293e-01
3.819446368980550233e-01 -1.047182583082530982e-01 1.184464424246227665e-01
2.880794661528796041e-01 -1.266374346453247313e-01 1.312736003061709678e-01
2.189094767026773525e-01 -1.408643720826674439e-01 1.603269550882151506e-01
1.675213510748783108e-01 -1.582426208157059477e-01 1.924564796311805104e-01
6.688954538750557788e-02 -2.684422203003080654e-01 2.717180076355800722e-01
5.283897766081508962e-01 4.348818445367685914e-02 3.664087368369151054e-03
4.682736369658329068e-01 -7.804225795951968969e-02 4.284297037153463883e-01
4.331001404918277675e-02 -3.423993148147186361e-01 -1.944128141863528114e-01
1.633131271396450757e-01 -1.914163520773897176e-01 5.240241617279228770e-02
5.895952146842375896e-01 3.217546057553759553e-01 3.519720685300837815e-01
1.295288587395049262e-01 -1.698246981674031986e-01 2.296367836943802310e-01
1.949059001712107886e-01 -1.584969991560072344e-01 -1.029355228685915336e-01
4.080876051636153079e-01 -7.705649457909657940e-02 3.609655433725951212e-01
1.487187826346634267e-01 -2.917029378176749788e-01 -4.863021983819915128e-02
5.611865755685983004e-01 4.024464342077180845e-01 -1.470348548092488272e-01
1.582946637799089729e-01 -1.207290717864779594e-01 3.288940194002134554e-01
1.073221052861796920e-01 -3.456986598465618954e-01 -1.164670880011403620e-02
4.163493438224623588e-01 1.356010798843385601e-01 -5.502530257112745460e-01
4.167896644333382028e-01 2.357233462445265104e-01 -6.156130565690887124e-01
5.769768161852510957e-01 2.240280289886813492e-01 1.343729070190213815e-02
4.784576041703161309e-01 1.859541584406798620e-01 -4.452853775315190887e-01
5.480518487383534421e-01 8.866569638748278415e-02 4.603347514575037991e-01
2.108066941678714556e-01 8.694367189948509766e-03 -7.969530142028133923e-01
4.120342894909101439e-02 -2.739207509517846972e-01 -2.027249908121837585e-01
2.073551863381624116e-01 -1.669748696156077017e-01 -1.159631065414834517e-03
5.175468816517252435e-01 3.649140045880727712e-02 3.088952006452911903e-01
3.230451547364339149e-01 -1.246249044618821245e-01 2.898126448647491138e-01
2.799052382990652177e-01 -1.351925505024809127e-01 2.829272159103735085e-01
2.051890312911084369e-01 -7.273671873513720687e-02 -4.538098091424611624e-01
5.177149140528172211e-01 7.939383645267805711e-02 -1.398381707376969985e-01
1.218616402622956230e-01 3.679969160467855271e-02 -8.880509485537686487e-01
2.752999759325689411e-01 1.238878091241630841e-01 -7.842910864881389443e-01
3.414734360995197449e-01 1.738239858003254312e-01 -7.158645748888687876e-01
2.371291008467295569e-01 -1.373026627605611338e-01 2.918703916641796070e-01
1.970205505660622691e-01 -1.307521171464145482e-01 3.096896499634236299e-01
1.711936259110480307e-01 -1.206868452732052788e-01 3.197308645016176953e-01
5.001855720602179645e-01 -2.863659312872568474e-02 4.412096239393310526e-01
2.048067677259339803e-01 -1.476012725217685784e-01 4.001830612490402395e-01
2.488019166657409187e-01 -1.601717900376016246e-01 4.322486670927201402e-01
2.942685625206564737e-01 -1.597469767532118112e-01 4.393542746135308263e-01
3.382358274008367971e-01 -1.474357882723396074e-01 4.241897841132797886e-01
3.643750098410691862e-01 -1.294460316764016738e-01 3.988060320752691013e-01
5.772881275141372726e-01 2.178876436177006326e-01 5.105187783520879208e-01
3.522848795839905733e-01 -1.110724991719038712e-01 3.080796086464663297e-01
1.816917859970110793e-01 -1.662206033440383202e-01 -2.940932226147570105e-01
1.404365738206152514e-01 -2.485123058816425257e-01 -1.532816435565913515e-01
8.532486551572027178e-02 -2.144048505883171529e-01 -2.839383134900375083e-01
3.487754000117933018e-01 9.846976818755015515e-02 -6.474926425736162727e-01
2.826975033904681744e-01 5.642049891862355171e-02 -7.225070873051722131e-01
1.202936776056588997e-01 -3.371136699446708462e-02 -8.526074875726763480e-01
4.761890696831301284e-01 3.147102526170497683e-01 -4.966137914720150093e-01
1.729343532504366010e-01 -1.312757016428847123e-01 3.565779878408195103e-01
9.929894642381498215e-02 -2.703648128641020776e-01 1.458745721505820825e-01
2.043020152836589887e-01 7.110911588913348957e-02 -8.449336985321451721e-01
5.589538608133608477e-01 2.372976963122424010e-01 -1.482355196047464574e-01
8.620048606232277866e-02 -1.339604511561751643e-01 -4.441546418766888493e-01
9.392210985786042521e-02 -1.401330207637703218e-01 -4.677496850478464196e-01
9.885414358488120445e-02 -1.467898918782946094e-01 -4.982066865522547516e-01
1.043955999562502512e-01 -1.371026527885854662e-01 -5.332395243778789151e-01
1.430122371258093494e-01 -9.454189450995009736e-02 -5.951151100314806541e-01
1.847981033956214159e-01 -8.237656226372036539e-02 -4.240536976876136954e-01
1.967730892002970133e-01 -8.190847797133671282e-02 -4.176283668771865187e-01
2.065816897689449760e-01 -8.246995972063353442e-02 -4.119003013875444097e-01
2.844454385245924755e-01 -8.341799441774511159e-02 -3.548399403590960510e-01
4.488650705501600058e-01 -1.552688112292774369e-02 -1.920566280872664233e-01
9.905747871860626219e-02 -2.327394363790347143e-01 2.301193170660891241e-01
1.243029758344000868e-01 -1.649685763367116920e-01 3.940424037115066724e-01
1.524527955454111350e-01 -1.435459983565934294e-01 3.893615109776407124e-01
1.737369403651203292e-01 -7.652336459284581061e-02 -4.286620752822063452e-01
4.553844868135970003e-01 8.175347685798872721e-02 -3.522202154713758304e-01
8.037024447628127177e-02 -2.293537193984533928e-01 3.855038606453415895e-01
1.721181283172272813e-01 -5.978669316847973203e-02 -6.631328552330790771e-01
6.451069413439469713e-02 -3.098825438465624416e-01 1.809184040518019287e-01
1.338989631096723087e-01 -2.555342061637375650e-01 2.522944193744330876e-02
9.401358814894544835e-02 -8.495946618365357583e-02 -7.048502200628536940e-01
3.104988393466427965e-01 -1.702208586351469655e-02 -5.159225648489416116e-01
2.346476379529605083e-01 -1.397389384315061989e-01 -1.597159863753674358e-01
2.378678787714783027e-01 -3.723527799401588068e-02 -6.049703751380963723e-01
3.426009153298639198e-01 -1.220470657238021950e-01 -1.443976975478296065e-01
2.769327324734169871e-01 -1.197337294198375091e-01 -2.280458062757526605e-01
3.824956354578481488e-01 -6.246302244777601764e-02 -2.483846008893979551e-01
1.116362011207825411e-01 -6.897994922504968596e-02 -7.847951756531035272e-01
1.636339151659065294e-01 -2.140753903168430838e-01 -1.192198927554627419e-02
3.374561610820441260e-01 3.282124348541476389e-02 -5.734878493939614685e-01
2.672781143138451831e-01 7.953820249440454737e-03 -6.531511900850173191e-01
3.542959513420065321e-01 -1.638666195773708090e-02 -4.169361125248083333e-01
5.029538520827356862e-01 1.124985900349961820e-01 -2.607502603034093092e-01
3.996251549806872916e-01 2.848894201768042977e-02 -4.332663876392759406e-01
5.312356494578409638e-01 2.361108302762149336e-01 -3.001762701405041867e-01
3.212646616228096441e-01 -7.782776223853649089e-02 -3.039614671053012529e-01
1.303915658201546535e-01 -2.281832926693567742e-01 1.003809109901725449e-01
1.307015909391537889e-01 -3.110736209061428781e-01 -1.379576379212172910e-01
1.612157192377132731e-01 -2.548038566730701504e-01 -1.478549542937681593e-01
1.103813555025077164e-01 -3.532557496357071614e-01 -9.351823382922930250e-02
1.653208765052056606e-01 -1.905053514556982464e-01 4.740179515918878650e-01
2.486118488197917031e-01 -2.079419407277640630e-01 5.281754962473188542e-01
3.210658475970546988e-01 -2.062969268184602356e-01 5.361124560936296746e-01
3.787315389915590913e-01 -1.843346503161171768e-01 5.187540254896463310e-01
4.162087343903948522e-01 -1.496845927852206160e-01 4.823587131668460870e-01
4.371371650927784458e-01 -5.464569484784220776e-02 3.372297659938290337e-01
5.830084125121430816e-01 1.939778754695993257e-01 1.683100040145788512e-01
3.998413980923487543e-01 -7.948660614982827610e-02 2.156325770078026949e-01
3.495955360507423393e-01 -1.064181181485892580e-01 1.882328813553897362e-01
2.839458787932613859e-01 -1.257466736282708553e-01 1.865531349736375688e-01
2.215298017280247223e-01 -1.367202523628421318e-01 2.041779284333258282e-01
1.739136928729188014e-01 -1.406360576936620532e-01 2.298275285804036727e-01
1.411052330850992576e-01 -1.459981696402934404e-01 2.557533876359148195e-01
5.867660382949679843e-01 3.792692232605645586e-01 1.959911336963742201e-01
1.605919982696586423e-01 -2.276871536507059091e-01 -1.629654776010478479e-01
9.999724918597863166e-02 -3.008545881131965416e-01 6.991001154423903685e-02
9.623484865229947616e-02 -3.498072403967809052e-01 -1.484606552802056889e-01
6.997906400537345917e-02 -3.249680726215959936e-01 -1.806982980823819140e-01
9.618476533806585849e-02 -3.238550690978483360e-01 -1.570087435632201434e-01
1.473017544284558333e-01 -2.085169311922214774e-01 -1.816145207146502294e-01
5.965587064764577008e-02 -3.369276832197689586e-01 -1.892388723372153692e-01
5.770072064246511978e-02 -2.757084246305332442e-01 -1.978954515323034791e-01
1.409668320476313852e-01 -1.282163907562789973e-01 3.252426099176286556e-01
1.154655247729827749e-01 -1.566262432774720992e-01 3.027056105127048369e-01
9.998982314398929816e-02 -1.905547370617384217e-01 2.881809879049890277e-01
3.788018194412359207e-01 -1.108411027327917964e-01 3.798996860756882477e-01
4.093528474026868480e-01 -1.139339036126827409e-01 4.203357529743856347e-01
-2.627620504899113030e-01 -1.248310377973638197e-01 3.923845853527296867e-01
-2.108126155869740614e-01 -1.296720405948548205e-01 3.912294309150796678e-01
-2.621184116479469139e-01 -1.315460241321630974e-01 4.737467191598430105e-01
-3.154130279478408738e-01 -1.199477114141558332e-01 3.951046126664126135e-01
-2.638732872960929399e-01 -1.181180899838949472e-01 3.130145021891719281e-01
2.845898573887808425e-01 -1.299887637125110018e-01 3.684719454015032980e-01
3.354458197428442645e-01 -1.345967926436699713e-01 3.653028439150838302e-01
2.838562323909457064e-01 -1.368181741910348137e-01 4.531347959296123662e-01
2.333298309852978036e-01 -1.254009986541007038e-01 3.726770028215193875e-01
2.855152975365626844e-01 -1.231725550864126717e-01 2.836980905877353187e-01
