-2.600600752783764624e-02 -3.571457344787051236e-01 -6.873982021433264755e-01
3.017294851961782598e-02 -6.377210629880658566e-01 -2.769068647800755345e-01
3.222198100213505279e-02 -4.035359783794097988e-01 -3.650301977859097269e-01
-4.494028788652501549e-02 -5.783064999946735396e-01 1.766396214319138069e-01
2.990077374094547713e-02 -6.834553677092858326e-01 -1.497682572507266496e-01
2.850218789025239091e-02 -6.710307950644922581e-01 3.083778976648669790e-02
3.150740573732380145e-02 -4.932727525349728248e-01 4.907091539189185614e-01
-5.915790876329563019e-01 -1.560214963210840300e-01 6.170096049045727948e-01
3.213351653011606301e-02 -4.721118144995029020e-01 8.402114569669150157e-01
3.081091665101450688e-02 -5.094751315274215209e-01 1.008815665032736231e+00
2.893385018984902246e-02 -4.938134822394363299e-01 1.601824047966291520e+00
-2.464016474304840665e-02 -3.393111093518665355e-01 -7.256896399957504240e-01
-2.180834722338433410e-02 -3.062744327543174827e-01 -7.589412533761170643e-01
-1.697819278523254524e-02 -2.614238119619378131e-01 -7.779284926574394632e-01
-1.903185199441690886e-02 -2.673529970578108483e-01 -8.207563963122825879e-01
-2.004737358214486731e-02 -2.719702809218576545e-01 -8.749387491058251420e-01
-2.262828616232395035e-02 -2.844196776967033991e-01 -9.376725137343908667e-01
-2.230930347669971003e-02 -2.688134185711189006e-01 -9.983260175532477909e-01
1.825233155438363286e-02 -1.824537898800865920e-01 -1.092722002934518155e+00
2.873577410904382123e-02 -5.853067361285695380e-01 -3.330451947271519941e-01
-5.556322727977516807e-02 -4.650859564232602272e-01 -3.080962524524952784e-01
-9.178266304922322316e-01 1.897572669913161203e-01 1.176129184130503269e+00
-3.514549195154759165e-01 -2.348659966359850637e-01 4.713928968257443675e-01
-4.414586115383711817e-01 -2.252641254527126824e-01 4.623772254581554053e-01
-5.252662704814359262e-01 -2.004143613848552441e-01 4.788192143222207431e-01
-6.276905749681949143e-01 -1.376976360289483559e-01 5.809199108229856634e-01
-2.721440047663731265e-01 -2.288429327086427545e-01 5.048847768557676030e-01
-4.784574269132046975e-01 -3.056324497619705705e-01 8.802183790731563651e-01
-3.756682082545137469e-01 -3.047138940456683986e-01 8.606873836163311253e-01
-5.693835935814473004e-01 -2.729256454774026119e-01 8.597197470466528824e-01
-6.270057111786386805e-01 -2.309809353881464578e-01 8.093691500282516049e-01
-7.032367189652033446e-01 -8.184591531441434697e-02 5.078467279935476864e-01
-3.043548395726671241e-01 -3.580758277494446723e-02 -1.229127158897997507e+00
-6.203625076688124018e-01 -1.333405809689428290e-01 6.691371758138238146e-01
-9.468994737510449955e-01 2.937248869879460766e-01 6.384949388323084563e-01
-7.993233314001202405e-01 -5.370629268182460642e-03 6.236282627769763609e-01
-4.112242802143406539e-01 -2.461675279720881848e-01 -6.153589015677141116e-02
-1.246324160712629636e-01 -3.498007141314110058e-01 -6.554498970172789596e-01
-1.083635799944770717e-01 -2.945954957714483902e-01 -7.461395044560581447e-01
-2.139037605373058093e-01 -2.944430551242038785e-01 -6.743295690677252319e-01
-2.785394213216108583e-01 -2.243134566828166032e-01 -6.879205512075119433e-01
-1.820099466181968051e-01 -2.598007788877963464e-01 -7.355689355197378987e-01
-2.430956151008036858e-01 -1.981674631188556912e-01 -7.236948335804416210e-01
-3.978712578193421834e-01 -7.197008581423061657e-02 -8.293164947581523894e-01
-4.458360859179279212e-02 -6.282799808522148144e-01 -2.677433707262762974e-01
-5.775521680313061568e-02 -6.706735949949965692e-01 -1.439055186520935281e-01
-7.439616520761804797e-01 -2.184864407988101886e-01 9.256040995892980128e-01
-2.309513784127689706e-01 -3.023820900119100763e-01 2.480615259959200181e-01
-2.476668895988262675e-01 -4.178706897375158436e-01 -1.847209914248082452e-01
-2.545845625234105514e-01 -4.010158413186459825e-01 -1.097018382274012049e-01
-6.694525804601769714e-01 -1.356522335781548405e-01 -1.040059530076674343e-02
-5.213597270118401628e-02 -6.423168432024473073e-01 2.513755259404133746e-02
-5.435198994398937611e-01 -3.814987908879113876e-01 1.041856939598337917e+00
-6.620548799794445660e-01 -3.086882656238520983e-01 1.007691852802207633e+00
-8.301938492897775745e-01 -5.404573138694555162e-03 1.366120102281171755e+00
-1.575055328726612802e-01 -4.474862131730289461e-01 8.915923294186600678e-01
-2.846243499592621129e-01 -2.749426151272377217e-01 7.962776528631152484e-01
-4.760504653078639903e-01 -5.748061547944043059e-02 -6.924758142999716259e-01
-8.380155366413122309e-01 6.706414187671870808e-01 -5.054441211115640042e-01
-1.816115126631039356e-01 -3.768402515979779599e-01 -2.577710706936159335e-01
-1.130016771695345756e-01 -3.785199149078407599e-01 -2.992049149994736590e-01
-3.538520794067334663e-01 -7.155802290518989417e-02 -7.124190390380393811e-01
-3.332294684999529411e-01 -9.574837092382056103e-02 -7.212784539389425209e-01
-7.056917836304033020e-01 -2.779608092702856581e-01 1.097311188151512962e+00
-2.529703762756491114e-01 -3.628416070250368719e-01 -2.316455916842814489e-01
-3.802646582537616560e-01 -4.298632842795346853e-01 1.015771062805865821e+00
-3.937267983021763840e-01 -4.598568283526532907e-01 1.115827097077295216e+00
-4.768494284481461509e-01 -3.698449684565902063e-01 1.586152621981635757e+00
-7.665756877497131860e-01 -1.617300558795806142e-01 1.214901005509139154e+00
-4.248664434875248919e-01 -4.194334465187304906e-01 1.339536149748510319e+00
-7.917057583740116922e-01 -1.524705959651440068e-01 9.979792899483519442e-01
-8.536692243155530324e-01 1.001482585914636320e-02 1.063838666867895411e+00
-1.191786652611001307e-01 -3.309543304546895270e-01 -7.086622405886942033e-01
-1.986324638850717750e-01 -2.802853372908998275e-01 -7.081782512370997651e-01
-2.619426759249337544e-01 -2.179127135663375681e-01 -7.072971684438020823e-01
-1.616923951258503744e-01 -3.550087140565267863e-01 -2.789563016728218159e-01
-3.432778722637565005e-01 -8.387314956644291442e-02 -7.168847549188166468e-01
-2.996995776529509659e-01 -1.405290471335992608e-01 -7.700725034418529624e-01
-3.211793987697389996e-01 -9.972174620390746036e-02 -7.250929657561415720e-01
-1.415102486543072524e-01 -5.042308265212076535e-01 -2.383557463126848575e-01
-2.283565610545331692e-01 -1.814406452287778970e-01 -7.362333366853115457e-01
-1.669713796360759450e-01 -2.215006479779899062e-01 -7.509735743812391284e-01
-9.678813668447272534e-02 -2.530157463234927184e-01 -7.666173140726140200e-01
-9.858640665781874535e-02 -1.745171958056288553e-01 -1.082020369964256989e+00
-1.231643486749723904e-01 -2.626859562504827439e-01 -9.808995750061055841e-01
-1.192625797159722056e-01 -2.779746893922981910e-01 -9.195637369608622436e-01
-1.091011374459313066e-01 -2.638208148913143147e-01 -8.571138427632172263e-01
-9.792441952341937594e-02 -2.590562832013313388e-01 -8.066439396584246246e-01
-2.207197743478281349e-01 -1.874669754368666341e-01 -7.695492976685436304e-01
-2.379084616528492901e-01 -1.966383413566935578e-01 -7.925296969808337533e-01
-2.551253801825504874e-01 -2.061551744037872780e-01 -8.224093453974912205e-01
-2.669596135121455882e-01 -1.873171488668231577e-01 -8.549828806364374589e-01
-3.588987201116670134e-01 -2.150611355290005799e-01 -5.240127177544592341e-01
-9.373343167451431146e-01 7.120834331474146239e-01 1.455348235944695923e-01
3.342789240938096040e-02 -4.674671623783078767e-01 -3.453480900364945816e-01
-2.658490807521332600e-01 -1.391958622166432624e-01 -7.490901229403876815e-01
-2.827941442934668315e-01 -1.442758734922190700e-01 -7.591252718479928330e-01
-8.482428186498028322e-02 -3.789934839689411694e-01 -3.498961416602380803e-01
-2.223707540234374780e-01 -2.910877983292217142e-01 -2.982340305606137054e-01
-9.844609871945597668e-02 -3.803648247838877783e-01 -3.251521426854617758e-01
-3.222914458660081083e-01 -2.621952877366612311e-01 1.847426671418262445e-01
-4.659186690516003981e-01 -2.235294837016682523e-01 1.123108754310687130e-01
-2.689947740116202524e-01 -3.447806120845964273e-01 -1.570527005609309856e-01
-6.910238509926180939e-01 -2.017633805178553619e-01 1.507259382564978267e+00
-6.301503423482490707e-01 -3.009674803822592892e-01 1.313250201799802452e+00
-5.711834958140649121e-01 -3.791485472616984431e-01 1.143276761177485001e+00
-3.097818432281931322e-01 -1.142019821168451243e-01 -9.347248197536193182e-01
-1.822710605919899973e-01 -5.006024286578580895e-01 1.060326563425011415e+00
-2.119813073470278031e-01 -4.851224114181451608e-01 1.323003467399872290e+00
-2.453838452927667446e-01 -4.658844299873110550e-01 1.611653052026644772e+00
-5.926127773594169756e-01 -1.655794754990505546e-01 5.173047287712967401e-01
-8.014247024060228153e-01 -1.981676587779762633e-02 4.298772686684432243e-01
-2.193852368623477878e-01 -2.224000070989667899e-01 5.378109010526522793e-01
-7.072650480085562741e-01 -1.521329595413992430e-01 7.613092003587758061e-01
-1.697950262210506933e-01 -3.445519941396668617e-01 3.223468731571290657e-01
-1.963304866787726755e-01 -5.097504466058155881e-01 -1.540225641183892435e-01
-8.796913256943006409e-01 8.540123975330277117e-02 3.584592007719583640e-01
-7.464835447945716851e-01 -8.752588731682356404e-02 3.235811447888298220e-01
-6.374715618347737145e-01 -1.627708925556245190e-01 2.577706515948847699e-01
-4.684882489486885682e-01 -2.063517451477048237e-01 2.627150316978571487e-01
-3.429040431031671887e-01 -2.341429336012096352e-01 3.055851320909916957e-01
-2.489260827529227171e-01 -2.652320864797025335e-01 3.564981551093634460e-01
-5.190849436984959486e-02 -4.557421178627679703e-01 4.698168073891300089e-01
-8.631036128470004343e-01 9.450666525144479913e-02 8.819869530364171650e-02
-7.777706242157877981e-01 -1.128038871996059067e-01 7.907170348530356829e-01
-1.771008251617294318e-02 -5.800840300414906725e-01 -3.254993127006183817e-01
-2.243912561987002063e-01 -3.222264328957430424e-01 1.112178244847905062e-01
-9.708483379092458510e-01 5.723160250562331353e-01 6.978927027961676632e-01
-1.757139085136186218e-01 -2.872213623596664434e-01 4.155565919586713397e-01
-2.743785987338689947e-01 -2.589450517422547948e-01 -1.498405923094006942e-01
-6.554602711897783429e-01 -1.163051201652612610e-01 6.694181693409028133e-01
-2.010381311331915777e-01 -4.880764176286217504e-01 -6.309530415407968440e-02
-8.986001995891101934e-01 7.138819328159529132e-01 -1.685914097291587865e-01
-2.144155604364036960e-01 -2.078852427090205346e-01 5.860394614531383439e-01
-1.301032156231198000e-01 -5.834377806788748622e-01 -6.109868145131341910e-03
-6.712476149704016404e-01 2.556136320387863980e-01 -8.909185211341996702e-01
-6.627603697113437775e-01 4.274814829615369849e-01 -1.006960072755792579e+00
-9.314197040226401825e-01 4.057689244818009078e-01 1.106659152773315502e-01
-7.722154804164382824e-01 3.419124920557904401e-01 -6.983924276427622146e-01
-9.038471918098556213e-01 1.738095771349185137e-01 8.731852434491704784e-01
-3.224904825939802211e-01 2.981632965695746318e-02 -1.343195016448446077e+00
-2.990515394591101994e-03 -4.609492789267366497e-01 -3.380639939230323243e-01
-3.037152065433637582e-01 -2.764363871236008574e-01 2.776672864898848542e-02
-8.745841773626406024e-01 8.365670804458905097e-02 6.186845047554417887e-01
-5.110276874594621432e-01 -2.015924739596014481e-01 5.485729376724417516e-01
-4.370497751106749984e-01 -2.226664117702686907e-01 5.311885767531726588e-01
-3.137281500057085837e-01 -1.235374113951111796e-01 -7.827651654978993179e-01
-8.419826478877912024e-01 1.561335880653083319e-01 -1.622091861466754270e-01
-1.587883633566827823e-01 7.039503653488783652e-02 -1.506176438088202563e+00
-4.211540128651823922e-01 2.291396677222155009e-01 -1.319092933688194025e+00
-5.336427956819966845e-01 3.176604270296389254e-01 -1.193404483391748983e+00
2.968955120013942045e-02 -5.074999087848885981e-01 1.299940693724725760e+00
2.613622987421689026e-02 4.354960441055347187e-02 -1.533273481078096800e+00
-3.612580173922463889e-01 -2.285693089575208115e-01 5.400537557871326610e-01
-2.869290308788394195e-01 -2.213416487454639148e-01 5.627176702935980934e-01
-2.376175798483076695e-01 -2.070949391022069985e-01 5.755703440429924544e-01
-8.384816004344941565e-01 -2.891980901903765111e-02 8.363301731733430167e-01
-3.037103181950284725e-01 -2.493321663057712634e-01 7.015142448978932688e-01
-3.856978614819794871e-01 -2.661591813361346981e-01 7.523554938078265142e-01
-4.640723171968264005e-01 -2.619395673034929928e-01 7.647602504338422147e-01
-5.378903372405707817e-01 -2.376405983999624327e-01 7.467516614031506350e-01
-5.816573493358290214e-01 -2.058037963634212764e-01 7.142857860910818424e-01
-9.599471148621352423e-01 3.971342449868754398e-01 9.675710406784854278e-01
-5.594188708204772542e-01 -1.768326802522440788e-01 5.807560294122788846e-01
2.802937860259659131e-02 -3.712873627230657281e-01 -4.648391723098886930e-01
-2.628494427944012002e-01 -2.759184081783876419e-01 -4.770226591041600850e-01
-1.809329113306046288e-01 -4.118002570005611096e-01 -2.423280969257937123e-01
-9.646677308791362648e-02 -3.612802290025821650e-01 -4.638303206340322893e-01
3.195445498990829442e-02 -4.502463767773662306e-01 6.700126572985581896e-01
-5.566323561440646994e-01 1.910584664007587419e-01 -1.068860930700439082e+00
-4.447470098911603387e-01 1.170813948840978835e-01 -1.207464915501516467e+00
-1.691933300496575865e-01 -4.865618794722578744e-02 -1.443555602207922561e+00
-7.570526901699603517e-01 5.613131573652563322e-01 -7.893891350338178015e-01
-2.429648966526093412e-01 -2.256696314791756253e-01 6.301460766166264715e-01
-1.111498515706764445e-01 -4.575590983756455676e-01 2.607922696443616406e-01
1.921893595132315863e-02 -7.265158175236430260e-02 -1.468440127265481454e+00
-3.008285852865216770e-01 1.343221798174549231e-01 -1.429698744031215885e+00
-9.001205790510957705e-01 4.287848360159441929e-01 -1.712649753751304682e-01
-1.639002973530908902e-01 -2.281923124442478135e-01 -7.877488533173520047e-01
-1.818351746304408545e-01 -2.364951436129738571e-01 -8.258789644740707203e-01
-1.965349709398602762e-01 -2.470800532377934733e-01 -8.748151164361157583e-01
-2.051126081438789939e-01 -2.301880056300384947e-01 -9.294806686606962298e-01
-2.167490618407443836e-01 -1.549094013117712221e-01 -1.021997250939829405e+00
-2.933039357131070890e-01 -1.418419771913911331e-01 -7.137678533736674380e-01
-3.116291952990634107e-01 -1.427471074616206981e-01 -7.036850150004529958e-01
-3.268938994909482698e-01 -1.440186486189768411e-01 -6.929070532624715950e-01
-4.390590900626760718e-01 -1.348683732473220653e-01 -5.938995965612441363e-01
-7.342701817993702029e-01 -7.820522046353667323e-03 -2.632409405096808319e-01
-1.093057170047043170e-01 -3.946736528113731213e-01 4.054262233635274049e-01
-1.532911372034323483e-01 -2.778335884579141712e-01 6.821771703986152513e-01
-2.075837739357355716e-01 -2.457933733779865682e-01 6.752570246678397670e-01
-2.745612090709368402e-01 -1.343445448537271547e-01 -7.230873858944072419e-01
-7.400226746150573298e-01 1.584487055905884068e-01 -5.461262347662371175e-01
-8.158536835017646260e-02 -3.895023165471417359e-01 6.671645675480263327e-01
-2.637365998658370847e-01 -8.976291424621990478e-02 -1.123540449219363024e+00
2.949315355539237904e-02 -6.098253737559400367e-01 1.876522660618067384e-01
-5.019265316525078902e-02 -5.246774823313132829e-01 3.147919357338707647e-01
3.075876653404308048e-02 -5.487334776340435649e-01 3.335273867054605601e-01
-1.736135481788908530e-01 -4.287186682351534772e-01 6.129881044927633360e-02
1.676227913446716455e-02 -1.360715444432838428e-01 -1.355368431750130664e+00
1.753014090884221290e-02 -1.571013457032947869e-01 -1.217883421718053416e+00
-1.272948443355893522e-01 -1.354992070818546168e-01 -1.201973889886420066e+00
-4.696368057233462068e-01 -1.584052580594446161e-02 -8.676077995123316899e-01
-3.522363127151972861e-01 -2.245840881336647055e-01 -2.389779019977117391e-01
-3.732728149629523928e-01 -4.727345817575946685e-02 -1.014057950829896582e+00
-5.508684276740805075e-01 -1.904375930735568989e-01 -1.944867955705609219e-01
-4.360393648905787067e-01 -1.925652415300044273e-01 -3.529406768787622939e-01
-6.243726858829035109e-01 -9.471756551190174678e-02 -3.806251584740322214e-01
-1.573418730634962570e-01 -1.093190816696545942e-01 -1.332917214261348127e+00
-2.256082693007052664e-01 -3.567460925047200027e-01 1.212434142804919013e-03
-5.338818009285845045e-01 7.664915148640795428e-02 -9.454260699544660973e-01
-4.200837429052195482e-01 3.353574203999769299e-02 -1.092963604698984126e+00
-5.460947272253278140e-01 -2.171633130638424974e-02 -7.024576341522547063e-01
-8.164876630915607336e-01 2.147954696684190035e-01 -3.741459724577173018e-01
-6.401680437291560333e-01 6.181351378067641289e-02 -7.079850180281728189e-01
-8.543163838825063028e-01 4.248082373204785656e-01 -4.384065495979960758e-01
-5.107996838080962609e-01 -1.258186315703886116e-01 -4.973050962109594186e-01
-1.661503809571618362e-01 -3.862113649425502615e-01 1.884023903329361538e-01
-1.688076623610923477e-01 -5.227180346287346735e-01 -2.174006337767375729e-01
-2.199789752386327457e-01 -4.217687894810746574e-01 -2.306783197693994536e-01
-1.321940261465427702e-01 -5.940165789952800424e-01 -1.443500284566498204e-01
-2.254985599133829677e-01 -3.191623666569243234e-01 8.141965044135897056e-01
-3.732804666651212688e-01 -3.408710884691390497e-01 9.128281280096488537e-01
-5.006269322773615471e-01 -3.341799915211923766e-01 9.344092642777086510e-01
-6.040893816941272920e-01 -2.948172368944301791e-01 9.110958224271801242e-01
-6.737765205091894583e-01 -2.349071660169016473e-01 8.555175814027780046e-01
-7.170289565948750887e-01 -7.527378880190196964e-02 6.457762401420341636e-01
-9.522891974928038294e-01 3.522738519302615057e-01 3.790372499190612920e-01
-6.583064862255705307e-01 -1.203696787369010202e-01 4.411079037401409719e-01
-5.727386093629560637e-01 -1.682158009455606007e-01 3.873704025157894693e-01
-4.567939171666057785e-01 -2.052744934310157809e-01 3.743049732941223784e-01
-3.444113869695920038e-01 -2.277366809170194850e-01 3.968130668373510694e-01
-2.552172839307237373e-01 -2.350932120168353068e-01 4.361050701885840208e-01
-1.933451290359347596e-01 -2.464271673343015889e-01 4.730273615367814877e-01
-9.578653797533431824e-01 6.690680303911344939e-01 4.301838526754292458e-01
-2.194996824362795973e-01 -3.749209252042962071e-01 -2.571725895395673422e-01
-1.121153725576935767e-01 -5.097695462284251855e-01 1.314896503972142472e-01
-1.090402301878366786e-01 -5.885279179555836793e-01 -2.401377314592029188e-01
-6.468620377349729167e-02 -5.454734270383577721e-01 -2.977940366058298149e-01
-1.092908044483903440e-01 -5.443434894179421946e-01 -2.538329322110457476e-01
-1.964464870739974223e-01 -3.409413050918385091e-01 -2.908743464074636798e-01
-4.667459443572567757e-02 -5.672217656064793001e-01 -3.140630733957894272e-01
-3.390253194569244066e-02 -4.618384791614279505e-01 -3.281269716495202049e-01
-1.856549939446636155e-01 -2.184601220963805490e-01 5.795165263379798981e-01
-1.444799303374622867e-01 -2.653713528424023194e-01 5.405159168723161489e-01
-1.207312824450869349e-01 -3.220440583135464330e-01 5.088218663915551332e-01
-6.043420907397134556e-01 -1.736206847549415233e-01 6.892118060092031762e-01
-6.598460890658197631e-01 -1.748558074343237179e-01 7.502184590661535868e-01
1.041039368495746964e-01 -5.777794659159257717e-01 1.701584348203143970e-01
6.324035202897959618e-01 -1.694443233233930424e-01 5.711252387499829997e-01
1.185274054397131849e-01 -4.701373043337507829e-01 -3.158503640849542604e-01
9.304235535112437283e-01 1.629989019746935774e-01 1.078286561952765732e+00
3.859075860637228850e-01 -2.384587057770543028e-01 4.564921237775261265e-01
4.712258065202179491e-01 -2.320757191558270316e-01 4.428137047457687547e-01
5.523980475582357386e-01 -2.104463247178633978e-01 4.475061232648405163e-01
6.599361831819738899e-01 -1.508180042127399423e-01 5.292945998546185749e-01
3.153356974518586875e-01 -2.318407484206558289e-01 4.906289002900048324e-01
5.168454407567224518e-01 -3.166445166232323416e-01 8.352407898603617653e-01
4.161070182933090944e-01 -3.135196038545018382e-01 8.195466716637627158e-01
6.077193000351832630e-01 -2.885614710855743947e-01 8.107913453738126996e-01
6.638164179593042391e-01 -2.497142000098478976e-01 7.546237210219293168e-01
7.232079938982149958e-01 -9.867507544278145137e-02 4.444069340741292340e-01
3.378228899396833462e-01 -5.058143886076943430e-02 -1.245826617170547435e+00
6.630617559808593686e-01 -1.476056168225328702e-01 6.164621043615776674e-01
9.770492387114693145e-01 2.689614218628516573e-01 5.441932539536226132e-01
8.134399738509623390e-01 -2.629094503745087186e-02 5.450610764546933718e-01
4.539335939862509939e-01 -2.576077893963901744e-01 -1.013071724499884085e-01
7.776470054806201848e-02 -3.494638460860175488e-01 -6.632625540232243155e-01
7.151409657219541527e-02 -2.933766947554423132e-01 -7.519805073733849543e-01
1.818041403462877792e-01 -2.928995766603568196e-01 -6.900311990987221256e-01
2.580347519478623508e-01 -2.234114244813245609e-01 -7.113440303138167664e-01
1.556812672397090425e-01 -2.577164731928819341e-01 -7.485794056448618061e-01
2.279936509460516736e-01 -1.982533847868138133e-01 -7.448135935979756095e-01
4.343654296937040638e-01 -8.176968098527410966e-02 -8.477798685554822633e-01
1.022371240599964648e-01 -6.326734162831697539e-01 -2.745931416367530797e-01
1.133637989698869919e-01 -6.755293955932650807e-01 -1.519910738051446775e-01
7.669292989052411968e-01 -2.387682186678530272e-01 8.645854477451710984e-01
2.824423108928561521e-01 -3.050613174184935161e-01 2.244975004277088848e-01
3.012658140123081196e-01 -4.272491827432427502e-01 -2.068736906845661805e-01
3.063595761073875656e-01 -4.103139748749756732e-01 -1.326428568437743594e-01
7.008813188534046557e-01 -1.510774785674146026e-01 -7.404818481322689161e-02
1.089874690273233415e-01 -6.432379977874846944e-01 1.835393560029695975e-02
5.858883076367593645e-01 -4.009568923754297520e-01 9.959858338727878291e-01
6.954965453378081364e-01 -3.296037136935558998e-01 9.565290365299361497e-01
8.483539189737676622e-01 -3.159071379732431017e-02 1.274353964736953726e+00
2.187907559521384826e-01 -4.523541830772798145e-01 8.667539096190912673e-01
3.307285288332878492e-01 -2.793020317970801303e-01 7.588527971220258017e-01
5.050197025626157465e-01 -6.958356584946584489e-02 -7.149314154629590190e-01
8.941784925733919920e-01 6.440285489056063462e-01 -5.747994297662123442e-01
2.396956235304644189e-01 -3.864002195789033589e-01 -2.745525992775749158e-01
1.745237529402969834e-01 -3.899708805002186640e-01 -3.116814983669786709e-01
3.759649317948952074e-01 -7.003282028726605379e-02 -7.331813705154863747e-01
3.518005533571526566e-01 -9.667397442751017589e-02 -7.400556535875629782e-01
7.356592977642850695e-01 -2.996931271605407510e-01 1.034632332510238895e+00
3.043886641868043252e-01 -3.736744107962612915e-01 -2.539014086905548861e-01
4.336524348954784447e-01 -4.465693900358835844e-01 9.766549536821320654e-01
4.472389906281060146e-01 -4.774710943503635008e-01 1.069418313802257270e+00
5.156738047278719428e-01 -3.874516853594028865e-01 1.527221004556973405e+00
7.928969477962033441e-01 -1.836217091744352103e-01 1.138052457493316849e+00
4.706840042667526092e-01 -4.342741833014651665e-01 1.291149009072194431e+00
8.129569142812897997e-01 -1.729435453202313455e-01 9.205900942473443926e-01
8.776411895291780230e-01 -1.209744648078516990e-02 9.793241976481303901e-01
7.529003277356290103e-02 -3.300006701137840892e-01 -7.154128757084596835e-01
1.686382815571232374e-01 -2.784818597072751811e-01 -7.227191621985955550e-01
2.427775449623835735e-01 -2.179817205752956899e-01 -7.295175720467383940e-01
2.207574667574107030e-01 -3.656677523720884837e-01 -2.940901645251405849e-01
3.637556210517954858e-01 -8.452990480024877296e-02 -7.367556476208632077e-01
3.033587680053674296e-01 -1.417222740438676964e-01 -7.953713779931543826e-01
3.392878997409840558e-01 -9.959602439447587385e-02 -7.423785268059007736e-01
1.970461243743046320e-01 -5.073254810805688519e-01 -2.531004066282123155e-01
2.162018017345446186e-01 -1.809888081118999903e-01 -7.552706031141211973e-01
1.474193727502968732e-01 -2.189437413204204930e-01 -7.623275438093444212e-01
6.893898518355816296e-02 -2.499159231321480545e-01 -7.711323170151074269e-01
1.299438978772057551e-01 -1.790278647398599321e-01 -1.090672767830597856e+00
8.172456082997853200e-02 -2.628878418831270269e-01 -9.895503954872277852e-01
7.652301798180211057e-02 -2.763968364484562512e-01 -9.276297635287169552e-01
7.235141590614438400e-02 -2.613165415182419626e-01 -8.650273573523181714e-01
6.481466895207854684e-02 -2.555180158669675961e-01 -8.136841701847188357e-01
2.088090294324156382e-01 -1.853987776357582384e-01 -7.894735480796919447e-01
2.242034965652627831e-01 -1.970946105026430972e-01 -8.139688035168974878e-01
2.386954129585424633e-01 -2.074015184796680900e-01 -8.452901726286454753e-01
2.538084633418779545e-01 -1.886384418917253503e-01 -8.788232929028407803e-01
3.903465171943949485e-01 -2.250457663190868485e-01 -5.484324996329217328e-01
9.861928839596501017e-01 6.835377064711189998e-01 5.370479737552835697e-02
2.684697805437211149e-01 -1.365781966841892459e-01 -7.718461957861781908e-01
2.847055723111742154e-01 -1.444953298420096621e-01 -7.838606661725033842e-01
1.464803837861664015e-01 -3.852028445582539318e-01 -3.597021316968304072e-01
2.775578512320145963e-01 -3.045958944711198990e-01 -3.182683894186456586e-01
1.601769092305690145e-01 -3.897099045419654129e-01 -3.368050223619645234e-01
3.696946053369098983e-01 -2.665677812539490876e-01 1.527635255982989770e-01
5.073128727397224758e-01 -2.333426882901867838e-01 6.632906526788175106e-02
3.211079086684257011e-01 -3.550944495456637151e-01 -1.812903176595237476e-01
7.183490994085950376e-01 -2.268160626064830154e-01 1.426723823115203515e+00
6.648435073842151599e-01 -3.219162599747893427e-01 1.246452509995683355e+00
6.135278954140432894e-01 -3.994530961710879291e-01 1.088798284220180435e+00
3.387374898481551044e-01 -1.213005528197800831e-01 -9.545182365385835865e-01
2.466500512672598067e-01 -5.083126121650866081e-01 1.022369219257615036e+00
2.645169438067868084e-01 -4.938031692682648410e-01 1.296374632816672534e+00
2.933679963075855324e-01 -4.778914923071980736e-01 1.578631413358153601e+00
6.208789812650805651e-01 -1.780526634899465277e-01 4.743645930301022551e-01
8.109691509658123465e-01 -4.200924341551966201e-02 3.534611224234079918e-01
2.690487727286741682e-01 -2.218976416472612234e-01 5.235863357577996702e-01
7.364165998633498411e-01 -1.707248747013470347e-01 6.983355003875952871e-01
2.244175542751875030e-01 -3.455341190102700910e-01 3.045338250557032556e-01
2.500326233077387883e-01 -5.174337751361135496e-01 -1.738710424431005874e-01
9.115021390434896453e-01 6.224535544821514776e-02 2.723924236159519507e-01
7.555361058813658826e-01 -1.062141976366270946e-01 2.552108076270735992e-01
6.492444372052985635e-01 -1.780041925254405299e-01 2.013398884274237854e-01
4.896887475415723223e-01 -2.152632660407577392e-01 2.244998039609811258e-01
3.721108932305050576e-01 -2.394467709190523097e-01 2.817776592308119943e-01
2.847593467518969024e-01 -2.689869980313569497e-01 3.407458837629900872e-01
1.137014662719838809e-01 -4.563085887432755117e-01 4.618768916515942902e-01
8.981776152823872650e-01 7.392291846029587499e-02 6.228361741912082084e-03
7.959898491024175460e-01 -1.326592855885347089e-01 7.163471168719361959e-01
7.362005743590276097e-02 -5.811248662189076875e-01 -3.292531820102307938e-01
2.776060430619864405e-01 -3.253770043367482101e-01 8.907567937259022739e-02
1.002217013558370784e+00 5.469310587942145530e-01 5.982958842628167684e-01
2.201782218416659109e-01 -2.886746662571526567e-01 4.066264993466307542e-01
3.313086747135687848e-01 -2.694194002866351356e-01 -1.749738290764102366e-01
6.936832774945522750e-01 -1.309836442850009774e-01 6.114263687850015616e-01
2.527980052754888463e-01 -4.958480664440323427e-01 -8.266354817370955010e-02
9.539268973148362640e-01 6.840941943955325399e-01 -2.499355988749574209e-01
2.690754626980659814e-01 -2.052199996913456337e-01 5.690222922639546210e-01
1.824303134928201287e-01 -5.876321073062040767e-01 -1.979752968402174323e-02
7.076932735448144829e-01 2.305000209164775882e-01 -9.353715246342089173e-01
7.084753783052422094e-01 4.006917665125531158e-01 -1.046443159130183709e+00
9.807677661008307179e-01 3.808116172350582973e-01 2.284123567576827607e-02
8.133009549995706688e-01 3.160921538872873970e-01 -7.569135063110299377e-01
9.315999747587178081e-01 1.507174218654658004e-01 7.824950380458226551e-01
3.583374664602501092e-01 1.477902524479570920e-02 -1.355851381255865018e+00
7.043494223454815906e-02 -4.632668040763799899e-01 -3.414441634731144593e-01
3.524704584126747697e-01 -2.838304161865962127e-01 -1.971185184038590221e-03
8.797464382122410775e-01 6.202951020892355505e-02 5.250721388698582626e-01
5.491247930121745391e-01 -2.118422884956361330e-01 5.174148093743959897e-01
4.757938752228019208e-01 -2.298055866896742128e-01 5.083225164214586478e-01
3.228400862848234132e-01 -1.239646002714994977e-01 -8.080347289985074788e-01
8.800320662618066336e-01 1.349567473071691948e-01 -2.377023937232219941e-01
2.071451838977544924e-01 6.255355877335926074e-02 -1.509543746931347741e+00
4.679656700734868835e-01 2.105893450020696056e-01 -1.333168673835924967e+00
5.804499066710711030e-01 2.954728118458593844e-01 -1.216854612264096636e+00
4.030813231848717759e-01 -2.333924380631180462e-01 5.201320871468839702e-01
3.349032401894488920e-01 -2.222575643411461854e-01 5.436626554818919654e-01
2.910016231944603793e-01 -2.051482214119920711e-01 5.569222260147208559e-01
8.502350049154472345e-01 -4.867760032259459135e-02 7.470792111548847370e-01
3.481385567499178935e-01 -2.508984178635276230e-01 6.631604282801001338e-01
4.229232322075082706e-01 -2.722662753525822987e-01 7.055034932922970015e-01
5.002092156930315614e-01 -2.715441611111546472e-01 7.148865582262733387e-01
5.749464927351177757e-01 -2.506171212618540922e-01 6.948616331922807809e-01
6.193788977303604781e-01 -2.200374291592327447e-01 6.613420407727443884e-01
9.812969452775821555e-01 3.703739413739182140e-01 8.677998103879100977e-01
5.988276212986642921e-01 -1.888053797521876964e-01 5.415365767101689709e-01
3.075535897543084096e-01 -2.828303246011988348e-01 -4.963286604406280667e-01
2.387195826958082856e-01 -4.212438419155409841e-01 -2.598426664709371225e-01
1.480342762253923083e-01 -3.650353121169644943e-01 -4.735544967005927974e-01
5.928604163098976088e-01 1.673827602650896362e-01 -1.100633221991770272e+00
4.805443077313603650e-01 9.591163746535949497e-02 -1.228822147695691092e+00
2.044798996281949055e-01 -5.730390055872391919e-02 -1.449761997912097922e+00
8.094448113228969177e-01 5.349567917226528690e-01 -8.441635525273682994e-01
2.939605796310992836e-01 -2.231475737532456760e-01 6.055793362860597551e-01
1.687922341562198003e-01 -4.595766868037509667e-01 2.479633050162372010e-01
3.472805588003347044e-01 1.208740551574236377e-01 -1.436251358402271805e+00
9.501316414199589833e-01 4.033678997855395520e-01 -2.519765358697950708e-01
1.415470734692054755e-01 -2.240605099752417395e-01 -8.004979622635683967e-01
1.557091316955735993e-01 -2.343091160938365336e-01 -8.401960172181390796e-01
1.655606014284185246e-01 -2.455529679559926293e-01 -8.903432901076846484e-01
1.758251666511232991e-01 -2.293082161820989562e-01 -9.450176393174791745e-01
2.422851342332486002e-01 -1.583155611330931967e-01 -1.036335109534027410e+00
2.909638617144932882e-01 -1.437018958522839618e-01 -7.365085562089167537e-01
3.090470263889621982e-01 -1.434493773326999400e-01 -7.270725750852083946e-01
3.243329845296665237e-01 -1.448195492639286486e-01 -7.170590319774445831e-01
4.616991117963777924e-01 -1.472681061508795686e-01 -6.195826332228361322e-01
7.632755151479566624e-01 -2.703398705163980592e-02 -3.273466911698219017e-01
1.683817779035945428e-01 -3.956195997791067676e-01 3.920835016504211623e-01
2.112950616193345899e-01 -2.804200403758388971e-01 6.592166387699318619e-01
2.591452265126933940e-01 -2.440051041768503959e-01 6.496023106014123805e-01
2.739089085435097992e-01 -1.330542445059882950e-01 -7.443262926387679279e-01
7.739431857041119134e-01 1.371926990530927259e-01 -6.022622505203187870e-01
1.366164860091564903e-01 -3.898644255909150536e-01 6.537045542373105533e-01
2.925322734991282481e-01 -1.006684804211213924e-01 -1.140025237968474769e+00
1.096578018404989474e-01 -5.267504720405519203e-01 3.075321815555281946e-01
2.276066962283740391e-01 -4.343670412938932524e-01 4.288599303091784193e-02
1.595726556949352004e-01 -1.434702851619805986e-01 -1.210505452910873858e+00
5.074148574535479739e-01 -3.055585415768543450e-02 -8.954682328501877286e-01
3.988632354719634510e-01 -2.375337147667411219e-01 -2.714914824544106819e-01
4.013242810605495148e-01 -6.248760148960873229e-02 -1.039839260023811107e+00
5.823766066266430341e-01 -2.074838831440412035e-01 -2.454851827925594310e-01
4.704122282589092707e-01 -2.047338987549337519e-01 -3.902184480426288404e-01
6.501631105148307777e-01 -1.096395030448667485e-01 -4.286506069730762203e-01
1.897459818286545974e-01 -1.172000542876192875e-01 -1.341613042528834621e+00
2.781513310997077437e-01 -3.638937240604861456e-01 -2.026546006442431908e-02
5.684098937198840407e-01 5.575230968371459872e-02 -9.798471241922936947e-01
4.536323177386208938e-01 1.376604300619018589e-02 -1.118925346661504783e+00
5.795370745077368380e-01 -3.350428424390235194e-02 -7.322941870543641096e-01
8.549432950580402313e-01 1.912233430330851358e-01 -4.432419646575922467e-01
6.716942189505759053e-01 4.469348405804084157e-02 -7.464681453254939925e-01
9.030151412957398982e-01 4.013504355975793247e-01 -5.102513682415571461e-01
5.374551704687134945e-01 -1.373584327476230771e-01 -5.310411859875878715e-01
2.216446850903669441e-01 -3.878748884443961042e-01 1.706314084253039987e-01
2.221716779172300260e-01 -5.284587186004472414e-01 -2.343247265153667325e-01
2.740407870501757048e-01 -4.325354382280240939e-01 -2.510105529398184432e-01
1.876305467022740259e-01 -6.004779441974106291e-01 -1.589659527202558209e-01
2.810188939858249135e-01 -3.238284498375221254e-01 7.841605444727750562e-01
4.226001474466478669e-01 -3.534678464806118026e-01 8.756888667106643709e-01
5.457602892971880060e-01 -3.506715874771743069e-01 8.910427330923316180e-01
6.437826876728780512e-01 -3.133392506146548406e-01 8.616384523720206357e-01
7.074878906896298059e-01 -2.544397271562781615e-01 7.992535888191125704e-01
7.430628560126428805e-01 -9.288889008971568106e-02 5.783615962935915178e-01
9.910205095206781056e-01 3.297311820172355024e-01 2.860999298744787422e-01
6.796660520858033294e-01 -1.351144430099138205e-01 3.851851054009126640e-01
5.942561699415360721e-01 -1.808936807882682851e-01 3.426786108677588594e-01
4.826623140230135167e-01 -2.137491156133597414e-01 3.457359303900520153e-01
3.765650242275864201e-01 -2.324024340825397994e-01 3.794115026124180723e-01
2.956252994376010190e-01 -2.390586731879268401e-01 4.235051098037057038e-01
2.398561958745604183e-01 -2.481734008649427725e-01 4.636232558882045218e-01
9.974078688416820881e-01 6.446966644299800819e-01 3.331533971188976873e-01
2.730405151363232696e-01 -3.861681002930018591e-01 -2.765680039855722416e-01
1.699792365121158277e-01 -5.114043996704142891e-01 1.188357685356156712e-01
1.635837608827998835e-01 -5.944160172803691911e-01 -2.522308542184338309e-01
1.189531508946123362e-01 -5.512758734568360408e-01 -3.058452781881700888e-01
1.634986273057792427e-01 -5.497711867340266956e-01 -2.662568795248897446e-01
2.509802213769930512e-01 -3.531150307535370070e-01 -3.080231401070496755e-01
1.014053829350158864e-01 -5.717737053001532566e-01 -3.204601895817729140e-01
9.838540429076073068e-02 -4.664198223183235736e-01 -3.335581935055957903e-01
2.396209363761964140e-01 -2.179472374140800639e-01 5.639696416217883090e-01
1.962728165439817096e-01 -2.662394162518488816e-01 5.296463507958706352e-01
1.699666134354019253e-01 -3.239123974228580449e-01 5.005878204985343416e-01
6.439021531309285784e-01 -1.884120430317071104e-01 6.363759596254850992e-01
6.958339857545392526e-01 -1.936693069717393412e-01 6.922645847697610488e-01
-4.466532138655654460e-01 -2.121926820041586392e-01 6.632979718087356202e-01
-3.583475319201134823e-01 -2.204216079613130486e-01 6.608604977034571171e-01
-4.455591313799245334e-01 -2.236070784967625347e-01 7.797992548408922975e-01
-5.361514052935190122e-01 -2.038918127601119235e-01 6.663970381770338847e-01
-4.485421376653353498e-01 -2.007817506698683641e-01 5.478695813939740145e-01
4.837569740350400327e-01 -2.209599863083494542e-01 6.218172672475327234e-01
5.702039285603122121e-01 -2.287928941725186904e-01 6.172821955908089908e-01
4.825099295609835970e-01 -2.325688854372476300e-01 7.344908733882593577e-01
3.966231756297466937e-01 -2.131615237678929908e-01 6.272035090023815318e-01
4.853300734056542609e-01 -2.093735282047204382e-01 5.090752465393787451e-01
