5.099275112152099609e-01 5.422407388687133789e-01 -4.655566439032554626e-02
5.032057762145996094e-01 4.703038334846496582e-01 -5.031082779169082642e-02
5.059670209884643555e-01 5.051860809326171875e-01 -4.075270891189575195e-02
4.992600977420806885e-01 4.263338148593902588e-01 -3.446873649954795837e-02
5.201388001441955566e-01 4.771292209625244141e-01 -6.444248557090759277e-02
5.177256464958190918e-01 4.400165677070617676e-01 -5.134504288434982300e-02
5.243645906448364258e-01 3.812355697154998779e-01 -3.299088031053543091e-02
4.338957071304321289e-01 3.742658793926239014e-01 1.382999587804079056e-02
5.071118474006652832e-01 3.429526090621948242e-01 -2.920715883374214172e-02
5.306218862533569336e-01 2.991752624511718750e-01 -1.203797478228807449e-02
5.351794362068176270e-01 2.466056644916534424e-01 3.532441332936286926e-03
5.220008492469787598e-01 5.488314628601074219e-01 -3.828115761280059814e-02
5.034151077270507812e-01 5.559205412864685059e-01 -2.629880979657173157e-02
5.103640556335449219e-01 5.619159936904907227e-01 -2.725195698440074921e-02
5.089645981788635254e-01 5.755025744438171387e-01 -2.275605686008930206e-02
5.161113739013671875e-01 5.863480567932128906e-01 -2.655451558530330658e-02
5.057479143142700195e-01 5.856043100357055664e-01 -2.971593663096427917e-02
5.088009834289550781e-01 6.049558520317077637e-01 -2.399870380759239197e-02
5.001084804534912109e-01 6.215204000473022461e-01 -5.511411465704441071e-03
5.155603289604187012e-01 4.878155887126922607e-01 -5.434590578079223633e-02
4.985918402671813965e-01 4.840300083160400391e-01 -3.251629695296287537e-02
3.946637213230133057e-01 3.168777525424957275e-01 6.486923992633819580e-02
4.617216587066650391e-01 4.004197120666503906e-01 2.743266057223081589e-03
4.574836492538452148e-01 3.933402001857757568e-01 2.777550835162401199e-04
4.404184818267822266e-01 3.928323388099670410e-01 1.585234701633453369e-02
4.412264525890350342e-01 3.867274820804595947e-01 1.641622744500637054e-02
4.753618538379669189e-01 3.927940726280212402e-01 8.632050827145576477e-03
4.591501653194427490e-01 3.505485653877258301e-01 1.016875077039003372e-02
4.617030024528503418e-01 3.546898961067199707e-01 6.844062823802232742e-03
4.336014091968536377e-01 3.335858285427093506e-01 -3.042311873286962509e-03
4.241408109664916992e-01 3.638148903846740723e-01 4.734645597636699677e-03
4.067448675632476807e-01 3.950637280941009521e-01 3.049575351178646088e-02
4.605638384819030762e-01 6.418843865394592285e-01 1.433757483027875423e-03
4.274336099624633789e-01 3.738166689872741699e-01 1.224440429359674454e-02
3.901182711124420166e-01 3.820673823356628418e-01 6.939344108104705811e-02
4.131366312503814697e-01 3.774990737438201904e-01 4.544757306575775146e-02
4.530106484889984131e-01 4.685104489326477051e-01 -1.269928365945816040e-02
5.053382515907287598e-01 5.276945233345031738e-01 -2.905772067606449127e-02
4.962053596973419189e-01 5.451800823211669922e-01 -3.809160739183425903e-02
4.721549749374389648e-01 5.326427817344665527e-01 -3.470434993505477905e-02
4.675194919109344482e-01 5.485217571258544922e-01 -2.914499677717685699e-02
4.914172887802124023e-01 5.548006892204284668e-01 -2.491616830229759216e-02
4.794642329216003418e-01 5.507605075836181641e-01 -2.370280213654041290e-02
4.531003236770629883e-01 5.763864517211914062e-01 -1.280553080141544342e-02
5.019860267639160156e-01 4.789452552795410156e-01 -7.017867267131805420e-02
5.072250962257385254e-01 4.680281281471252441e-01 -6.303874403238296509e-02
4.227603971958160400e-01 3.369600176811218262e-01 2.367302589118480682e-02
4.778945147991180420e-01 4.354605078697204590e-01 -7.562793791294097900e-03
4.702009558677673340e-01 4.735965728759765625e-01 -3.537316247820854187e-02
4.803177714347839355e-01 4.545322656631469727e-01 -1.953094080090522766e-02
4.220625162124633789e-01 4.660055935382843018e-01 8.915607817471027374e-03
5.117225646972656250e-01 4.297199547290802002e-01 -4.844354093074798584e-02
4.431773424148559570e-01 3.011741340160369873e-01 -1.455331221222877502e-03
4.205169677734375000e-01 3.196077048778533936e-01 9.768719784915447235e-03
4.106048643589019775e-01 2.812147736549377441e-01 4.936357960104942322e-02
5.000177025794982910e-01 3.326255381107330322e-01 6.166344974189996719e-04
4.842825829982757568e-01 3.406366705894470215e-01 -4.021333530545234680e-03
4.502029716968536377e-01 5.677038431167602539e-01 -4.914934281259775162e-03
3.791637122631072998e-01 5.496113300323486328e-01 7.669198513031005859e-02
4.813075363636016846e-01 4.715678393840789795e-01 -2.966664917767047882e-02
5.024173259735107422e-01 4.922378957271575928e-01 -5.570117384195327759e-03
4.557948708534240723e-01 5.577269792556762695e-01 -6.243391893804073334e-03
4.680258035659790039e-01 5.670662522315979004e-01 -5.836888216435909271e-03
4.269226193428039551e-01 2.986038029193878174e-01 1.379312202334403992e-02
4.791602790355682373e-01 4.822950065135955811e-01 -2.845881134271621704e-02
4.815780520439147949e-01 3.273973762989044189e-01 -1.097792573273181915e-02
4.603231549263000488e-01 2.961446344852447510e-01 -1.117233186960220337e-02
4.713294208049774170e-01 2.408236265182495117e-01 1.817722618579864502e-02
4.168211221694946289e-01 2.947763502597808838e-01 2.768977917730808258e-02
4.745299518108367920e-01 2.857604324817657471e-01 5.012897308915853500e-04
4.162437617778778076e-01 3.263070583343505859e-01 1.864513382315635681e-02
3.982316553592681885e-01 3.274407386779785156e-01 3.821652010083198547e-02
4.939222633838653564e-01 5.427145957946777344e-01 -4.860217869281768799e-02
4.944140613079071045e-01 5.592340826988220215e-01 -2.654821053147315979e-02
4.774726629257202148e-01 5.466930270195007324e-01 -1.643326506018638611e-02
4.971809685230255127e-01 5.012173652648925781e-01 -3.074981272220611572e-02
4.656423926353454590e-01 5.702880024909973145e-01 -8.500983938574790955e-03
4.582229852676391602e-01 5.761208534240722656e-01 -1.256469544023275375e-02
4.716060757637023926e-01 5.649049878120422363e-01 -6.121539510786533356e-03
4.974883496761322021e-01 4.824868738651275635e-01 -4.257918521761894226e-02
4.985359907150268555e-01 5.547349452972412109e-01 -3.129423409700393677e-02
4.947711527347564697e-01 5.585702061653137207e-01 -1.476280763745307922e-02
4.969994723796844482e-01 5.476070642471313477e-01 -1.284904778003692627e-02
4.903222024440765381e-01 6.215981841087341309e-01 -1.418310776352882385e-02
4.894606471061706543e-01 6.022203564643859863e-01 -1.160748489201068878e-02
4.868679046630859375e-01 5.975532531738281250e-01 -2.855707332491874695e-02
4.928213357925415039e-01 5.840736031532287598e-01 -2.512043341994285583e-02
4.927314221858978271e-01 5.744432806968688965e-01 -1.554138679057359695e-02
4.841746687889099121e-01 5.727436542510986328e-01 -3.389446530491113663e-03
4.830886721611022949e-01 5.626598000526428223e-01 -1.996258459985256195e-02
4.806292057037353516e-01 5.869578719139099121e-01 -2.033458650112152100e-02
4.656466543674468994e-01 5.828490257263183594e-01 -2.432992681860923767e-02
4.577420353889465332e-01 5.326547622680664062e-01 -2.270320244133472443e-02
3.753789365291595459e-01 4.550867676734924316e-01 1.107233166694641113e-01
5.102870464324951172e-01 4.981941282749176025e-01 -3.889610618352890015e-02
4.689136743545532227e-01 5.630232691764831543e-01 -1.468596747145056725e-03
4.747590124607086182e-01 5.735846757888793945e-01 -9.502490982413291931e-03
5.002762079238891602e-01 4.929189682006835938e-01 -3.444322198629379272e-02
4.742785692214965820e-01 4.964503049850463867e-01 -1.745124906301498413e-02
5.007109642028808594e-01 4.964975118637084961e-01 -4.754752665758132935e-02
4.661612808704376221e-01 4.392901957035064697e-01 -1.246828213334083557e-02
4.505167603492736816e-01 4.432018995285034180e-01 3.101154230535030365e-03
4.679731428623199463e-01 4.832636117935180664e-01 -2.987162768840789795e-02
4.340193867683410645e-01 2.602643966674804688e-01 3.215698152780532837e-02
4.474186301231384277e-01 2.864691615104675293e-01 1.394261978566646576e-02
4.380753338336944580e-01 3.020699918270111084e-01 1.727775298058986664e-02
4.799621701240539551e-01 5.963664650917053223e-01 1.016663946211338043e-02
4.967042207717895508e-01 3.117312490940093994e-01 -1.421608030796051025e-02
4.808174073696136475e-01 2.800333797931671143e-01 -8.903547190129756927e-03
4.905910193920135498e-01 2.607784271240234375e-01 5.153039470314979553e-03
4.334194958209991455e-01 3.896065354347229004e-01 2.261149324476718903e-02
4.088968634605407715e-01 4.078698456287384033e-01 3.416325151920318604e-02
4.727513790130615234e-01 3.898821175098419189e-01 1.323997043073177338e-02
4.149753749370574951e-01 3.608407676219940186e-01 1.080932281911373138e-02
4.874582886695861816e-01 4.171505868434906006e-01 4.517785273492336273e-04
4.873375296592712402e-01 4.654108881950378418e-01 -3.965846821665763855e-02
3.977653086185455322e-01 4.168014526367187500e-01 4.044743627309799194e-02
4.090396463871002197e-01 4.222748279571533203e-01 1.467477157711982727e-02
4.237353801727294922e-01 4.344237744808197021e-01 5.218748003244400024e-03
4.525859653949737549e-01 4.219629764556884766e-01 9.499856969341635704e-04
4.644786715507507324e-01 4.243466854095458984e-01 -1.247314177453517914e-02
4.842851459980010986e-01 4.051392078399658203e-01 -1.533937174826860428e-04
5.168346762657165527e-01 3.995236158370971680e-01 -7.257868535816669464e-03
3.962948620319366455e-01 4.494358003139495850e-01 3.729169815778732300e-02
4.003489911556243896e-01 3.556426763534545898e-01 2.224107459187507629e-02
5.208137631416320801e-01 4.868445992469787598e-01 -4.773944243788719177e-02
4.755953252315521240e-01 4.382580518722534180e-01 -1.263415813446044922e-02
3.757631182670593262e-01 3.841915726661682129e-01 1.026563197374343872e-01
4.944787919521331787e-01 3.949519097805023193e-01 -1.667519286274909973e-02
4.744788706302642822e-01 4.738862216472625732e-01 -2.066806145012378693e-02
4.209041595458984375e-01 3.700771927833557129e-01 9.788379073143005371e-03
4.865583181381225586e-01 4.527556300163269043e-01 -2.729883603751659393e-02
3.757270276546478271e-01 5.032569169998168945e-01 1.041423007845878601e-01
4.849973917007446289e-01 3.752662837505340576e-01 1.437951065599918365e-02
4.881527125835418701e-01 4.485697448253631592e-01 -4.733327031135559082e-02
4.102935791015625000e-01 5.865588188171386719e-01 2.537852525711059570e-02
4.087822735309600830e-01 6.078033447265625000e-01 4.074900597333908081e-02
3.866879642009735107e-01 4.518466591835021973e-01 7.362759858369827271e-02
3.978039026260375977e-01 5.653097033500671387e-01 4.467075690627098083e-02
3.944536447525024414e-01 3.535925149917602539e-01 6.754413247108459473e-02
4.515553414821624756e-01 6.533074378967285156e-01 -1.300673093646764755e-02
5.121352672576904297e-01 4.801796376705169678e-01 -4.018801450729370117e-02
4.774371385574340820e-01 4.586399495601654053e-01 -5.304735153913497925e-03
3.851012587547302246e-01 3.829537630081176758e-01 4.334465041756629944e-02
4.549890160560607910e-01 3.894989788532257080e-01 5.426126532256603241e-03
4.598961472511291504e-01 3.802969455718994141e-01 5.683548282831907272e-03
4.747999012470245361e-01 5.708603262901306152e-01 -5.737936124205589294e-03
3.975581526756286621e-01 4.921897649765014648e-01 3.944931551814079285e-02
4.697638154029846191e-01 6.897597312927246094e-01 4.303331486880779266e-03
4.402997791767120361e-01 6.485388278961181641e-01 1.974118687212467194e-02
4.283469915390014648e-01 6.279726028442382812e-01 3.785064071416854858e-02
5.224900841712951660e-01 2.901869416236877441e-01 3.676656633615493774e-04
4.913084506988525391e-01 6.938624382019042969e-01 7.153678685426712036e-03
4.621190428733825684e-01 3.889451324939727783e-01 7.855443283915519714e-03
4.838153123855590820e-01 3.772561848163604736e-01 8.076656609773635864e-03
4.885852038860321045e-01 3.841735720634460449e-01 1.974165672436356544e-03
4.000608921051025391e-01 3.583974242210388184e-01 3.597512468695640564e-02
4.807732105255126953e-01 3.686516284942626953e-01 1.401089318096637726e-02
4.526397883892059326e-01 3.669237792491912842e-01 9.931171312928199768e-03
4.504982233047485352e-01 3.606955409049987793e-01 4.214534536004066467e-03
4.356676638126373291e-01 3.693429231643676758e-01 1.613624021410942078e-02
4.362031817436218262e-01 3.726816475391387939e-01 1.558352820575237274e-02
3.928016126155853271e-01 3.463512957096099854e-01 7.989734411239624023e-02
4.313496351242065430e-01 3.793300390243530273e-01 3.084671497344970703e-02
5.153175592422485352e-01 5.146581530570983887e-01 -4.455465823411941528e-02
4.842294752597808838e-01 5.126931071281433105e-01 -2.778490073978900909e-02
4.838475883007049561e-01 4.873435497283935547e-01 -3.093820251524448395e-02
4.956200122833251953e-01 5.130233764648437500e-01 -4.031023383140563965e-02
5.195412635803222656e-01 3.649778664112091064e-01 -1.732455380260944366e-02
4.221423566341400146e-01 6.193197369575500488e-01 1.373587734997272491e-02
4.393538534641265869e-01 6.322916746139526367e-01 2.319912053644657135e-02
4.649157524108886719e-01 6.630501747131347656e-01 -1.997248269617557526e-02
3.927904963493347168e-01 5.813992023468017578e-01 8.641558885574340820e-02
4.864743649959564209e-01 3.774936199188232422e-01 1.217398326843976974e-02
4.840056002140045166e-01 4.187563955783843994e-01 -2.394171990454196930e-02
5.062639117240905762e-01 6.790951490402221680e-01 -4.579229280352592468e-03
4.561872482299804688e-01 6.680786013603210449e-01 2.222862094640731812e-02
3.830798864364624023e-01 5.052581429481506348e-01 6.221058964729309082e-02
4.876491427421569824e-01 5.790705680847167969e-01 -1.915399543941020966e-02
4.882428348064422607e-01 5.851756334304809570e-01 -2.339570969343185425e-02
4.829522967338562012e-01 5.820764303207397461e-01 -2.369812130928039551e-02
4.790542721748352051e-01 6.049699783325195312e-01 -2.527408115565776825e-02
4.716528058052062988e-01 6.089447736740112305e-01 -2.137330546975135803e-02
4.733641147613525391e-01 5.543814301490783691e-01 -2.156541682779788971e-02
4.704354703426361084e-01 5.605314373970031738e-01 -1.304866932332515717e-02
4.639363586902618408e-01 5.582611560821533203e-01 -1.082780770957469940e-02
4.614009261131286621e-01 5.270221233367919922e-01 -1.196292694658041000e-02
4.180244505405426025e-01 5.056682229042053223e-01 2.484343759715557098e-02
5.025742053985595703e-01 3.894514739513397217e-01 -2.143685519695281982e-02
4.985022842884063721e-01 3.667047321796417236e-01 1.633033505640923977e-03
4.872630238533020020e-01 3.884541094303131104e-01 2.535332925617694855e-03
4.736229181289672852e-01 5.636697411537170410e-01 3.211776493117213249e-03
4.058267474174499512e-01 5.481945276260375977e-01 3.882418945431709290e-02
5.047580003738403320e-01 3.596540391445159912e-01 -7.507422938942909241e-03
4.610277712345123291e-01 6.121424436569213867e-01 -1.561324577778577805e-02
5.206969976425170898e-01 4.145397543907165527e-01 -4.656758159399032593e-02
4.963389933109283447e-01 4.081418514251708984e-01 -3.825111687183380127e-02
5.128092169761657715e-01 4.050547182559967041e-01 -4.250021651387214661e-02
4.878290295600891113e-01 4.499393999576568604e-01 -2.332335710525512695e-02
4.985227584838867188e-01 6.603022217750549316e-01 -1.914642937481403351e-02
5.128404498100280762e-01 6.381709575653076172e-01 -1.418445445597171783e-02
4.807945191860198975e-01 6.358691453933715820e-01 -1.742818392813205719e-02
4.375210106372833252e-01 5.936641693115234375e-01 -7.781391963362693787e-03
4.551014900207519531e-01 4.812179505825042725e-01 -1.352314278483390808e-02
4.509266614913940430e-01 6.059585809707641602e-01 9.250615257769823074e-04
4.353010058403015137e-01 4.921759963035583496e-01 1.075313892215490341e-03
4.514372050762176514e-01 5.167449712753295898e-01 -1.409518299624323845e-03
4.193149507045745850e-01 5.257558822631835938e-01 -1.111541641876101494e-03
4.785479903221130371e-01 6.615639925003051758e-01 -1.155692990869283676e-02
4.851184785366058350e-01 4.409199655055999756e-01 -1.597598195075988770e-02
4.387726187705993652e-01 5.955602526664733887e-01 5.181972403079271317e-03
4.437358975410461426e-01 6.277047395706176758e-01 3.567832522094249725e-03
4.300374388694763184e-01 5.532916784286499023e-01 -2.378783188760280609e-03
3.954153656959533691e-01 5.146678090095520020e-01 4.783056676387786865e-02
4.216869473457336426e-01 5.650150179862976074e-01 2.105267345905303955e-02
3.825268745422363281e-01 5.352112054824829102e-01 6.116412952542304993e-02
4.475989639759063721e-01 5.278159976005554199e-01 -1.491814386099576950e-03
4.902197420597076416e-01 4.259417057037353516e-01 -1.921475119888782501e-02
4.857250750064849854e-01 4.735077619552612305e-01 -5.193902552127838135e-02
4.883995056152343750e-01 4.862280189990997314e-01 -3.489729017019271851e-02
5.142946243286132812e-01 4.623205065727233887e-01 -4.394038021564483643e-02
4.881714582443237305e-01 3.575467467308044434e-01 -1.786447130143642426e-03
4.831897914409637451e-01 3.400658667087554932e-01 -8.113957941532135010e-03
4.526706635951995850e-01 3.233882784843444824e-01 -3.177807200700044632e-03
4.513952434062957764e-01 3.400196433067321777e-01 -1.271235197782516479e-02
4.266456961631774902e-01 3.437997400760650635e-01 1.582340523600578308e-02
4.121882617473602295e-01 3.812143802642822266e-01 1.809006184339523315e-02
3.827650845050811768e-01 4.216469228267669678e-01 6.984163820743560791e-02
4.191015362739562988e-01 4.086725711822509766e-01 2.037939801812171936e-02
4.399543702602386475e-01 4.061914682388305664e-01 2.320888452231884003e-03
4.564766287803649902e-01 4.163080155849456787e-01 3.056976012885570526e-03
4.714701175689697266e-01 4.006523489952087402e-01 1.123550999909639359e-02
4.749626517295837402e-01 4.056011736392974854e-01 7.380717433989048004e-03
4.913973212242126465e-01 3.962004482746124268e-01 -2.901353873312473297e-03
3.712979555130004883e-01 4.193648695945739746e-01 1.059672683477401733e-01
4.756374359130859375e-01 4.845248758792877197e-01 -2.767569199204444885e-02
4.914079308509826660e-01 4.339123070240020752e-01 -2.847003936767578125e-02
4.943754673004150391e-01 4.785745143890380859e-01 -5.081654712557792664e-02
5.048658251762390137e-01 4.930160939693450928e-01 -5.435473471879959106e-02
4.923177361488342285e-01 4.825741350650787354e-01 -5.333238467574119568e-02
4.785192906856536865e-01 4.920195043087005615e-01 -3.010167181491851807e-02
5.053840875625610352e-01 4.790229499340057373e-01 -5.979527533054351807e-02
5.030300021171569824e-01 4.923039972782135010e-01 -4.176871478557586670e-02
4.902874231338500977e-01 3.830506205558776855e-01 7.435633800923824310e-03
4.926587939262390137e-01 3.821596205234527588e-01 -7.311557419598102570e-05
5.087208151817321777e-01 3.939172625541687012e-01 8.066223235800862312e-04
4.416843354701995850e-01 3.647715747356414795e-01 9.260864928364753723e-03
4.495205581188201904e-01 3.529456257820129395e-01 1.774406991899013519e-02
5.255438089370727539e-01 4.222976267337799072e-01 -3.744702786207199097e-02
6.015550494194030762e-01 4.021421074867248535e-01 2.642592974007129669e-02
5.157010555267333984e-01 4.863664805889129639e-01 -3.226360306143760681e-02
6.275678277015686035e-01 3.438408374786376953e-01 9.580811858177185059e-02
5.711069107055664062e-01 4.071716964244842529e-01 1.466250512748956680e-02
5.760752558708190918e-01 4.067499935626983643e-01 2.621812745928764343e-03
5.973162651062011719e-01 4.022101163864135742e-01 1.031883526593446732e-03
6.086257696151733398e-01 4.034335315227508545e-01 3.004108555614948273e-02
5.557128190994262695e-01 3.908472657203674316e-01 2.017671987414360046e-02
5.834351778030395508e-01 3.552932739257812500e-01 1.991511136293411255e-02
5.740806460380554199e-01 3.530440032482147217e-01 5.441961344331502914e-03
6.051809787750244141e-01 3.526034355163574219e-01 2.000390179455280304e-02
6.062929630279541016e-01 3.637345433235168457e-01 2.684096619486808777e-02
6.224300861358642578e-01 4.098334610462188721e-01 2.350712567567825317e-02
5.488010644912719727e-01 6.475271582603454590e-01 -7.699569687247276306e-03
5.998855829238891602e-01 3.932094573974609375e-01 2.901260368525981903e-02
6.377784609794616699e-01 4.175089001655578613e-01 8.103504031896591187e-02
6.174376010894775391e-01 4.023344218730926514e-01 4.141123220324516296e-02
5.707687735557556152e-01 4.743905961513519287e-01 -7.569001754745841026e-04
5.337748527526855469e-01 5.436381697654724121e-01 -2.570808678865432739e-02
5.173257589340209961e-01 5.623441934585571289e-01 -3.173461556434631348e-02
5.372487306594848633e-01 5.411449074745178223e-01 -2.854263409972190857e-02
5.383032560348510742e-01 5.638223886489868164e-01 -2.049005031585693359e-02
5.287862420082092285e-01 5.580210089683532715e-01 -3.308974951505661011e-02
5.491847395896911621e-01 5.670539140701293945e-01 -2.811760641634464264e-02
5.403422713279724121e-01 5.901600122451782227e-01 -1.389236282557249069e-02
5.247761011123657227e-01 4.775414466857910156e-01 -6.390528380870819092e-02
5.215405821800231934e-01 4.679164588451385498e-01 -6.653277575969696045e-02
6.163676381111145020e-01 3.454843163490295410e-01 2.255225181579589844e-02
5.413008332252502441e-01 4.324588775634765625e-01 -7.110711187124252319e-03
5.421160459518432617e-01 4.714272320270538330e-01 -2.992253564298152924e-02
5.619418621063232422e-01 4.733687937259674072e-01 -3.946312516927719116e-02
6.033187508583068848e-01 4.676978886127471924e-01 1.975614391267299652e-02
5.272301435470581055e-01 4.395964443683624268e-01 -6.774028390645980835e-02
6.009906530380249023e-01 3.329365849494934082e-01 2.140380069613456726e-02
6.005807518959045410e-01 3.423781692981719971e-01 2.091588638722896576e-02
6.304697394371032715e-01 3.127655386924743652e-01 5.072644352912902832e-02
5.493975877761840820e-01 3.393037319183349609e-01 -6.482912693172693253e-03
5.589975714683532715e-01 3.605155646800994873e-01 1.072356477379798889e-02
5.525493621826171875e-01 5.728283524513244629e-01 1.387381833046674728e-02
6.129830479621887207e-01 5.738408565521240234e-01 9.367810189723968506e-02
5.454311966896057129e-01 4.924929440021514893e-01 -2.637826465070247650e-02
5.184760689735412598e-01 4.828239679336547852e-01 -2.728757634758949280e-02
5.535354614257812500e-01 5.751358866691589355e-01 2.637646859511733055e-03
5.567292571067810059e-01 5.825057625770568848e-01 -4.476375412195920944e-03
6.225475072860717773e-01 3.246943652629852295e-01 1.443459652364253998e-02
5.502089858055114746e-01 4.996840655803680420e-01 -3.430440649390220642e-02
5.730979442596435547e-01 3.345893621444702148e-01 -1.091433782130479813e-02
5.900998711585998535e-01 3.108569085597991943e-01 -1.032947469502687454e-02
5.850872397422790527e-01 2.540021240711212158e-01 1.706608012318611145e-02
6.331933140754699707e-01 3.245076835155487061e-01 3.151375055313110352e-02
5.770629644393920898e-01 2.953166663646697998e-01 7.933781482279300690e-03
6.184568405151367188e-01 3.500972092151641846e-01 3.930229693651199341e-02
6.296704411506652832e-01 3.533568978309631348e-01 4.730770364403724670e-02
5.250827074050903320e-01 5.501978397369384766e-01 -3.190117701888084412e-02
5.352101922035217285e-01 5.522207021713256836e-01 -2.750210091471672058e-02
5.493716001510620117e-01 5.602021813392639160e-01 -1.500131469219923019e-02
5.397921800613403320e-01 4.921327531337738037e-01 -4.052172973752021790e-02
5.495664477348327637e-01 5.762794613838195801e-01 7.572183385491371155e-03
5.365995764732360840e-01 5.784575343132019043e-01 -8.145084604620933533e-03
5.449173450469970703e-01 5.641587972640991211e-01 -1.316746138036251068e-02
5.383140444755554199e-01 4.876733720302581787e-01 -4.885017499327659607e-02
5.442528128623962402e-01 5.519000887870788574e-01 -4.515457432717084885e-03
5.304459333419799805e-01 5.542362332344055176e-01 -2.987604588270187378e-02
5.180615186691284180e-01 5.496667623519897461e-01 -3.836780786514282227e-02
5.230843424797058105e-01 6.241958141326904297e-01 -8.471490815281867981e-03
5.170015096664428711e-01 6.004730463027954102e-01 -1.737076230347156525e-02
5.234770774841308594e-01 5.922261476516723633e-01 -3.048115223646163940e-02
5.117139220237731934e-01 5.942208170890808105e-01 -3.411694243550300598e-02
5.171672105789184570e-01 5.698153376579284668e-01 -2.375445701181888580e-02
5.338983535766601562e-01 5.832125544548034668e-01 -1.726347766816616058e-02
5.351978540420532227e-01 5.671743154525756836e-01 -6.291965022683143616e-03
5.423665642738342285e-01 5.862841010093688965e-01 -1.181412767618894577e-02
5.475749373435974121e-01 5.921618342399597168e-01 -2.339245192706584930e-02
5.549575090408325195e-01 5.449055433273315430e-01 -1.814351044595241547e-02
6.400874853134155273e-01 4.971243143081665039e-01 1.211385801434516907e-01
5.382096767425537109e-01 5.660526156425476074e-01 -4.763439763337373734e-03
5.461986064910888672e-01 5.903955698013305664e-01 -4.574448801577091217e-03
5.241318941116333008e-01 5.009284615516662598e-01 -2.089368179440498352e-02
5.358949303627014160e-01 5.008621215820312500e-01 -1.751487888395786285e-02
5.276343226432800293e-01 4.922287762165069580e-01 -1.790504343807697296e-02
5.735037922859191895e-01 4.361356496810913086e-01 -1.270393840968608856e-05
5.742866396903991699e-01 4.547641277313232422e-01 -2.569928765296936035e-03
5.425738692283630371e-01 4.843049943447113037e-01 -1.682027056813240051e-02
6.103286743164062500e-01 2.698377072811126709e-01 3.192329779267311096e-02
6.059760451316833496e-01 2.950765192508697510e-01 3.495665267109870911e-02
5.975050330162048340e-01 3.157221972942352295e-01 9.460240602493286133e-03
5.631281137466430664e-01 6.017311215400695801e-01 -1.282967277802526951e-03
5.462877750396728516e-01 3.265700042247772217e-01 -1.379225589334964752e-02
5.588642358779907227e-01 2.833017706871032715e-01 -1.681242138147354126e-02
5.631690025329589844e-01 2.560221552848815918e-01 7.887782528996467590e-03
6.056835055351257324e-01 4.068967700004577637e-01 2.371329814195632935e-02
6.232061982154846191e-01 4.250326454639434814e-01 2.012291736900806427e-02
5.499243140220642090e-01 3.870599269866943359e-01 2.145292982459068298e-02
6.005707979202270508e-01 3.789106309413909912e-01 2.641097642481327057e-02
5.341497659683227539e-01 4.181109666824340820e-01 3.453441429883241653e-03
5.428798794746398926e-01 4.717274904251098633e-01 -3.327328339219093323e-02
6.330172419548034668e-01 4.375481009483337402e-01 5.422167479991912842e-02
6.054802536964416504e-01 4.353674650192260742e-01 1.116826385259628296e-02
5.926437973976135254e-01 4.375326335430145264e-01 2.819059044122695923e-02
5.773307085037231445e-01 4.413822293281555176e-01 1.082066539674997330e-02
5.576194524765014648e-01 4.282647371292114258e-01 5.320378113538026810e-05
5.579552054405212402e-01 4.042415916919708252e-01 3.916046582162380219e-03
5.286799669265747070e-01 3.904141485691070557e-01 -2.080353163182735443e-02
6.222329735755920410e-01 4.759702980518341064e-01 5.201782286167144775e-02
6.288363337516784668e-01 3.854015171527862549e-01 2.474197372794151306e-02
5.171341896057128906e-01 4.863099753856658936e-01 -4.867768660187721252e-02
5.372923612594604492e-01 4.555950760841369629e-01 -1.350224670022726059e-02
6.249135732650756836e-01 4.018296301364898682e-01 1.055823117494583130e-01
5.406396985054016113e-01 4.006170928478240967e-01 -1.269572530873119831e-03
5.560393333435058594e-01 4.819901585578918457e-01 -2.606608904898166656e-03
6.092661619186401367e-01 3.956657052040100098e-01 2.885788492858409882e-02
5.420877933502197266e-01 4.622931182384490967e-01 -3.558866307139396667e-02
6.362408399581909180e-01 5.419552326202392578e-01 1.291269063949584961e-01
5.400066971778869629e-01 3.974364399909973145e-01 8.608644828200340271e-03
5.435371398925781250e-01 4.584030508995056152e-01 -5.470979213714599609e-02
5.886979103088378906e-01 6.086896061897277832e-01 4.504115507006645203e-02
5.997778177261352539e-01 6.377884745597839355e-01 5.778280273079872131e-02
6.362574100494384766e-01 4.780136942863464355e-01 7.897905260324478149e-02
6.122567653656005859e-01 5.786852836608886719e-01 6.673406064510345459e-02
6.385927200317382812e-01 3.685732781887054443e-01 7.900852710008621216e-02
5.496182441711425781e-01 6.577538251876831055e-01 1.062504108995199203e-02
5.110070705413818359e-01 4.910320043563842773e-01 -4.705520719289779663e-02
5.476805567741394043e-01 4.708250761032104492e-01 -9.970778599381446838e-03
6.310014128684997559e-01 4.110248684883117676e-01 6.588566303253173828e-02
5.968401432037353516e-01 3.982422649860382080e-01 2.173968590795993805e-02
5.753786563873291016e-01 3.970165848731994629e-01 2.515074796974658966e-03
5.385835170745849609e-01 5.792581439018249512e-01 6.629030685871839523e-04
6.235399246215820312e-01 5.021315813064575195e-01 3.506886959075927734e-02
5.090590715408325195e-01 6.861691474914550781e-01 6.304203998297452927e-04
5.628064870834350586e-01 6.703441143035888672e-01 2.054120600223541260e-02
5.747489929199218750e-01 6.457999348640441895e-01 3.663852065801620483e-02
5.600239634513854980e-01 4.039597213268280029e-01 8.635381236672401428e-03
5.605241656303405762e-01 3.973392844200134277e-01 8.862366899847984314e-03
5.579987764358520508e-01 3.764081597328186035e-01 1.428210642188787460e-03
6.303270459175109863e-01 3.628748357295989990e-01 4.757498204708099365e-02
5.558622479438781738e-01 3.938060998916625977e-01 1.255235448479652405e-02
5.723549127578735352e-01 3.650881946086883545e-01 6.832955870777368546e-03
5.763762593269348145e-01 3.668878674507141113e-01 7.520682644098997116e-03
5.994374752044677734e-01 3.739606738090515137e-01 2.050860412418842316e-02
5.925793647766113281e-01 3.912902772426605225e-01 2.817308343946933746e-02
6.395267248153686523e-01 3.675210475921630859e-01 1.012966781854629517e-01
5.873949527740478516e-01 3.955838084220886230e-01 1.678147539496421814e-02
5.604363083839416504e-01 5.165035128593444824e-01 -1.750394888222217560e-02
5.533635020256042480e-01 4.883264899253845215e-01 -2.083390206098556519e-02
5.245704650878906250e-01 5.278105139732360840e-01 -3.646964207291603088e-02
5.842748880386352539e-01 6.284736990928649902e-01 2.120442315936088562e-02
5.594637989997863770e-01 6.375015974044799805e-01 2.291277423501014709e-02
5.242975354194641113e-01 6.786895990371704102e-01 -1.159534789621829987e-03
6.005529761314392090e-01 6.028823852539062500e-01 8.959506452083587646e-02
5.556668639183044434e-01 3.883436620235443115e-01 1.101046986877918243e-02
5.425559878349304199e-01 4.236220717430114746e-01 -1.790754869580268860e-02
5.450956225395202637e-01 6.772447824478149414e-01 2.196819335222244263e-02
6.246340274810791016e-01 5.197543501853942871e-01 6.775252521038055420e-02
5.218956470489501953e-01 5.749376416206359863e-01 -1.012342981994152069e-02
5.326942205429077148e-01 5.876374840736389160e-01 -2.022143825888633728e-02
5.377346873283386230e-01 5.893554687500000000e-01 -1.506270468235015869e-02
5.392426848411560059e-01 6.050994396209716797e-01 -1.241174619644880295e-02
5.422970056533813477e-01 6.121835112571716309e-01 -1.458113268017768860e-02
5.503299236297607422e-01 5.661708116531372070e-01 -5.951771046966314316e-03
5.390999913215637207e-01 5.618559718132019043e-01 -4.064617678523063660e-03
5.510063767433166504e-01 5.613414049148559570e-01 -6.492789369076490402e-03
5.631382465362548828e-01 5.479885339736938477e-01 5.865038838237524033e-04
6.023730635643005371e-01 5.118764042854309082e-01 2.295661717653274536e-02
5.302136540412902832e-01 4.118639230728149414e-01 -6.441122386604547501e-03
5.525653958320617676e-01 3.790201842784881592e-01 1.213873550295829773e-02
5.531649589538574219e-01 3.696864545345306396e-01 4.993701353669166565e-03
5.439369678497314453e-01 5.778369307518005371e-01 -2.274239063262939453e-02
6.083085536956787109e-01 5.563770532608032227e-01 2.299657464027404785e-02
5.221173763275146484e-01 3.622190952301025391e-01 -6.064896006137132645e-03
5.487023591995239258e-01 6.226150393486022949e-01 -6.306886207312345505e-03
5.244357585906982422e-01 4.106732904911041260e-01 -2.252437174320220947e-02
5.419728159904479980e-01 4.433836638927459717e-01 -1.522466447204351425e-02
5.271715521812438965e-01 6.330452561378479004e-01 -2.431718818843364716e-02
5.701591968536376953e-01 5.959728360176086426e-01 1.222425326704978943e-02
5.702748298645019531e-01 4.949424862861633301e-01 1.659435918554663658e-03
5.554963946342468262e-01 6.121610403060913086e-01 -4.886326380074024200e-03
5.848601460456848145e-01 4.939392507076263428e-01 9.166962467133998871e-03
5.714839100837707520e-01 5.217068791389465332e-01 8.278460241854190826e-03
5.832151174545288086e-01 5.233698487281799316e-01 -5.714533850550651550e-03
5.255899429321289062e-01 6.631749272346496582e-01 -2.013609372079372406e-02
5.375061035156250000e-01 4.567751884460449219e-01 -2.826465107500553131e-02
5.819799304008483887e-01 6.136919856071472168e-01 2.334854379296302795e-02
5.641901493072509766e-01 6.258955597877502441e-01 4.605704452842473984e-04
5.815393328666687012e-01 5.783587694168090820e-01 8.763162419199943542e-03
6.138207316398620605e-01 5.406721830368041992e-01 4.726383462548255920e-02
6.012731194496154785e-01 5.687300562858581543e-01 5.284516140818595886e-03
6.108639836311340332e-01 5.528346300125122070e-01 6.726948916912078857e-02
5.740101933479309082e-01 5.436404347419738770e-01 -1.823445595800876617e-02
5.398529171943664551e-01 4.394404292106628418e-01 -3.200174868106842041e-02
5.383845567703247070e-01 4.818409681320190430e-01 -6.858751922845840454e-02
5.362231731414794922e-01 4.959813654422760010e-01 -2.408646419644355774e-02
5.376680493354797363e-01 4.624130725860595703e-01 -4.843396693468093872e-02
5.501064658164978027e-01 3.616839945316314697e-01 1.160705555230379105e-02
5.629742741584777832e-01 3.404197990894317627e-01 -3.990666009485721588e-03
5.949621200561523438e-01 3.450828790664672852e-01 4.405892686918377876e-04
6.145164966583251953e-01 3.442912399768829346e-01 3.099316731095314026e-03
6.095719337463378906e-01 3.634891211986541748e-01 1.154889259487390518e-02
6.142864823341369629e-01 3.886610865592956543e-01 3.339196741580963135e-02
6.410796046257019043e-01 4.443513453006744385e-01 8.283723890781402588e-02
6.124357581138610840e-01 4.192637503147125244e-01 1.909194700419902802e-02
6.025931835174560547e-01 4.287793934345245361e-01 1.806612312793731689e-02
5.761010646820068359e-01 4.215005338191986084e-01 1.181912515312433243e-02
5.551830530166625977e-01 4.053633213043212891e-01 1.194867771118879318e-02
5.455862879753112793e-01 4.027474522590637207e-01 4.968301393091678619e-03
5.498450994491577148e-01 4.010149836540222168e-01 1.199289597570896149e-02
6.453096866607666016e-01 4.531503617763519287e-01 1.203365549445152283e-01
5.417960286140441895e-01 5.015733838081359863e-01 -2.785166352987289429e-02
5.293225049972534180e-01 4.280026555061340332e-01 -3.208814188838005066e-02
5.401978492736816406e-01 4.661812782287597656e-01 -5.091345682740211487e-02
5.185738205909729004e-01 4.777675569057464600e-01 -3.803348913788795471e-02
5.489916801452636719e-01 4.897247552871704102e-01 -4.809754714369773865e-02
5.460562109947204590e-01 4.946799576282501221e-01 -3.169461153447628021e-03
5.300558209419250488e-01 4.918732047080993652e-01 -5.053095147013664246e-02
5.194364786148071289e-01 4.924414157867431641e-01 -4.578002542257308960e-02
5.398091673851013184e-01 3.929979503154754639e-01 1.705306209623813629e-02
5.418942570686340332e-01 3.752149343490600586e-01 8.029206655919551849e-03
5.371689200401306152e-01 3.853074014186859131e-01 -1.596506498754024506e-02
5.940947532653808594e-01 3.947708904743194580e-01 2.216459996998310089e-02
6.016941666603088379e-01 3.706221878528594971e-01 2.982651256024837494e-02
4.617901444435119629e-01 3.752835094928741455e-01 9.364701807498931885e-03
4.629706442356109619e-01 3.727192282676696777e-01 3.911310806870460510e-03
4.510782957077026367e-01 3.485842347145080566e-01 2.253199368715286255e-02
4.345270693302154541e-01 3.632946610450744629e-01 1.696513220667839050e-02
4.579713940620422363e-01 3.812924325466156006e-01 9.115852415561676025e-03
5.793104767799377441e-01 3.758367598056793213e-01 5.400061607360839844e-03
5.920109748840332031e-01 3.916088342666625977e-01 1.510600280016660690e-02
5.849577188491821289e-01 3.712632656097412109e-01 1.696817204356193542e-02
5.580390095710754395e-01 3.802662491798400879e-01 1.554999593645334244e-02
5.854205489158630371e-01 3.966477811336517334e-01 1.698065921664237976e-02
