-2.478643506403280239e-02 -2.979577891917417620e-01 -6.085534796568587979e-01
2.595712206253786292e-02 -5.486652581441573417e-01 -2.382539416114630715e-01
2.703745732380574696e-02 -3.484379726390702814e-01 -3.160625474733786966e-01
-3.866113838485735199e-02 -4.975043257758133830e-01 1.519591700362845632e-01
2.572297610402310419e-02 -5.879615773179112104e-01 -1.288423271465304332e-01
2.451980354640000137e-02 -5.772729915303442816e-01 2.652906881046579457e-02
2.710512617173876926e-02 -4.243516684936994299e-01 4.221462651831691115e-01
-5.089224401569332201e-01 -1.342218517939351985e-01 5.289436882453120159e-01
2.764375547615077755e-02 -4.061473802655415355e-01 7.228153832116515076e-01
2.650595197380443968e-02 -4.382902177520540121e-01 8.678618643726343507e-01
2.489115310122194669e-02 -4.248168463311412513e-01 1.378013895749561790e+00
-2.369878664613364605e-02 -2.813111944796415909e-01 -6.426924312104924653e-01
-2.115354219308994421e-02 -2.518307465950262447e-01 -6.711312979197370243e-01
-1.658605398542067899e-02 -2.136289455183604247e-01 -6.858336242425291385e-01
-1.552059162819102722e-02 -2.313460338415032069e-01 -6.819965488779526908e-01
-1.631966053563563279e-02 -2.353705696331378494e-01 -7.288217518031525621e-01
-1.857573789150235299e-02 -2.460085997060594831e-01 -7.848384094898750440e-01
-1.830308954008141864e-02 -2.324634830556200349e-01 -8.401200329208560191e-01
1.636525964457680171e-02 -1.578915120841211106e-01 -9.278723123840726394e-01
2.472075261802797463e-02 -5.039507872705601965e-01 -2.871038838217413458e-01
-4.786604248179288090e-02 -4.011996039655381097e-01 -2.661867905263194389e-01
-7.895860049754417354e-01 1.632439911646250685e-01 1.011797994284160396e+00
-3.023489149365432560e-01 -2.020500362785588866e-01 3.906323990329061413e-01
-3.797771059003260952e-01 -1.937897582957519571e-01 3.820144881460791897e-01
-4.518749862763944414e-01 -1.724120543993210575e-01 3.977858244551792932e-01
-5.399883561714431401e-01 -1.184582389686719139e-01 4.945806453844194817e-01
-2.341194844022524979e-01 -1.968685272374108841e-01 4.220807826488417458e-01
-4.116063706547943291e-01 -2.629288549505146566e-01 7.736297059191414860e-01
-3.231790731468366928e-01 -2.621386417290989534e-01 7.565376482412755621e-01
-4.898281462082074711e-01 -2.347919126646760279e-01 7.548460535276939609e-01
-5.393991829598769883e-01 -1.987078037829506094e-01 7.093401821295461929e-01
-6.049790374702705975e-01 -7.041023459621231773e-02 4.316060763029756497e-01
-2.601848933020450838e-01 -3.069391379016278565e-02 -1.052175175731442813e+00
-5.336841815148334334e-01 -1.147099616154803048e-01 5.792496922635617107e-01
-8.145967307480117547e-01 2.526850413506696036e-01 5.492831080517202036e-01
-6.876402306886686411e-01 -4.620234509071070861e-03 5.363022840699429583e-01
-3.537671775651216599e-01 -2.117724944000809462e-01 -5.293796895546054593e-02
-1.096015456752446049e-01 -2.948662722838311101e-01 -5.788834155958508809e-01
-9.558788017696656647e-02 -2.441602619224780835e-01 -6.592711072274026751e-01
-1.875328329293275420e-01 -2.498677967117626242e-01 -5.930514608331307613e-01
-2.467124925086386922e-01 -1.892847332991340892e-01 -5.971747916757483843e-01
-1.599632757731671573e-01 -2.174365369411164206e-01 -6.459243889461734334e-01
-2.154154135526907821e-01 -1.663053537775469604e-01 -6.259407809729473637e-01
-3.441310646961608377e-01 -6.044161964582239754e-02 -7.044660423207722566e-01
-3.835429555909924959e-02 -5.405421101042144905e-01 -2.303674678364278083e-01
-4.968553906266326425e-02 -5.769657001896051352e-01 -1.237987444650034963e-01
-6.400137991231802381e-01 -1.879590656888179279e-01 7.973329589662609962e-01
-1.986823765689952337e-01 -2.601326421533256550e-01 2.134018550910388168e-01
-2.130623621349435615e-01 -3.595064129448530821e-01 -1.589134202194278922e-01
-2.190134835633117394e-01 -3.449850827588676339e-01 -9.437407164573330398e-02
-5.759152883181952731e-01 -1.166986233494557990e-01 -8.947403226928996034e-03
-4.485142781386508570e-02 -5.525710121100586569e-01 2.162528352934245390e-02
-4.675781806344434521e-01 -3.281949947765181452e-01 8.962865440635674474e-01
-5.695512097716250999e-01 -2.655577059319136346e-01 8.668981063108960328e-01
-7.141974562934052528e-01 -4.649434932236184981e-03 1.175242982324318675e+00
-1.354985357046744054e-01 -3.849625186309857394e-01 7.670172144328359920e-01
-2.448560500827261510e-01 -2.365270671645143263e-01 6.977433362420244478e-01
-4.168070954951583751e-01 -4.529635540055043652e-02 -5.894876451421628971e-01
-7.209262813927086455e-01 5.769380156590440123e-01 -4.348224284065167478e-01
-1.562808721916263410e-01 -3.248952496283241675e-01 -2.220656564140863765e-01
-9.753040858300798810e-02 -3.268844691446521900e-01 -2.581689178107277050e-01
-3.129901607164173871e-01 -5.716252966787749301e-02 -6.019230668868833511e-01
-2.943369056734875810e-01 -7.852104375531643310e-02 -6.084311189952802401e-01
-6.070910754484146743e-01 -2.391235530110531471e-01 9.439926108950933425e-01
-2.176248347397613525e-01 -3.123737258187575527e-01 -1.993399084063096627e-01
-3.271332976936109915e-01 -3.698019016269684656e-01 8.738454396560788595e-01
-3.387144798320580463e-01 -3.956046860014506006e-01 9.599214308606853763e-01
-4.102230450442143628e-01 -3.181694683965468062e-01 1.364532113652155765e+00
-6.594681551972252365e-01 -1.391327996638399567e-01 1.045152536995086479e+00
-3.655032297129214847e-01 -3.608293422606327905e-01 1.152373402407027569e+00
-6.810870006412161892e-01 -1.311670905427728684e-01 8.585395699141420423e-01
-7.343928036129327985e-01 8.615532017802185472e-03 9.151969311019785280e-01
-1.050114662076975236e-01 -2.768879330916484971e-01 -6.268402396356900219e-01
-1.744153368546444982e-01 -2.362983278866427339e-01 -6.228795130033839555e-01
-2.320157448638427988e-01 -1.834600696873041059e-01 -6.134955216375395093e-01
-1.393070079491475211e-01 -3.063380140405029817e-01 -2.403520175109055135e-01
-3.035087800634886923e-01 -6.798686847959539703e-02 -6.051755973830181823e-01
-2.603880170146094519e-01 -1.192288600242142893e-01 -6.475146853128648239e-01
-2.833515146690783748e-01 -8.231443104291324975e-02 -6.114406810555408356e-01
-1.217381455124181833e-01 -4.341582086978346133e-01 -2.053061178393090769e-01
-2.022781321694968604e-01 -1.521457397827489233e-01 -6.354531956898614720e-01
-1.469113466136070523e-01 -1.842709176637888913e-01 -6.568428915532971146e-01
-8.530583266887792337e-02 -2.082417565286518446e-01 -6.754517059824958203e-01
-8.327301122186997473e-02 -1.507930846984393281e-01 -9.191684739945444882e-01
-1.043587342519118888e-01 -2.268746441313536089e-01 -8.256269478238165149e-01
-1.010564898532726463e-01 -2.401199951277530609e-01 -7.701623568244180262e-01
-9.233122393715464948e-02 -2.279889016772393973e-01 -7.151336155944143513e-01
-8.290846025885834081e-02 -2.238567186968671852e-01 -6.717131951597479222e-01
-1.894317945473380504e-01 -1.609075902498355859e-01 -6.439984496871096198e-01
-2.036940991283588964e-01 -1.689277154292596617e-01 -6.639080809828383778e-01
-2.178614804244637382e-01 -1.772981244243609922e-01 -6.903720765627268108e-01
-2.274465571346754311e-01 -1.611862064809432837e-01 -7.191673947024561642e-01
-3.130792999447334912e-01 -1.835414494528183615e-01 -4.534572379021994948e-01
-8.063680371621626541e-01 6.125896705421673971e-01 1.252004015838024120e-01
2.859405687687645303e-02 -4.032635033058586949e-01 -2.986582773398400725e-01
-2.313184171976284675e-01 -1.181615214409363901e-01 -6.289260050869533991e-01
-2.458553004543795328e-01 -1.224997082919858649e-01 -6.376533739603833517e-01
-7.361571282631013124e-02 -3.273070165580376223e-01 -3.024941400836015371e-01
-1.916821104314510027e-01 -2.510311957729808308e-01 -2.566948879909249914e-01
-8.516810458801415962e-02 -3.285251227573429134e-01 -2.808244217235030815e-01
-2.772602218379998096e-01 -2.255608225884102591e-01 1.589300435409104484e-01
-4.008195538438799055e-01 -1.922974842597107159e-01 9.661857081818214787e-02
-2.314102706490434036e-01 -2.966071554743017202e-01 -1.351089750632561426e-01
-5.944725765424649921e-01 -1.735725858030456870e-01 1.296661999993368397e+00
-5.421044397914447366e-01 -2.589156846921145672e-01 1.129760173133932177e+00
-4.913765623970434149e-01 -3.261731320260929934e-01 9.835357714068546642e-01
-2.634715109803542621e-01 -9.823255937773445190e-02 -7.927381210514421461e-01
-1.568037729285346460e-01 -4.306572271856814460e-01 9.121755540423706066e-01
-1.823628428691876913e-01 -4.173401098094937645e-01 1.138150692394082064e+00
-2.110983094773771773e-01 -4.007900987321102448e-01 1.386469571136469625e+00
-5.098117006276852159e-01 -1.424443704527386112e-01 4.344446136262216651e-01
-6.894479938134234764e-01 -1.704792858615089557e-02 3.698139320882816161e-01
-1.887322801168147546e-01 -1.913258204521766093e-01 4.530882323298921488e-01
-6.084445200901873463e-01 -1.308766303828206023e-01 6.631608122206653633e-01
-1.460709157530970526e-01 -2.964104804990879138e-01 2.772742375460020003e-01
-1.688987870709731665e-01 -4.385270652411512593e-01 -1.325022135041269422e-01
-7.567790434387395848e-01 7.346880481198470036e-02 3.083745436024540876e-01
-6.421833278014048574e-01 -7.529658922219373274e-02 2.783697213733813403e-01
-5.484027234257005112e-01 -1.400282074897940543e-01 2.217544097448962415e-01
-4.030301067500632328e-01 -1.775198546848719694e-01 2.250120722241859550e-01
-2.949927865883197331e-01 -2.014280010989220049e-01 2.587072567010861857e-01
-2.141456182303809186e-01 -2.281733135619468111e-01 3.007313320457145611e-01
-4.465573271915063147e-02 -3.920648913284667803e-01 4.041730322397840691e-01
-7.425089999646736771e-01 8.130199950661731734e-02 7.587539008471044788e-02
-6.690989121033101839e-01 -9.704269494426420728e-02 6.846144581268527318e-01
-1.523559346917528756e-02 -4.994476973895369820e-01 -2.805609181004270480e-01
-1.930388481301011927e-01 -2.772042926137239238e-01 9.567823916788564809e-02
-8.351994103240358847e-01 4.923508523229762623e-01 6.003816901742666801e-01
-1.511627996318664069e-01 -2.470902025664116763e-01 3.502151846683856373e-01
-2.360418563022604888e-01 -2.227647162554806659e-01 -1.289045574177121178e-01
-5.638780132924425814e-01 -1.000547304508747626e-01 5.793571952559408711e-01
-1.729486697548259233e-01 -4.198813761934860889e-01 -5.427949942797982708e-02
-7.730459305622696675e-01 6.141368801360633789e-01 -1.450354700263769558e-01
-1.844569771077079201e-01 -1.788390888112880717e-01 4.990557652105731545e-01
-1.119249266097504525e-01 -5.019186533636643688e-01 -5.256185802880120050e-03
-5.774595169128278194e-01 2.198987693683791544e-01 -7.664375520284436583e-01
-5.701581270264259871e-01 3.677528904903941687e-01 -8.662655392670646215e-01
-8.012798263003428900e-01 3.490740593930814484e-01 9.520344788212553588e-02
-6.643199444269853871e-01 2.941397791094537695e-01 -6.008116004999877191e-01
-7.775598022326675185e-01 1.495245453521329981e-01 7.511820043931205504e-01
-2.769651984175712789e-01 2.568262516154323771e-02 -1.154836694958961907e+00
-2.755504887343874360e-03 -3.976941235072475322e-01 -2.923144081525363980e-01
-2.612794928997163035e-01 -2.378121262636603284e-01 2.388710443572372721e-02
-7.523854763814732394e-01 7.196801963987620177e-02 5.322406326215147754e-01
-4.396258473744190098e-01 -1.734255586608026700e-01 4.628984930868937919e-01
-3.759842811708149490e-01 -1.915550025145964508e-01 4.461216136747012673e-01
-2.724681250498652840e-01 -1.045594451784170875e-01 -6.594008235914863292e-01
-7.243390996923046998e-01 1.343182808411156337e-01 -1.395449858719399749e-01
-1.366021264736587693e-01 6.055929868308518316e-02 -1.295730366747371853e+00
-3.623094416393044526e-01 1.971238057005757494e-01 -1.134786515799625306e+00
-4.590811261387122144e-01 2.732762544516491587e-01 -1.026659553183499440e+00
2.554126601127239271e-02 -4.365909771957228180e-01 1.118310296915422164e+00
2.248442205303538555e-02 3.746476305801982321e-02 -1.319041355130400106e+00
-3.107823038051482634e-01 -1.966331347598588852e-01 4.546770061511959948e-01
-2.468387162416457725e-01 -1.904153381057158700e-01 4.765489420354229733e-01
-2.044171626222455185e-01 -1.781592080507059528e-01 4.889524927545279009e-01
-7.213272257936407250e-01 -2.487907479956863455e-02 7.195091085471050363e-01
-2.612752875614696713e-01 -2.144949629535863878e-01 6.104953542459119475e-01
-3.318073625863320331e-01 -2.289708728172616947e-01 6.595599845727573296e-01
-3.992311780696793377e-01 -2.253408319403860105e-01 6.715312669338020513e-01
-4.627351924501277303e-01 -2.044369649744954831e-01 6.541519829854500756e-01
-5.003869875516420151e-01 -1.770484664322979906e-01 6.228206099234432358e-01
-8.258213285936135684e-01 3.416458350856377280e-01 8.323800238063823187e-01
-4.812557150168150777e-01 -1.521252542809616859e-01 4.939569605545404141e-01
2.257993155099979887e-02 -3.176963949310325219e-01 -4.046975351118411446e-01
-2.277556396466613453e-01 -2.374212198379532790e-01 -4.140585633056539372e-01
-1.556525926355947220e-01 -3.548603414947171242e-01 -2.087721804164842654e-01
-8.454452318570676583e-02 -3.096456899412818320e-01 -4.034863064886364814e-01
2.748971278281382713e-02 -3.873370264966580212e-01 5.763971100681912763e-01
-4.786469068807961413e-01 1.643780445196354467e-01 -9.193902459584868403e-01
-3.819342314184783760e-01 1.007690755551455819e-01 -1.038010132407662045e+00
-1.455356041442721349e-01 -4.185662133639267424e-02 -1.241755423496581301e+00
-6.512757304357479349e-01 4.828853279474931703e-01 -6.790940606812636560e-01
-2.090173413189371221e-01 -1.941386061857468537e-01 5.416211137154103294e-01
-9.561976558496304568e-02 -3.936279995851010849e-01 2.243538411026120283e-01
1.653362667146164589e-02 -6.250055324743764018e-02 -1.263114146836016971e+00
-2.587961963049718594e-01 1.155544104608217104e-01 -1.229938293479890810e+00
-7.743538794771884781e-01 3.688741404055120299e-01 -1.473354785707494674e-01
-1.392934036048905089e-01 -1.968959673514645292e-01 -6.580334599279260566e-01
-1.544269664253876684e-01 -2.040663537689488827e-01 -6.908501639902584479e-01
-1.669122581613649015e-01 -2.131687014420624582e-01 -7.329078080124538097e-01
-1.741014691128485170e-01 -1.985836043677955409e-01 -7.813110035003667520e-01
-1.838636421613486505e-01 -1.335915669964887753e-01 -8.665153743605347181e-01
-2.612225414546983648e-01 -1.173462074447662040e-01 -6.064285282347641193e-01
-2.777740718405594667e-01 -1.176622652523259260e-01 -5.978581327716656624e-01
-2.914902643952504979e-01 -1.184293496955136638e-01 -5.888773421162611932e-01
-3.857436781660110725e-01 -1.116558079992511776e-01 -5.087875223054794116e-01
-6.316764410165616184e-01 -6.727821605081896195e-03 -2.264603746042384014e-01
-9.403329729541021198e-02 -3.395290378807918064e-01 3.484593446716794940e-01
-1.318729840707371093e-01 -2.390141077523812996e-01 5.902209928804491579e-01
-1.785797418753691801e-01 -2.114506174558028473e-01 5.847245792154607269e-01
-2.442367071080542296e-01 -1.114304135231777848e-01 -6.143270465750614306e-01
-6.366251836985563628e-01 1.363099273974694992e-01 -4.698203534256710778e-01
-7.018609279784987498e-02 -3.350802513609789646e-01 5.744010135669268546e-01
-2.245610011290433139e-01 -7.721787851743933118e-02 -9.590294988336864890e-01
2.537230944959664725e-02 -5.246193176355906651e-01 1.614331012651459840e-01
-4.317963237851785152e-02 -4.513684648182156867e-01 2.708085586940229827e-01
2.646108837849081574e-02 -4.720633069548010319e-01 2.869262539020354108e-01
-1.493559059652300736e-01 -3.688172136917000632e-01 5.273401400862032240e-02
1.441918451011875435e-02 -1.170844047137866717e-01 -1.162503415007296148e+00
1.534040723367229714e-02 -1.355061259091465686e-01 -1.040933340815858088e+00
-1.084162759822548394e-01 -1.167592294810365638e-01 -1.027401618234280889e+00
-4.038038171094719964e-01 -1.304900814862261504e-02 -7.422179804458375330e-01
-3.030211302704479692e-01 -1.932047371903027333e-01 -2.055874177616627829e-01
-3.183725034984425939e-01 -4.050257734181972324e-02 -8.658235141428378689e-01
-4.738999573819420164e-01 -1.638292606866795786e-01 -1.673127002783498796e-01
-3.753317655826418076e-01 -1.656596297225154668e-01 -3.036519899452150284e-01
-5.371340493767036151e-01 -8.148343234869248608e-02 -3.274434280812676956e-01
-1.348279936493890219e-01 -9.402888814472087908e-02 -1.143269159270151825e+00
-1.940858176571235161e-01 -3.069007943475499101e-01 1.043030349424212133e-03
-4.583840801372280893e-01 6.600210068579748235e-02 -8.106190157272865626e-01
-3.595103568036157604e-01 2.898017381801354375e-02 -9.351017541655326504e-01
-4.726162680695873419e-01 -1.676663150454321682e-02 -6.017415741217115865e-01
-7.024063266354048096e-01 1.847838046400485101e-01 -3.218695272680267561e-01
-5.507239241951116249e-01 5.318195168692274599e-02 -6.089447673206835887e-01
-7.349495407134658542e-01 3.654531521997981258e-01 -3.771514843347958390e-01
-4.409139455669535135e-01 -1.067819573089073826e-01 -4.272434312582857885e-01
-1.429355078254328504e-01 -3.322491182867040038e-01 1.620784166295068385e-01
-1.452215084034502723e-01 -4.498115818777943531e-01 -1.870863395716600985e-01
-1.892430601453698458e-01 -3.631110818995393341e-01 -1.985667889288519339e-01
-1.137236047843691034e-01 -5.110193602102413024e-01 -1.241811444291978095e-01
-1.939914370911579589e-01 -2.745683440150310517e-01 7.096638416340370625e-01
-3.211249517258107922e-01 -2.932438785434170470e-01 7.961136782446134319e-01
-4.306783071090443116e-01 -2.874876754299824366e-01 8.138811115923285655e-01
-5.196847701881837089e-01 -2.536247658803811866e-01 7.933280953285972714e-01
-5.796350785657522486e-01 -2.020854533888554183e-01 7.453460677198160411e-01
-6.168441952766463565e-01 -6.475637912415566078e-02 5.563329795768507946e-01
-8.192333911975939742e-01 3.030534244291351875e-01 3.260773813456834258e-01
-5.663265493064901790e-01 -1.035513795269545900e-01 3.721521811284194126e-01
-4.927143922807695198e-01 -1.447123430828295421e-01 3.233532159719996191e-01
-3.929697310691788736e-01 -1.765931187948082126e-01 3.093105248692997744e-01
-2.962895212679141910e-01 -1.959168432225590895e-01 3.278858557886470404e-01
-2.195577998335804804e-01 -2.022455046588327310e-01 3.625568187245125085e-01
-1.663305497412640443e-01 -2.119958564163197945e-01 3.956317754220781691e-01
-8.240304577980182010e-01 5.755844683761268676e-01 3.700776795469227221e-01
-1.888483709752156736e-01 -3.229955728216433730e-01 -2.214189637730289428e-01
-9.645038199282424118e-02 -4.385434962251866242e-01 1.131176428405666901e-01
-9.380490484291431619e-02 -5.063877751728602661e-01 -2.066381977871142306e-01
-5.564811427093946383e-02 -4.698154730600099249e-01 -2.568010797584132643e-01
-9.402046835215149834e-02 -4.686279645390922788e-01 -2.186349662132304195e-01
-1.692615169749096538e-01 -2.940710338656882250e-01 -2.505038631299774110e-01
-4.015312455808539571e-02 -4.884198020045149580e-01 -2.707290946577689539e-01
-2.930461279646486006e-02 -3.984409692654424795e-01 -2.836267884013690121e-01
-1.597148961497117936e-01 -1.879364242896504056e-01 4.929315537622278587e-01
-1.242928959866124727e-01 -2.282931213418677441e-01 4.576715273591795974e-01
-1.038624592209243525e-01 -2.770473997834423940e-01 4.321072100656724313e-01
-5.199021702058956862e-01 -1.493620454041892920e-01 5.982663389287166122e-01
-5.676510356697037629e-01 -1.504245942011717130e-01 6.548793274112938434e-01
8.955832056778290085e-02 -4.970509299830794259e-01 1.463835461392923865e-01
5.440427990744072240e-01 -1.457692137859768478e-01 4.874588496074492294e-01
1.018914275237253753e-01 -4.054577558767928913e-01 -2.728500153621736812e-01
8.004228599882781126e-01 1.402243599715111699e-01 9.276261365547000537e-01
3.319877840179428219e-01 -2.051407647053580252e-01 3.758127396209578475e-01
4.053851671443502447e-01 -1.996496221097638912e-01 3.623902427613800992e-01
4.752158556282299884e-01 -1.810423311716586880e-01 3.671471462867585966e-01
5.677285416505530868e-01 -1.297454023107194043e-01 4.467603835810904922e-01
2.712763449058203102e-01 -1.994474819692337864e-01 4.088560960714990866e-01
4.446307322092084569e-01 -2.724022931692804406e-01 7.349508736570502521e-01
3.579676894319940850e-01 -2.697139996430450992e-01 7.221167356317508279e-01
5.228075088689783101e-01 -2.482430685434589002e-01 7.130593395589821526e-01
5.710666220400444359e-01 -2.148236181223801555e-01 6.632042041566128532e-01
6.221598847727354276e-01 -8.488798984038403717e-02 3.762376799146041062e-01
2.905839920063859605e-01 -4.360287914233473838e-02 -1.067008227736613080e+00
5.704174029861719397e-01 -1.269818562971255504e-01 5.319058892364372237e-01
8.405339085059537751e-01 2.313815785311328366e-01 4.681574526698846217e-01
6.997844668070403173e-01 -2.261752059922850222e-02 4.674085742333551341e-01
3.905090581295587171e-01 -2.216142989563998356e-01 -8.715232685316931516e-02
6.532831215016626780e-02 -2.938212014103589453e-01 -5.851944300978202396e-01
6.015307133266689643e-02 -2.433291290857373390e-01 -6.629355661227671614e-01
1.568894368118027849e-01 -2.490486704594422340e-01 -6.057464767402771511e-01
2.258630585440464245e-01 -1.908070095325665738e-01 -6.187297595261038730e-01
1.344065099230506988e-01 -2.171859254910736281e-01 -6.566809005980687175e-01
1.996237946479393344e-01 -1.689711312475301597e-01 -6.468023723399587421e-01
3.851969244423540939e-01 -6.940734125258318787e-02 -7.154177105247145896e-01
8.795234270269347565e-02 -5.443267250877474872e-01 -2.362653470915783149e-01
9.752437569769306647e-02 -5.811430383360129959e-01 -1.307545671978513901e-01
6.597723590744415390e-01 -2.054070318181384636e-01 7.459330635781258323e-01
2.429788900048802658e-01 -2.624375223933448353e-01 1.931302476968033144e-01
2.591723345334617790e-01 -3.675868681029175189e-01 -1.779759804754665886e-01
2.635543857066687812e-01 -3.529840619609998509e-01 -1.141097259487360294e-01
6.029527387090367618e-01 -1.299686223746123748e-01 -6.370202207046227194e-02
9.375951558031986321e-02 -5.533634610809219367e-01 1.578948418569214862e-02
5.040267876522968038e-01 -3.449343702833027603e-01 8.568246436235913421e-01
5.983203368298308789e-01 -2.835508045574917091e-01 8.229335049870520891e-01
7.298201636713415041e-01 -2.717679627392133312e-02 1.096298598354214171e+00
1.882208613027032129e-01 -3.891503257629020940e-01 7.456492697601841968e-01
2.845184582112547655e-01 -2.402773771664350466e-01 6.681033802425213608e-01
4.471250613515072025e-01 -5.748042177574519407e-02 -6.024183340231048511e-01
7.692420335497800465e-01 5.540435547700228724e-01 -4.944872706165248655e-01
2.061492390054443513e-01 -3.330362647414266686e-01 -2.365303434430737761e-01
1.498117636179953083e-01 -3.365532215693223250e-01 -2.689435702886121549e-01
3.376219671078826146e-01 -5.837915349625222294e-02 -6.151989687326064882e-01
3.160718755463695073e-01 -8.159977754765374014e-02 -6.207798911382238494e-01
6.328714668403345733e-01 -2.578193867248996796e-01 8.900713658815933016e-01
2.618588536553736468e-01 -3.216823571694937822e-01 -2.185106004011461156e-01
3.730616243215352235e-01 -3.841737959092017540e-01 8.401947057292487031e-01
3.847498385287742018e-01 -4.107578505073092856e-01 9.199969863478960619e-01
4.436227995773025512e-01 -3.333161385825815781e-01 1.313834543083599371e+00
6.821117546261086240e-01 -1.579657061116748196e-01 9.790414181840150221e-01
4.049190666166602171e-01 -3.735965007608030852e-01 1.110747012597105510e+00
6.993689013144828159e-01 -1.487795182925932824e-01 7.919633518880315748e-01
7.550153565173798320e-01 -1.040716649033907037e-02 8.424910054985721430e-01
6.324842598484203826e-02 -2.757117207514470092e-01 -6.316973111780030958e-01
1.455512069523001717e-01 -2.357567978133700004e-01 -6.345773245547985386e-01
2.124313267979068831e-01 -1.860206217796940287e-01 -6.345566716025718978e-01
1.896960712691989626e-01 -3.153511373856392463e-01 -2.534010299365179186e-01
3.268212178709334337e-01 -7.098612110950763832e-02 -6.180182551213206921e-01
2.697128537617161648e-01 -1.220102198662001980e-01 -6.661382302888583240e-01
3.047728912782811106e-01 -8.428488742577461279e-02 -6.230020502581266051e-01
1.695144343950455434e-01 -4.368304255606747510e-01 -2.180311425998553432e-01
1.893621467252004642e-01 -1.541692294969342347e-01 -6.549427725773335762e-01
1.276579639905344177e-01 -1.840419413193605802e-01 -6.672102228060683426e-01
5.829374212952875833e-02 -2.062755062898010694e-01 -6.780006548265904431e-01
1.120023966641224833e-01 -1.549890705223953002e-01 -9.262498486914232387e-01
7.071719104199913897e-02 -2.275560622999313054e-01 -8.321367835642368149e-01
6.627543105897437670e-02 -2.393010302647251564e-01 -7.757377445253901271e-01
6.287248630072728162e-02 -2.263811096338077533e-01 -7.199507600815189257e-01
5.660563380153166291e-02 -2.213137473380735187e-01 -6.754339677574527911e-01
1.834857127836214685e-01 -1.604731212219636660e-01 -6.573251213326907205e-01
1.964271369413450596e-01 -1.705860854022325235e-01 -6.786193872158645668e-01
2.083951767969610680e-01 -1.794922917407952845e-01 -7.064406415622794810e-01
2.210900330088548804e-01 -1.633152579269319116e-01 -7.367063167922864864e-01
3.387920647399274010e-01 -1.926745002820934305e-01 -4.718966362911827250e-01
8.483999848242578246e-01 5.880324115385042738e-01 4.620105257244211394e-02
2.388164575575544291e-01 -1.177643363860659820e-01 -6.456037207519034204e-01
2.530711129462955844e-01 -1.245339818826609601e-01 -6.558622025086120466e-01
1.253181399790810890e-01 -3.324448422745160947e-01 -3.110027132639464620e-01
2.383994688261344974e-01 -2.624768242960459075e-01 -2.739936888047257435e-01
1.372866219923517539e-01 -3.363591919821502518e-01 -2.909128833628912281e-01
3.180401143213655857e-01 -2.293223823137418016e-01 1.314190914447925795e-01
4.364300742116702381e-01 -2.007395677095007436e-01 5.706143127270757454e-02
2.762420508931474616e-01 -3.054799223414852438e-01 -1.559600614167662158e-01
6.179798850198423565e-01 -1.951248555968199128e-01 1.227379034636058464e+00
5.719502044169613164e-01 -2.769374576915599739e-01 1.072295592285031240e+00
5.278045153485715346e-01 -3.436406875791446769e-01 9.366691474189074995e-01
2.942398762857569849e-01 -1.049416003561383093e-01 -8.093634695730869133e-01
2.121875985475143445e-01 -4.372901279872578595e-01 8.795216881106977524e-01
2.275580920949120678e-01 -4.248079743095238836e-01 1.115242501438712175e+00
2.523780161705789782e-01 -4.111195095965196611e-01 1.358061783774695996e+00
5.341284923574312060e-01 -1.531747789502098112e-01 3.934802931891885347e-01
6.976588723798649028e-01 -3.613962699066419759e-02 3.040748070458130226e-01
2.314567245542319407e-01 -1.908936465351513956e-01 4.408237419228802079e-01
6.335229571317411157e-01 -1.468708428824050394e-01 6.089658566911753113e-01
1.930614717852254802e-01 -2.972553808617530713e-01 2.618133939325486548e-01
2.150975506618379995e-01 -4.451368632984360474e-01 -1.495774226009725094e-01
7.841451844864613108e-01 5.354830780826302927e-02 2.343331936589716502e-01
6.499710464247843156e-01 -9.137373137517190713e-02 2.195522243808898377e-01
5.585306684232227425e-01 -1.531330804486081831e-01 1.732082689304650369e-01
4.212684280531453496e-01 -1.851862395406123074e-01 1.925499102635599424e-01
3.201187934982283601e-01 -2.059907753524747864e-01 2.384352366342212814e-01
2.449721848456974937e-01 -2.314035811447439084e-01 2.872945937880946321e-01
9.781486342948891854e-02 -3.925522137318655513e-01 3.973425059308890450e-01
7.726823906044764101e-01 6.359425567044008076e-02 5.358120962756118821e-03
6.847725093972436561e-01 -1.141238562118362942e-01 6.213748968814201135e-01
6.333371101160284455e-02 -5.003518662731276656e-01 -2.838220513440612436e-01
2.388183554674156994e-01 -2.799146597297432759e-01 7.662984114276527592e-02
8.621851900609778241e-01 4.705127298158053861e-01 5.147007561713532464e-01
1.894144676030173891e-01 -2.483404478527311277e-01 3.428191363605701536e-01
2.850175449153181662e-01 -2.317755672671168998e-01 -1.505261256165608685e-01
5.967604225009788266e-01 -1.126823399672467474e-01 5.269230459342193473e-01
2.174765477704486694e-01 -4.265671542439020136e-01 -7.111362812563792879e-02
8.206422682304319594e-01 5.885111458249774330e-01 -2.150140826824618046e-01
2.314796853461776882e-01 -1.765462390325820419e-01 4.852414823468620408e-01
1.569407746863500375e-01 -5.055269400435342675e-01 -1.703137885310568311e-02
6.088253637812441887e-01 1.982940836708895205e-01 -8.046684196624589447e-01
6.094857405472016154e-01 3.447062883515634724e-01 -9.002319675648973174e-01
8.437328755964847993e-01 3.276038304089947673e-01 1.964980971261831577e-02
6.996648719556382012e-01 2.719271076914542284e-01 -6.511559936319999409e-01
8.014349092382144768e-01 1.296588725281064836e-01 6.731632130480829090e-01
3.082698182592826797e-01 1.271406955128701055e-02 -1.165863459543195368e+00
6.040741458206494441e-02 -3.996460566686337312e-01 -2.952217713763741758e-01
3.032225606492486847e-01 -2.441730463705347187e-01 -1.695767637757361612e-03
7.568264555222627976e-01 5.336261939815423183e-02 4.517079831645840482e-01
4.723999469430504305e-01 -1.822432480177855751e-01 4.344775324336287436e-01
4.093149758876335476e-01 -1.976966772232624514e-01 4.255338496373075596e-01
2.872898913500354645e-01 -1.065241043588005532e-01 -6.776856032754805526e-01
7.570721750329774125e-01 1.161003138671812263e-01 -2.044901261280267502e-01
1.782024325400257680e-01 5.381344530696186013e-02 -1.298627188269701804e+00
4.025805436706679785e-01 1.811653683674483428e-01 -1.146895603331945956e+00
4.993482512606806090e-01 2.541887425505540143e-01 -1.046833181794107670e+00
3.467619712483940297e-01 -2.007823663417829252e-01 4.371503991096028496e-01
2.881098703060084310e-01 -1.912032800895975271e-01 4.602963578002199352e-01
2.503422775783442633e-01 -1.764844897621251629e-01 4.733391914822309143e-01
7.314384204143493662e-01 -4.187626634065377829e-02 6.439439693620832017e-01
2.994959212010031013e-01 -2.158423746206592497e-01 5.778409176935441760e-01
3.638315279116905998e-01 -2.342246710905480089e-01 6.194918782213232333e-01
4.303189547454544517e-01 -2.336034521368999251e-01 6.287215667440531064e-01
4.946137856447885284e-01 -2.156003813590239293e-01 6.090239591312771594e-01
5.328380035810553750e-01 -1.892933467638970857e-01 5.760522534420864371e-01
8.441881167697151689e-01 3.186245321293448285e-01 7.465490270583012844e-01
5.151581937828297875e-01 -1.624251035693420331e-01 4.582050287578389725e-01
2.647272471124003657e-01 -2.431902008039522611e-01 -4.290466040034570661e-01
2.053651913641909577e-01 -3.629453637695099211e-01 -2.238716892678734860e-01
1.258960303266131731e-01 -3.137581800999036385e-01 -4.117041297650521070e-01
5.100253514114032605e-01 1.439956985762225194e-01 -9.468505220942065037e-01
4.134001758112773039e-01 8.250849440893714970e-02 -1.056811768539485996e+00
1.759095472732332688e-01 -4.929728165264402051e-02 -1.246978792650410561e+00
6.963475166086450230e-01 4.602115319801391990e-01 -7.262152838477726746e-01
2.528878025327129242e-01 -1.919689355551763565e-01 5.212010010808458826e-01
1.452082358591106903e-01 -3.953636864062364253e-01 2.133173617802699429e-01
2.987578044905245811e-01 1.039852844439739243e-01 -1.235575363087047407e+00
8.173772932990677198e-01 3.470085108082123782e-01 -2.167698557605388654e-01
1.236134785885591447e-01 -1.941058791087491020e-01 -6.649013593478558803e-01
1.354130369839907644e-01 -2.030127771417875593e-01 -6.992995476387173781e-01
1.433446279071409757e-01 -2.127121811751830904e-01 -7.432251560889495678e-01
1.518621780724324077e-01 -1.986549920834570493e-01 -7.928569234641562602e-01
2.087334203855992776e-01 -1.370803777479110419e-01 -8.785838624472837033e-01
2.583977749082969622e-01 -1.220815885564220382e-01 -6.284049805806914968e-01
2.748072052659381592e-01 -1.216819841035275407e-01 -6.198037221871413038e-01
2.884814784876388316e-01 -1.227209899298187246e-01 -6.114708794839929240e-01
4.050947360122814089e-01 -1.246603903451940498e-01 -5.277051357295361456e-01
6.565264990803143519e-01 -2.301951095598570030e-02 -2.812828552800539228e-01
1.448551293987394573e-01 -3.403428151916232380e-01 3.369066415101247269e-01
1.817724808067248121e-01 -2.412391752859306404e-01 5.716588346693363132e-01
2.229369221950737723e-01 -2.099122089073512942e-01 5.640997658944966187e-01
2.430889904755575426e-01 -1.131906976375085527e-01 -6.349600769850320958e-01
6.658570385910582701e-01 1.186810152615238589e-01 -5.168006667904418983e-01
1.175281494544367922e-01 -3.353917657840079780e-01 5.630505114406207934e-01
2.516741876345425233e-01 -8.695801780188450181e-02 -9.737854851605778350e-01
9.433618811342714405e-02 -4.531518121394795262e-01 2.645631523086067194e-01
1.958050202620937874e-01 -3.736763844434458637e-01 3.689387358183571219e-02
1.373639559411950484e-01 -1.237749717252409898e-01 -1.034701574266624569e+00
4.440640858032605109e-01 -2.568638376549531310e-02 -7.623645777892393838e-01
3.431332434307177159e-01 -2.043450153424530846e-01 -2.335581338504784110e-01
3.463658426390341383e-01 -5.405524360291558139e-02 -8.883832933436854873e-01
5.010019848366225048e-01 -1.784851057145506736e-01 -2.111735197858419788e-01
4.047992185706594803e-01 -1.756816379944046158e-01 -3.347417584968708226e-01
5.593276229266410660e-01 -9.303859102606781839e-02 -3.663756500849719711e-01
1.632407988653318265e-01 -1.008448955988977547e-01 -1.150607619027755213e+00
2.392874547384123973e-01 -3.130497441139421522e-01 -1.743393004572924010e-02
4.909198184929559616e-01 4.797674464589996024e-02 -8.407734164670936927e-01
3.905080972141674600e-01 1.175161303422081471e-02 -9.585610080793496302e-01
5.069703062899892920e-01 -2.673140328731848925e-02 -6.209150445912205996e-01
7.354878739867394266e-01 1.645075052534186177e-01 -3.813081493171017744e-01
5.806589681764884325e-01 3.983089992864019546e-02 -6.384734368847282404e-01
7.768440075285782953e-01 3.452729228051065746e-01 -4.389579970751500415e-01
4.655466989665568711e-01 -1.162917251858952561e-01 -4.515377951232366627e-01
1.906760335889206015e-01 -3.336802108616718776e-01 1.467904328831506344e-01
1.911293938935680892e-01 -4.547702547032912435e-01 -2.016695915066522016e-01
2.357512443621619935e-01 -3.723783752785640999e-01 -2.160889835770569700e-01
1.614144206107347435e-01 -5.165779301701274306e-01 -1.367549026859098404e-01
2.417543558372079460e-01 -2.785824724517658169e-01 6.838705473230541898e-01
3.635535852184617056e-01 -3.040805916039075463e-01 7.628383201740298603e-01
4.695055386106004036e-01 -3.016750316625744777e-01 7.752470468643242185e-01
5.538320457746648273e-01 -2.695588457290005735e-01 7.499072724853528271e-01
6.086362267332954268e-01 -2.188888848917174279e-01 6.964617274839666194e-01
6.392405846951834114e-01 -7.991026321954408651e-02 4.953504237756589657e-01
8.525530846076070368e-01 2.836604627446823734e-01 2.461254589357391165e-01
5.847017126709985746e-01 -1.162359749939536613e-01 3.233584498873340873e-01
5.112254750164559880e-01 -1.556188434653622554e-01 2.850435894968510464e-01
4.152237422848004122e-01 -1.838836493267503869e-01 2.851342569623616097e-01
3.239505841466829850e-01 -1.999306877546020988e-01 3.125084710377323827e-01
2.543199242621884126e-01 -2.056569034349700065e-01 3.502293070366275796e-01
2.063429946106842827e-01 -2.134981026046589569e-01 3.864392991404164146e-01
8.580479889403669347e-01 5.546183198184824192e-01 2.866045189101031898e-01
2.348625219831421695e-01 -3.326181784619517412e-01 -2.381357277971783981e-01
1.462293878032264738e-01 -4.399499245800582159e-01 1.022317924312312609e-01
1.407275011894537076e-01 -5.114571038375463896e-01 -2.170490464078721482e-01
1.023327718697226718e-01 -4.747763365522248424e-01 -2.637296530253300242e-01
1.406542626510023375e-01 -4.732996754414993124e-01 -2.293526436504387256e-01
2.156346888493175795e-01 -3.044029886676578034e-01 -2.653112815806929481e-01
8.723681415925277349e-02 -4.923309216901501362e-01 -2.762567510104902979e-01
8.449600197885820396e-02 -4.023047644502271147e-01 -2.882854396018711407e-01
2.061406060535488916e-01 -1.874952009105754769e-01 4.803990857314806018e-01
1.688491747260888465e-01 -2.290398971454448152e-01 4.491595311244311883e-01
1.462185284487668158e-01 -2.786546907077311896e-01 4.260376132446370701e-01
5.539348192730804143e-01 -1.620867246648556304e-01 5.514942446442596680e-01
5.986106293771511488e-01 -1.666094328687843795e-01 6.050914476388866703e-01
-3.842459077009077184e-01 -1.825446838242572589e-01 5.726918110477974277e-01
-3.082784773523812305e-01 -1.896238473131872659e-01 5.708607108332814928e-01
-3.833046926715644176e-01 -1.923642373503597902e-01 6.851433984470567395e-01
-4.612392276530936641e-01 -1.754036291125244951e-01 5.762129705941709812e-01
-3.858709071803447799e-01 -1.727281112974181632e-01 4.624607015206148031e-01
4.161654541473542857e-01 -1.900870023297003275e-01 5.368794996112911111e-01
4.905338622957393646e-01 -1.968254801885234162e-01 5.326121895552871077e-01
4.150926492933821876e-01 -2.000738821835064130e-01 6.472275736518477984e-01
3.412061693592525202e-01 -1.833781570230792468e-01 5.422698084862618284e-01
4.175187568367810798e-01 -1.801194279949336341e-01 4.264209111173042910e-01
