-1.992757024075058822e-02 -2.596443059575450629e-01 -5.112297943860690808e-01
2.219374399468709846e-02 -4.690923378821950651e-01 -2.036914739752749004e-01
2.347380111377193185e-02 -2.972489322461873140e-01 -2.691756557393741867e-01
-3.305587598615327555e-02 -4.253739538580523227e-01 1.299274591884662933e-01
2.199354555018515414e-02 -5.027163140146022613e-01 -1.101621986883689897e-01
2.096481425782595331e-02 -4.935774065477813166e-01 2.268276816940517984e-02
2.317530540365489444e-02 -3.628272915455360570e-01 3.609416352309451348e-01
-4.351366196445787260e-01 -1.147617755940151946e-01 4.541997618476844578e-01
2.363584185532143639e-02 -3.472623413338818965e-01 6.180184202151337569e-01
2.266300212422591581e-02 -3.747449684417633042e-01 7.420354226571340694e-01
2.128232391596151032e-02 -3.632250258479488014e-01 1.178223361962225102e+00
-1.893902857182291205e-02 -2.461220742988658450e-01 -5.396942157205082413e-01
-1.678521700798578375e-02 -2.215015243721370208e-01 -5.639732298128564691e-01
-1.304815446304072833e-02 -1.886586780849444367e-01 -5.772992925487558935e-01
-1.357280313393212021e-02 -1.973259312094011730e-01 -5.973821117484965360e-01
-1.428248575679060342e-02 -2.007483764587988107e-01 -6.372161724302651820e-01
-1.619876842070697848e-02 -2.098695834224522938e-01 -6.838519384239767351e-01
-1.596502318350474792e-02 -1.983306780070475117e-01 -7.292075102006806420e-01
1.375715142129592394e-02 -1.346694022927334422e-01 -8.002818431553477829e-01
2.113662884655179153e-02 -4.306642008089779372e-01 -2.451689164958361367e-01
-4.089163017488856716e-02 -3.424593627002012752e-01 -2.269993877066313892e-01
-6.751083426734618698e-01 1.395761571660316114e-01 8.651030574721974009e-01
-2.585130354207301751e-01 -1.727559306644161075e-01 3.496043628058177477e-01
-3.247153456800027649e-01 -1.656932642242120168e-01 3.431389827658202218e-01
-3.863601572955162600e-01 -1.474149941475629833e-01 3.549194218489166719e-01
-4.616984621063648375e-01 -1.012836408981746539e-01 4.282929726731493636e-01
-2.001758087230612049e-01 -1.683256596625563595e-01 3.737313356070435799e-01
-3.519298632138744831e-01 -2.248082696351664522e-01 6.442855109833143246e-01
-2.763231454003448606e-01 -2.241326250126592368e-01 6.299753539035815031e-01
-4.188107006680321653e-01 -2.007507453695455413e-01 6.294291784946945967e-01
-4.611947098261804934e-01 -1.698982697804574671e-01 5.928158655077488959e-01
-5.172665077206424211e-01 -6.020184869227889618e-02 3.745653741375192802e-01
-2.230459943558324998e-01 -2.628301854606559379e-02 -9.021828265548330616e-01
-4.563082945026720738e-01 -9.807880480505476450e-02 4.914896655725574104e-01
-6.964929030873781013e-01 2.160496493221552572e-01 4.696456219600225190e-01
-5.879431164819883815e-01 -3.950372149141080300e-03 4.587473014892951562e-01
-3.024764514990179731e-01 -1.810687839163389878e-01 -4.526278867763330882e-02
-9.246938213307018262e-02 -2.552919033114907088e-01 -4.870794747088760257e-01
-8.043739797753049481e-02 -2.136659577794325637e-01 -5.543783325035221976e-01
-1.586812599239088573e-01 -2.153591155641302879e-01 -5.001083100020609074e-01
-2.079796953746319288e-01 -1.634279958244784781e-01 -5.071274202006624821e-01
-1.351176459645637429e-01 -1.890211533823328571e-01 -5.451003377278946793e-01
-1.815116185767561285e-01 -1.440875518773694353e-01 -5.327909031132520568e-01
-2.935658304011923847e-01 -5.220125669201686192e-02 -6.070593829969644917e-01
-3.279352032376761650e-02 -4.621475428422639475e-01 -1.969501507065690993e-01
-4.248191041896116904e-02 -4.933146676612546466e-01 -1.058498558214053253e-01
-5.472217750713994633e-01 -1.607079311538417155e-01 6.806255259154987414e-01
-1.698765291161548618e-01 -2.224174641049553314e-01 1.824619148115857459e-01
-1.821716409366811451e-01 -3.073723724130646984e-01 -1.358723936001874633e-01
-1.872599425266759099e-01 -2.949676235404528057e-01 -8.069130240230029671e-02
-4.924165491369095760e-01 -9.977914264038917347e-02 -7.650168971984384197e-03
-3.834866968179312385e-02 -4.724568290779442292e-01 1.848995373269212913e-02
-3.997866332600585326e-01 -2.806118365841501205e-01 7.663389668894899920e-01
-4.869751627734920096e-01 -2.270559782039663355e-01 7.412082126764070189e-01
-6.106499583599376280e-01 -3.975339410321038040e-03 1.004851074310589620e+00
-1.158533602392164824e-01 -3.291489543972474507e-01 6.558116749471424312e-01
-2.093557397462494640e-01 -2.022343295152709552e-01 5.832508688306259348e-01
-3.537175993528485773e-01 -4.020320744916125455e-02 -5.063620292015131863e-01
-6.164032087117743419e-01 4.932909990613413287e-01 -3.717799544938791279e-01
-1.335993470293366514e-01 -2.774208377590274832e-01 -1.897072495899005673e-01
-8.322418925793417799e-02 -2.788374456080484620e-01 -2.203365973940666356e-01
-2.643602301559822565e-01 -5.044444324721646805e-02 -5.197233596471709793e-01
-2.487126367572861652e-01 -6.851554642641227710e-02 -5.261449097321460044e-01
-5.190723331153472841e-01 -2.044543653892432200e-01 8.071283976939310767e-01
-1.860726261356619726e-01 -2.669647706234848927e-01 -1.704072320635713900e-01
-2.797040690280560016e-01 -3.161863905283405218e-01 7.471514727991243054e-01
-2.896061602890702691e-01 -3.382481733938551560e-01 8.207477912806260267e-01
-3.507470982529308778e-01 -2.720398552468896725e-01 1.166696228108899724e+00
-5.638555527779033349e-01 -1.189607125768335355e-01 8.936217114355549107e-01
-3.125109590322117659e-01 -3.085147124018589038e-01 9.852972227695244722e-01
-5.823400026367384630e-01 -1.121499071052880492e-01 7.340647155750316122e-01
-6.279172951322316010e-01 7.366415099041604200e-03 7.825076468014449116e-01
-8.847161228381392184e-02 -2.408651114035587626e-01 -5.268601841585014434e-01
-1.474323479314947893e-01 -2.044884767412771531e-01 -5.251823503061400222e-01
-1.955564952622834696e-01 -1.586482591615373805e-01 -5.212864515956427969e-01
-1.190017722291213803e-01 -2.614371619061655050e-01 -2.053104279366277374e-01
-2.563753020352343981e-01 -5.962215672289306739e-02 -5.229417763829410370e-01
-2.216572684932705817e-01 -1.025336005139373535e-01 -5.620460768098094473e-01
-2.395399501216523286e-01 -7.162389339859773218e-02 -5.289945632925824315e-01
-1.040880121217264975e-01 -3.710138330427740216e-01 -1.754073293402862721e-01
-1.704541543947905025e-01 -1.318821492596824740e-01 -5.415985721119181973e-01
-1.240184172433228260e-01 -1.607703832550881617e-01 -5.555895204586944747e-01
-7.178179636621528914e-02 -1.830491160572049469e-01 -5.688834531715833975e-01
-7.174589449818938314e-02 -1.286962409513082439e-01 -7.925421822164195884e-01
-8.979515297987292199e-02 -1.936648388337748883e-01 -7.166014426495751488e-01
-8.695238660905638128e-02 -2.049568835842052184e-01 -6.708635608479512902e-01
-7.948632739850845785e-02 -1.945685752695985316e-01 -6.246250706442590950e-01
-7.136145221864528820e-02 -1.910473362815940102e-01 -5.875763742483045560e-01
-1.621254884347095582e-01 -1.377084524401452903e-01 -5.613351348937436480e-01
-1.745071103379087218e-01 -1.445195686386266665e-01 -5.782850628709259588e-01
-1.868490179591872913e-01 -1.516113397051821465e-01 -6.004704260625132184e-01
-1.952558390497774465e-01 -1.378020257105011526e-01 -6.246157686669175924e-01
-2.658720199217205482e-01 -1.574691615894044938e-01 -3.859707077709217948e-01
-6.894572417989246471e-01 5.237737176350631962e-01 1.070482934549982501e-01
2.453359946250121063e-02 -3.442159866576105509e-01 -2.545413117309532902e-01
-1.967788461826386059e-01 -1.015927649615130379e-01 -5.465302585678087910e-01
-2.092230684504094163e-01 -1.053133533099063490e-01 -5.539142017910412275e-01
-6.260667166672531647e-02 -2.791908207141432507e-01 -2.578611007184055670e-01
-1.636919944566824214e-01 -2.143145426719433033e-01 -2.194098629455164540e-01
-7.257091457464331929e-02 -2.802122824928667266e-01 -2.395331590849323622e-01
-2.370618117277170367e-01 -1.928580194559814387e-01 1.358876636473748123e-01
-3.427069666908222900e-01 -1.644173466611622836e-01 8.261038313036243863e-02
-1.978593887316328903e-01 -2.536037415754015534e-01 -1.155202792918396948e-01
-5.082833198479610459e-01 -1.484072665886296272e-01 1.108666222940978052e+00
-4.635077465879232084e-01 -2.213769465051431684e-01 9.659625634464561461e-01
-4.201346206468903333e-01 -2.788831124148366536e-01 8.409384205584928829e-01
-2.263466942728782627e-01 -8.399494381439012725e-02 -6.844605185544674342e-01
-1.340696701811747160e-01 -3.682186425210471348e-01 7.799243181063539865e-01
-1.559230734066359703e-01 -3.568322995712304713e-01 9.731365882090476926e-01
-1.804923452979314558e-01 -3.426817821110997864e-01 1.185453096228877623e+00
-4.358969512092612519e-01 -1.217921572235870636e-01 3.825432268754733744e-01
-5.894887821338732348e-01 -1.457624363924976685e-02 3.161966767602994999e-01
-1.613690415429910041e-01 -1.635865589589910185e-01 3.974333426660593416e-01
-5.202295493821628147e-01 -1.119015586143872754e-01 5.583970036165686324e-01
-1.248929099876021354e-01 -2.534355814057363543e-01 2.371090674669057985e-01
-1.444110958154445901e-01 -3.749474767370259420e-01 -1.132914585760579074e-01
-6.470578791500057880e-01 6.281697232616702264e-02 2.636650418602760615e-01
-5.490767559108640228e-01 -6.437975806817231028e-02 2.380104511258427646e-01
-4.688928772756714713e-01 -1.197263007523604039e-01 1.896034750334374408e-01
-3.445970238846954858e-01 -1.517822430143822010e-01 1.934322402361331461e-01
-2.522234299597457818e-01 -1.722240808892642472e-01 2.255791943847374748e-01
-1.830978417845601225e-01 -1.950917399630318350e-01 2.633704508843092151e-01
-3.818134758838909876e-02 -3.352215937685528724e-01 3.455742451001153071e-01
-6.348567695318654280e-01 6.951447695005458227e-02 6.487464235454938610e-02
-5.720900000611479630e-01 -8.297301744855545280e-02 5.807690174918376247e-01
-1.302666984959379229e-02 -4.268192687949152742e-01 -2.396014252797443178e-01
-1.650512243270574331e-01 -2.370139913691114153e-01 8.180638701632426957e-02
-7.141085152886539333e-01 4.209676537212296288e-01 5.133357083276057775e-01
-1.292465500785110466e-01 -2.112659749467677983e-01 3.070658764617307246e-01
-2.018194666643601809e-01 -1.904673049543717245e-01 -1.102154054876649525e-01
-4.821244913474692639e-01 -8.554835370702518205e-02 4.917222169322980063e-01
-1.478738086415195829e-01 -3.590051219439398533e-01 -4.640981761769492203e-02
-6.609663212161290824e-01 5.250966059564388111e-01 -1.240075882765846182e-01
-1.577135908248710194e-01 -1.529102087572790092e-01 4.320450030519241702e-01
-9.569755698710444292e-02 -4.291482727581757972e-01 -4.494120270916619753e-03
-4.937368886574457494e-01 1.880168756902392546e-01 -6.553160545553504690e-01
-4.874940864872441271e-01 3.144344540656683340e-01 -7.406705398076429692e-01
-6.851067421947643066e-01 2.984637601982251809e-01 8.140043096046538362e-02
-5.680039082012067198e-01 2.514940942156159709e-01 -5.137032841471809164e-01
-6.648257518585678483e-01 1.278458171314992564e-01 6.422723235168559253e-01
-2.369750607799490094e-01 2.194758203250909284e-02 -9.877138654273107665e-01
-2.260524708211486718e-03 -3.394343347350140538e-01 -2.491576870230016727e-01
-2.233980393707412082e-01 -2.033330750771162321e-01 2.042384652382158577e-02
-6.433013108271565805e-01 6.153377918806084840e-02 4.550740376961994738e-01
-3.758869525892767349e-01 -1.482815560900870577e-01 4.052430078139580560e-01
-3.214724214120240897e-01 -1.637825131949523783e-01 3.928069553047127682e-01
-2.319856413878923773e-01 -9.000943939253064352e-02 -5.715760832496881161e-01
-6.193212215584655844e-01 1.148442244588523675e-01 -1.193131376837830160e-01
-1.167969475499641419e-01 5.177914360996740961e-02 -1.107869661992935573e+00
-3.097802438337512454e-01 1.685439253520348568e-01 -9.702601743271708212e-01
-3.925215192103260753e-01 2.336554596137987161e-01 -8.778099219997530511e-01
2.183818058830517411e-02 -3.732920912775790634e-01 9.561727407938434009e-01
1.922453135256301307e-02 3.203295695839283169e-02 -1.127800920442527888e+00
-2.657237143668214618e-01 -1.681243954248462791e-01 3.991487366008294457e-01
-2.110509502188117614e-01 -1.628080823597614357e-01 4.153615598970244460e-01
-1.747798605880913347e-01 -1.523289001086962080e-01 4.245558330819976245e-01
-6.167460224246716916e-01 -2.127199625344714656e-02 6.151572344016889016e-01
-2.233944437409856598e-01 -1.833965369686424429e-01 5.146508743980230394e-01
-2.837004673727445692e-01 -1.957736655590361086e-01 5.510205969570530771e-01
-3.413488806435694967e-01 -1.926699240226081855e-01 5.598944452205119049e-01
-3.956458028678047634e-01 -1.747967919079529697e-01 5.470118501642042830e-01
-4.278386746126056073e-01 -1.513791987102207359e-01 5.237871082551548430e-01
-7.060901092194145079e-01 2.921125126208811151e-01 7.116978958662033561e-01
-4.114811383685038071e-01 -1.300694638066606512e-01 4.282654545564293369e-01
2.010679833323198926e-02 -2.725303941581024847e-01 -3.435126466799358624e-01
-1.938935908795793583e-01 -2.029660533860685179e-01 -3.520929721756895225e-01
-1.330853930855983025e-01 -3.030990208506004757e-01 -1.783454162015053190e-01
-7.147418530090580979e-02 -2.653554152687693790e-01 -3.426563188841569296e-01
2.350413295123200685e-02 -3.311791956372868162e-01 4.928285142440088640e-01
-4.093256865940957945e-01 1.405405867248853691e-01 -7.861381554312028008e-01
-3.267981854548838161e-01 8.614261301317488462e-02 -8.878364914379168749e-01
-1.244414878624782728e-01 -3.578849798743264504e-02 -1.061772575727469414e+00
-5.568509018996623539e-01 4.128744828273681056e-01 -5.806360079041403832e-01
-1.787130850834036944e-01 -1.659915346081544396e-01 4.635970492634400864e-01
-8.175639013877547545e-02 -3.365580756944052121e-01 1.918260293653819559e-01
1.413650853766004224e-02 -5.343894731311055191e-02 -1.080061923885615283e+00
-2.212747820714977831e-01 9.880082120514878385e-02 -1.051616413753003076e+00
-6.620846379272767868e-01 3.153931381163634917e-01 -1.259741319619028244e-01
-1.197037320151660422e-01 -1.681407070103730639e-01 -5.744341499031220266e-01
-1.327480241992446963e-01 -1.742616867832457728e-01 -6.024313502712496105e-01
-1.434801559726402720e-01 -1.820456196706456142e-01 -6.383829166611805217e-01
-1.496944642812022552e-01 -1.695940326047362112e-01 -6.788760109766623918e-01
-1.581294497018610468e-01 -1.141070051694977744e-01 -7.482226915130860689e-01
-2.198238782866188401e-01 -1.021834521550848141e-01 -5.214706707184341150e-01
-2.336951353632845119e-01 -1.026065420083550617e-01 -5.140065696597592160e-01
-2.452133758648233353e-01 -1.033652194262443397e-01 -5.061180515614401854e-01
-3.267552676303227543e-01 -9.702951682001764722e-02 -4.351930956029316233e-01
-5.400932039237770210e-01 -5.752392874953236868e-03 -1.936271504521332731e-01
-8.039993502063121078e-02 -2.903026201184324417e-01 2.982733335975232825e-01
-1.127534570754812060e-01 -2.043607879869971944e-01 5.011287944038871345e-01
-1.526884630842524349e-01 -1.807935741114195805e-01 4.959506337839862944e-01
-2.056198913403471107e-01 -9.693136449802253196e-02 -5.283683687828899522e-01
-5.443244560600947191e-01 1.165471122585737263e-01 -4.017037259485495282e-01
-6.001020343433768195e-02 -2.864988382943203238e-01 4.906460949698114304e-01
-1.928287070986701990e-01 -6.602361740745826824e-02 -8.243257790312532585e-01
2.169372009430203460e-02 -4.485576945787708714e-01 1.380278201782913494e-01
-3.691925878703639086e-02 -3.859270735528905760e-01 2.315455391682089414e-01
2.262464305087899530e-02 -4.036214861801174503e-01 2.453264198208943980e-01
-1.277016278268711391e-01 -3.153444669939304834e-01 4.508840428190348526e-02
1.232899472808331870e-02 -1.001000972331190231e-01 -9.957688069667588460e-01
1.302413570163558562e-02 -1.157337327906500513e-01 -8.940499286291009318e-01
-9.308545680732488448e-02 -9.976272071925799956e-02 -8.823240412928605725e-01
-3.453346495531704474e-01 -1.136235820554891071e-02 -6.367720825652289918e-01
-2.590877900100116982e-01 -1.651930620594825316e-01 -1.757804469747531184e-01
-2.731881168181412023e-01 -3.468916401050063658e-02 -7.440392398206364666e-01
-4.051918509258505274e-01 -1.400765717308310454e-01 -1.430549668831220256e-01
-3.208013392347554005e-01 -1.416415657890811308e-01 -2.596141763701366179e-01
-4.592579853026528269e-01 -6.966960485828506411e-02 -2.799692353439535708e-01
-1.154680743306495116e-01 -8.040181140720040198e-02 -9.792301395610598647e-01
-1.659463995932903280e-01 -2.624049632738710836e-01 8.918072079808492258e-04
-3.922459381393832434e-01 5.641063063298532715e-02 -6.944163998363477308e-01
-3.080537174204979745e-01 2.473231521416959303e-02 -8.020274330176042632e-01
-4.030921417843285615e-01 -1.501563285839858930e-02 -5.154418654956556267e-01
-6.005683586969494669e-01 1.579930334597558217e-01 -2.752034632601760844e-01
-4.708770158910695058e-01 4.546956970216789462e-02 -5.207190558938035174e-01
-6.283933140318540556e-01 3.124681440831359458e-01 -3.224703983121122164e-01
-3.764109092809689305e-01 -9.181742280132500211e-02 -3.654007055777810375e-01
-1.222120873333094604e-01 -2.840781753828478529e-01 1.385795748742841282e-01
-1.241666534627128282e-01 -3.845286613507875595e-01 -1.599296891663553322e-01
-1.618057664296729259e-01 -3.103232324370333028e-01 -1.697153911023277506e-01
-9.723545486500248525e-02 -4.369295189778839017e-01 -1.061768148044506255e-01
-1.658657027381433280e-01 -2.347602142268844228e-01 5.971045866605430019e-01
-2.745668395648051541e-01 -2.507280873712315339e-01 6.693449862230438363e-01
-3.682366661841256494e-01 -2.458064439789787448e-01 6.853728682654502968e-01
-4.443385795893073920e-01 -2.168531284439045304e-01 6.683204177228241338e-01
-4.955970277843232963e-01 -1.727862128458173829e-01 6.274724055876563789e-01
-5.274114026044753878e-01 -5.536771412884502336e-02 4.748499327553746818e-01
-7.004573200501058583e-01 2.591154020191050456e-01 2.788012461957573573e-01
-4.842180278083534350e-01 -8.853804370072047847e-02 3.258686952624196831e-01
-4.212784860521661678e-01 -1.237313091764855738e-01 2.868372612305550851e-01
-3.359952458519079310e-01 -1.509898693820045379e-01 2.777671202047097831e-01
-2.533321583248786535e-01 -1.675119549945824071e-01 2.944748072225800706e-01
-1.877253414228009232e-01 -1.729230591765986980e-01 3.232086298117344270e-01
-1.422152128637121926e-01 -1.812597619220901179e-01 3.501141020533943271e-01
-7.045588867722862858e-01 4.921336929294720108e-01 3.164221849488508820e-01
-1.614590915099100299e-01 -2.759263641706240500e-01 -1.892231608549886090e-01
-8.246658011551649681e-02 -3.749615254845096723e-01 9.671734953600233387e-02
-8.020465591346362388e-02 -4.329223444585318381e-01 -1.766512011698662676e-01
-4.758000516932394536e-02 -4.014088335918493122e-01 -2.192475413157856101e-01
-8.038896607416171070e-02 -4.005060033110158235e-01 -1.867963045387173449e-01
-1.445839284316411955e-01 -2.510349178665872705e-01 -2.140431492328002117e-01
-3.433154715885097796e-02 -4.173708062210723657e-01 -2.311916576906575260e-01
-2.498330783656516757e-02 -3.400823585022461071e-01 -2.418022329165584183e-01
-1.365587259151707644e-01 -1.606885724046092367e-01 4.273458547395905249e-01
-1.062723648309308599e-01 -1.951941774824814402e-01 3.989882068748081267e-01
-8.880402168831388887e-02 -2.368798455535051639e-01 3.753477255538061330e-01
-4.445244599933797502e-01 -1.277068771428855887e-01 5.059189211767137762e-01
-4.853504842955863041e-01 -1.286153729277909885e-01 5.499964433198822888e-01
7.657376016057305945e-02 -4.249862933875285798e-01 1.251602148938589232e-01
4.651650739908667620e-01 -1.246349501026492862e-01 4.197707752447565888e-01
8.715796856124283232e-02 -3.461457955408085985e-01 -2.327004477804219262e-01
6.843740226391751280e-01 1.198940136556222447e-01 7.931348112155303109e-01
2.838547305092616879e-01 -1.753985516489851293e-01 3.343708469117097071e-01
3.466106372335446273e-01 -1.707035391313677375e-01 3.241722917255660530e-01
4.063169644392365942e-01 -1.547940153205222824e-01 3.276835722024805664e-01
4.854167531174103378e-01 -1.109343415049709181e-01 3.886110845061670482e-01
2.319455036713561347e-01 -1.705307061601636642e-01 3.597853003893971002e-01
3.801662071414028676e-01 -2.329082069883992023e-01 6.157243434738852716e-01
3.060679546246498073e-01 -2.306096741171472786e-01 6.042358904932527697e-01
4.470085698400326768e-01 -2.122516933285331642e-01 5.976693002751373163e-01
4.882708638859141193e-01 -1.836775422611847397e-01 5.562277156624216845e-01
5.319563999869745263e-01 -7.258055511176361718e-02 3.263797204565628274e-01
2.484671852362720645e-01 -3.724962724548701309e-02 -9.147495524514929199e-01
4.877157714745364303e-01 -1.085714665839580678e-01 4.535702461233299676e-01
7.186695943907350781e-01 1.978348565235537870e-01 4.002819198803120315e-01
5.983266276729752864e-01 -1.933833242119832943e-02 4.007961313572855344e-01
3.338913321304634030e-01 -1.894836802304387113e-01 -7.451659750255451575e-02
5.680976007685909629e-02 -2.548039179196340820e-01 -4.925477243921887460e-01
5.236995159844555492e-02 -2.128798640541946230e-01 -5.579753872196966391e-01
1.343887769595703552e-01 -2.145010028112435685e-01 -5.111235902294979372e-01
1.921684947937820354e-01 -1.638642056392067281e-01 -5.246480584123655033e-01
1.152024504450009368e-01 -1.881398947841814717e-01 -5.542196975566184847e-01
1.698963453275522117e-01 -1.453362489625175391e-01 -5.490377403791626421e-01
3.252606938530047676e-01 -5.967706376637504917e-02 -6.183229502361395902e-01
7.520062405122103499e-02 -4.653808160553605244e-01 -2.019902283403223198e-01
8.338486147507312429e-02 -4.968863568946469411e-01 -1.117971937411007810e-01
5.641156518349892401e-01 -1.756262141811031352e-01 6.361251160975706087e-01
2.077507386176811743e-01 -2.243881726396748100e-01 1.651293723813650194e-01
2.215963861202674412e-01 -3.142748411820637244e-01 -1.521685260753236346e-01
2.253431081827311777e-01 -3.018068754499378947e-01 -9.756559342692781855e-02
5.155339906929370386e-01 -1.111251981392535060e-01 -5.446622083319184460e-02
8.016584738639725982e-02 -4.731343853010809841e-01 1.350025603335947878e-02
4.309507604374958056e-01 -2.949242635833161374e-01 7.325984268635734598e-01
5.115732148742655472e-01 -2.424403580132968861e-01 7.035803098290340785e-01
6.240076167018164810e-01 -2.323658340560892654e-02 9.373523953958178279e-01
1.609317704847006425e-01 -3.327295947764447037e-01 6.375417491589556729e-01
2.432677169714818344e-01 -2.054409030284212456e-01 5.594430747227828737e-01
3.778330410321601440e-01 -4.999173224903938340e-02 -5.198784893966770237e-01
6.577139299736041167e-01 4.737158760068665986e-01 -4.227943246656566956e-01
1.762898572737990888e-01 -2.844249875734600197e-01 -2.020602087135991987e-01
1.282622436831176438e-01 -2.871995570418763299e-01 -2.295275141511876893e-01
2.838076139584145841e-01 -5.057833617763417972e-02 -5.325584975210326810e-01
2.656893225006271564e-01 -7.032519694922467757e-02 -5.377756046894131003e-01
5.411149696316994717e-01 -2.204395946535918638e-01 7.610248968694779403e-01
2.238934018481625876e-01 -2.749293260936163663e-01 -1.867856766973488014e-01
3.189735042462090164e-01 -3.284745841751599005e-01 7.183795749395582853e-01
3.289671095945040924e-01 -3.512043652606635646e-01 7.866117646515599082e-01
3.793044090290190740e-01 -2.849904943690123593e-01 1.123349014976400495e+00
5.832161832681443947e-01 -1.350631411654932279e-01 8.370956784929786121e-01
3.462121140165863586e-01 -3.194308319396759743e-01 9.497060105912766836e-01
5.979713126988179805e-01 -1.272088068554592666e-01 6.771410113428720789e-01
6.455498993391033391e-01 -8.898289515011575251e-03 7.203429428275262003e-01
5.505135691244619767e-02 -2.400720082512495523e-01 -5.313007104807856429e-01
1.247222449985833648e-01 -2.036246270250582080e-01 -5.353212100893189884e-01
1.808069147221681716e-01 -1.598566835502169825e-01 -5.380971374929855999e-01
1.623062639167745513e-01 -2.692253064954540642e-01 -2.164520358325138782e-01
2.746999343228372359e-01 -6.130941252568823663e-02 -5.352263228965403741e-01
2.275455468565753536e-01 -1.042888096949257243e-01 -5.793471641461416244e-01
2.562267530649811609e-01 -7.256019386500714430e-02 -5.396866588157522848e-01
1.449374838745120520e-01 -3.732934221915591433e-01 -1.862662648047751501e-01
1.611581447058126892e-01 -1.326665913147292153e-01 -5.564520447886860399e-01
1.092880827691175838e-01 -1.597028653034578971e-01 -5.638453201884289223e-01
5.063300893813632575e-02 -1.810443095029625471e-01 -5.715005538993986889e-01
9.568764708420139653e-02 -1.321718652280388373e-01 -7.988708537355728723e-01
6.031828784681096678e-02 -1.940672361310948335e-01 -7.226106542910114561e-01
5.650879577965622902e-02 -2.040655375126599891e-01 -6.763064357266668214e-01
5.353327676023858506e-02 -1.929998760978030581e-01 -6.297720493844498613e-01
4.809804971839738708e-02 -1.886952505169598449e-01 -5.919531496152057315e-01
1.555158832163868743e-01 -1.368596445301212827e-01 -5.746838996781566955e-01
1.666882337297111161e-01 -1.454881782830464432e-01 -5.927664924075464192e-01
1.770982305951507851e-01 -1.530891379751049275e-01 -6.160449487720065509e-01
1.880613487974522879e-01 -1.392701487275712913e-01 -6.411072303852578536e-01
2.888139174765758654e-01 -1.650929781022476284e-01 -4.027174848965200948e-01
7.253952122627975729e-01 5.027768783774049233e-01 3.950262015208969024e-02
2.014438381109366349e-01 -1.005948151577997912e-01 -5.621238132732629955e-01
2.135253634641815501e-01 -1.063976237474207609e-01 -5.708965843374139704e-01
1.075122626566793194e-01 -2.836902455633358855e-01 -2.650981010992846110e-01
2.040323569423859729e-01 -2.241921655839234084e-01 -2.341673513218733294e-01
1.176485471058375254e-01 -2.870177407338709852e-01 -2.481256624374108266e-01
2.719292554961806330e-01 -1.960742116580136973e-01 1.123653718048175654e-01
3.731545167179864952e-01 -1.716354596097017793e-01 4.878841350041203395e-02
2.361912596981646240e-01 -2.611900955594980145e-01 -1.333482836864606780e-01
5.283824350385470936e-01 -1.668347932287184143e-01 1.049428207546656111e+00
4.890263405918549577e-01 -2.367858433511192406e-01 9.168294510370824657e-01
4.512810882756547182e-01 -2.938181447047568673e-01 8.008667222603711444e-01
2.505746262030148497e-01 -8.951748901688000304e-02 -6.988091167125765057e-01
1.814237044332234761e-01 -3.738898761030164941e-01 7.520047537117207082e-01
1.945657160183699996e-01 -3.632174401311649703e-01 9.535497236285391809e-01
2.157871380071320622e-01 -3.515135894196419475e-01 1.161163995201278221e+00
4.566881871992091169e-01 -1.309668237593273055e-01 3.477072083060920304e-01
5.965092113030245891e-01 -3.089994364819359171e-02 2.599887000781332391e-01
1.978991075447132930e-01 -1.632170435230143324e-01 3.843272151651364044e-01
5.416720039865737801e-01 -1.255768606791008157e-01 5.143422453245973802e-01
1.650705679048563301e-01 -2.541579843864994470e-01 2.239860386598586661e-01
1.839117588526040237e-01 -3.805989571124900328e-01 -1.278910280035312208e-01
6.704563563414426275e-01 4.578463712153596488e-02 2.003585334689514663e-01
5.557353767322912308e-01 -7.812596470032551199e-02 1.877205764291130508e-01
4.775524281274851068e-01 -1.309311708904430382e-01 1.480957678781636977e-01
3.601910729059326632e-01 -1.583371215730729198e-01 1.650827355223086212e-01
2.737065585957781377e-01 -1.761253240026157407e-01 2.069322037979208495e-01
2.094550367789505541e-01 -1.978536691011778259e-01 2.501511650358483330e-01
8.363323301401112686e-02 -3.356382620200581979e-01 3.397340344181632998e-01
6.606554888851925433e-01 5.437408019705912421e-02 4.581277605838761022e-03
5.854911700744991343e-01 -9.757767660110386321e-02 5.273345864163796470e-01
5.415131045226671824e-02 -4.275877725218015790e-01 -2.423731586278006500e-01
2.041934167318775195e-01 -2.393313975037216490e-01 6.551970924358765935e-02
7.371817776301320402e-01 4.022957164499115779e-01 4.400771678066045522e-01
1.619523224779376158e-01 -2.123349541559531040e-01 2.985141844306977710e-01
2.436944438834425797e-01 -1.981717230344926250e-01 -1.287021838706657872e-01
5.102394638064554622e-01 -9.634515721466163640e-02 4.498121980366189820e-01
1.859458384653360774e-01 -3.647215663979411215e-01 -6.080326007211279277e-02
7.016619318753870571e-01 5.031862036550633910e-01 -1.838403924291012181e-01
1.979187393797500194e-01 -1.509497864545184809e-01 4.181900666805986599e-01
1.341868088197515074e-01 -4.322334141170496302e-01 -1.456209401740999991e-02
5.205507572126291116e-01 1.695445326353912652e-01 -6.880079719761220680e-01
5.211198091039197511e-01 2.947292499762359519e-01 -7.697123654861515174e-01
7.214047611200675725e-01 2.801063839398586497e-01 1.680089440378088397e-02
5.982243722107285500e-01 2.325019159974542338e-01 -5.567485250659470752e-01
6.852393405241465896e-01 1.108603577182907807e-01 5.755650449356184417e-01
2.635755000593590358e-01 1.087072759315778001e-02 -9.971163346023844687e-01
5.174652221142604647e-02 -3.411250870885543796e-01 -2.516438005338080819e-01
2.592600161238730605e-01 -2.087717609253587348e-01 -1.449907501506798174e-03
6.470984172204988782e-01 4.562587142577725907e-02 3.862173649263239694e-01
4.039093186177652450e-01 -1.558208179443891783e-01 3.797016770244358574e-01
3.499706849686665122e-01 -1.690337408100314742e-01 3.729207277071519555e-01
2.422831143979509716e-01 -9.112233151791507280e-02 -5.886747476996936346e-01
6.473085112325454027e-01 9.926757765369120801e-02 -1.748422455229220185e-01
1.523658577208673037e-01 4.601133539496171654e-02 -1.110346489551476079e+00
3.442126404438223819e-01 1.548992140408812224e-01 -9.806136191699500460e-01
4.269505388915481592e-01 2.173353372884226364e-01 -8.950586889373601807e-01
2.964868908979296225e-01 -1.716720531074672484e-01 3.817282002155570897e-01
2.463384302970327289e-01 -1.634817850387719762e-01 3.992770829492552354e-01
2.140465497767685688e-01 -1.508969898657026298e-01 4.091659467674802486e-01
6.253912514431974046e-01 -3.580486024405100942e-02 5.496184928955543114e-01
2.560736813031021519e-01 -1.845485949480448751e-01 4.883974276205956810e-01
3.110816279329247092e-01 -2.002657449812509649e-01 5.199764981669685593e-01
3.679294143115111049e-01 -1.997345930920432222e-01 5.269742994299706496e-01
4.229024969869948913e-01 -1.843416869370475830e-01 5.120398960885627071e-01
4.555847991786921014e-01 -1.618487622724039954e-01 4.870412919755598979e-01
7.217939994196822528e-01 2.724289418321688139e-01 6.383110598852150819e-01
4.404682862004341559e-01 -1.388759955068788743e-01 3.976914727350701062e-01
2.265555129947427471e-01 -2.079890675851661652e-01 -3.655279393141985800e-01
1.755904399407503258e-01 -3.100322515722780947e-01 -1.912389631297696790e-01
1.084304242498404236e-01 -2.684110347579592992e-01 -3.497375232659223343e-01
4.360794085641143680e-01 1.231185658993241422e-01 -8.095719425603474795e-01
3.534641243153558432e-01 7.054681975933965732e-02 -9.037551032483476243e-01
1.504054050752396399e-01 -4.214994428106472180e-02 -1.066300917364677137e+00
5.953879816766318722e-01 3.934880317207422040e-01 -6.209253882581876605e-01
2.162230132935342164e-01 -1.641364323972213934e-01 4.454539771825215544e-01
1.241553052304041338e-01 -3.380421149831376315e-01 1.823896696084836011e-01
2.554425800095499466e-01 8.890903864235691345e-02 -1.056436196140281947e+00
6.988703274131824461e-01 2.966976839594678284e-01 -1.853416057806323847e-01
1.050370339803449182e-01 -1.654838055212932979e-01 -5.823452937647370931e-01
1.152620542364764522e-01 -1.730673079632785161e-01 -6.115940352004667346e-01
1.222365755562051376e-01 -1.813510197275872149e-01 -6.487285148576172888e-01
1.296302544293033154e-01 -1.693610769151432938e-01 -6.896218648246671412e-01
1.783635346810091282e-01 -1.168917257959795897e-01 -7.587773704535206720e-01
2.184456580654004498e-01 -1.050713193477052221e-01 -5.386622781572030227e-01
2.321641405587417939e-01 -1.047797019385693640e-01 -5.314276130828726741e-01
2.436615295255371016e-01 -1.057065294158117119e-01 -5.240624336164685371e-01
3.436898370490659715e-01 -1.073119763650583203e-01 -4.524779342344562028e-01
5.613768060993906683e-01 -1.976624738253135449e-02 -2.406170422156986288e-01
1.238533937024054454e-01 -2.909984124047176879e-01 2.883647180816493738e-01
1.554183046404025714e-01 -2.062632554135288288e-01 4.852650647428185526e-01
1.906145437171469781e-01 -1.794782108210936367e-01 4.782523226124026361e-01
2.055745318755139162e-01 -9.736567125148568036e-02 -5.444656416330730941e-01
5.693001203395615661e-01 1.012408540630572451e-01 -4.423384226760891935e-01
1.004883998648526816e-01 -2.867651879820362071e-01 4.808897491562658666e-01
2.151799847887510553e-01 -7.422439979981135250e-02 -8.368050390302446129e-01
8.065891139163310075e-02 -3.874518633121860622e-01 2.262056193524926428e-01
1.674163446202382999e-01 -3.194991337335980619e-01 3.154483716223605710e-02
1.174173997687028015e-01 -1.057050647052162340e-01 -8.886918391500877590e-01
3.770031142959175963e-01 -2.217528317243905311e-02 -6.555662541345645966e-01
2.933842720475857146e-01 -1.747181735392047686e-01 -1.996958452507111292e-01
2.957522703931873553e-01 -4.611210772061714869e-02 -7.632728174421429257e-01
4.283658428985854805e-01 -1.526106366368906175e-01 -1.805608994439141801e-01
3.460753099389969889e-01 -1.503689985467016876e-01 -2.865485724783666255e-01
4.782314796964393655e-01 -8.000444868315928493e-02 -3.141027581175834804e-01
1.395711147751323988e-01 -8.621676133519516616e-02 -9.856316280355634785e-01
2.045945039211087280e-01 -2.676624111767129666e-01 -1.490628103593218644e-02
4.190592707331396438e-01 4.101580202138421782e-02 -7.198889755808743907e-01
3.337988534745884306e-01 1.008011666744869014e-02 -8.216526948800645380e-01
4.304832715655796949e-01 -2.359819151609559088e-02 -5.343716265480440430e-01
6.288539468565248480e-01 1.406556716779497895e-01 -3.260255247890053720e-01
4.954731783365276532e-01 3.356546111303704977e-02 -5.472168895643430009e-01
6.642137362284438185e-01 2.952137333722416601e-01 -3.753159301726528563e-01
3.969297953277839408e-01 -1.000966768212170621e-01 -3.879475222416315927e-01
1.630309810617391608e-01 -2.853017818429559038e-01 1.255081104552277504e-01
1.634186111893957682e-01 -3.887579133279004395e-01 -1.723861536715088905e-01
2.015709889253872178e-01 -3.182443106185698367e-01 -1.846810447882286932e-01
1.380118458222920896e-01 -4.416821829430588320e-01 -1.169275735929826698e-01
2.067037428157355583e-01 -2.381923566143203663e-01 5.775598602893670108e-01
3.108439825975191084e-01 -2.599936459654763055e-01 6.449025370518421951e-01
4.014345543741900668e-01 -2.579368547166932535e-01 6.561297018380747303e-01
4.735350325187387410e-01 -2.304770151020306690e-01 6.344977070397523899e-01
5.203934615504290928e-01 -1.871534087201630059e-01 5.886289447149937182e-01
5.465606646822502857e-01 -6.832452072959985245e-02 4.252317796544285433e-01
7.289461773179362059e-01 2.425341174727457250e-01 2.104411041036879648e-01
4.999290789252652800e-01 -9.938357055814672769e-02 2.826586928917325103e-01
4.371057503502071562e-01 -1.330565370189523977e-01 2.512479627218217604e-01
3.550227723467350160e-01 -1.572233866348626830e-01 2.532860106027789437e-01
2.769827993318716430e-01 -1.709438546390812663e-01 2.779236399143868996e-01
2.174474996967891705e-01 -1.758398583086045186e-01 3.103391503529643880e-01
1.764264769589360404e-01 -1.825442058308049398e-01 3.399889588416182273e-01
7.336444061794700211e-01 4.742073090829939108e-01 2.450513313874435328e-01
2.008258491012596125e-01 -2.841815663646589663e-01 -2.034999009056883967e-01
1.250284060607959047e-01 -3.761640436519585462e-01 8.740977511092611063e-02
1.203242072401532470e-01 -4.372546489516810908e-01 -1.855487737441698370e-01
8.749611515758651259e-02 -4.056665608815285262e-01 -2.251703952473533277e-01
1.202615871481022558e-01 -4.044991447396034112e-01 -1.959446130988426737e-01
1.845162243696700788e-01 -2.599424438625764777e-01 -2.266751637210759618e-01
7.458883599260057728e-02 -4.207173882192499215e-01 -2.359051699666006585e-01
7.231996507200019741e-02 -3.434263996380073070e-01 -2.457926113026965009e-01
1.762534315876620183e-01 -1.603113195375129862e-01 4.144324409585224411e-01
1.443686764871890960e-01 -1.958326824356147466e-01 3.890438202642054200e-01
1.250191211434524274e-01 -2.382541043489412036e-01 3.678255295211528275e-01
4.736229054619632839e-01 -1.385866762687414377e-01 4.684218158285851086e-01
5.118214195274343181e-01 -1.424536622850968992e-01 5.099886777668203308e-01
-3.285362408811793311e-01 -1.560785502578385109e-01 4.874903642104269630e-01
-2.635829037189401092e-01 -1.621313453940373406e-01 4.856462501529838494e-01
-3.277314873590103650e-01 -1.644744215942442467e-01 5.708264304784831378e-01
-3.943667296465729333e-01 -1.499728371613552880e-01 4.896050905871738301e-01
-3.299256407673160085e-01 -1.476852277222721610e-01 4.046934135749530315e-01
3.558279506690438798e-01 -1.625273501530233589e-01 4.575396739719126415e-01
4.194140989238896444e-01 -1.682888537647209415e-01 4.541735309814673993e-01
3.549106857955363070e-01 -1.710662881079731967e-01 5.415304579613302582e-01
2.917365936763912648e-01 -1.567911828353839576e-01 4.615643292594662217e-01
3.569850455643908127e-01 -1.540049187177952583e-01 3.734942780729212375e-01
