-2.155963916166650507e-02 -2.925753599682927586e-01 -5.659818198606486606e-01
2.478220352731241860e-02 -5.237888454003050143e-01 -2.274373583423203726e-01
2.640816096062525986e-02 -3.315469330034362949e-01 -2.999833119511979840e-01
-3.691118752467159592e-02 -4.749853788640350238e-01 1.450809173146248021e-01
2.455865590962852396e-02 -5.613481895345175943e-01 -1.230104319491814036e-01
2.340994353968031683e-02 -5.511434099842871248e-01 2.532826309695838940e-02
2.587824458363074953e-02 -4.051438903908004541e-01 4.030383085493397521e-01
-4.858866657559062219e-01 -1.281464578760334039e-01 5.070910444752741997e-01
2.639249346744587665e-02 -3.877635978124036598e-01 6.900979968528950792e-01
2.530619129953601276e-02 -4.184515276459546129e-01 8.285791200063652440e-01
2.376448439460260298e-02 -4.055880125017226057e-01 1.315639720984977501e+00
-2.044029698176510340e-02 -2.778293443123639461e-01 -5.974951090896889472e-01
-1.809246399234877567e-02 -2.506185486608857316e-01 -6.247460290392240490e-01
-1.407336312092765523e-02 -2.138203133847299542e-01 -6.401686823450744024e-01
-1.550747348985903606e-02 -2.197836792665697203e-01 -6.727350443575275118e-01
-1.633069946899629032e-02 -2.235836632390086898e-01 -7.172211630489138123e-01
-1.845571342319707320e-02 -2.337983569181374399e-01 -7.688473551584089627e-01
-1.819397782797049778e-02 -2.209629441441398612e-01 -8.188154819609647639e-01
1.508794370401367324e-02 -1.499918637439705549e-01 -8.966935959583781646e-01
2.360179688843411228e-02 -4.807703792144909505e-01 -2.735923116046027892e-01
-4.564174712936491796e-02 -3.820845588514333313e-01 -2.531463796337737882e-01
-7.538463251232156992e-01 1.558549443156946879e-01 9.660001506509452440e-01
-2.886634476721683384e-01 -1.929044795371486209e-01 3.897198522622218331e-01
-3.625869428344232759e-01 -1.850180933010743267e-01 3.824622898010614502e-01
-4.314213976350282920e-01 -1.646080259742124241e-01 3.956886335530701571e-01
-5.155464196985475311e-01 -1.130963664051751749e-01 4.780160746760321322e-01
-2.235223418908867110e-01 -1.879575053954480879e-01 4.167773578452532712e-01
-3.929754934360465413e-01 -2.510276902380828012e-01 7.201539228233013734e-01
-3.085507533229989718e-01 -2.502732450867322100e-01 7.041619410474619922e-01
-4.676566525168581734e-01 -2.241643334805840659e-01 7.035140647357509547e-01
-5.149839147179609000e-01 -1.897135292560578890e-01 6.625336496923964757e-01
-5.775953744110857713e-01 -6.722319919587674275e-02 4.180172918849912600e-01
-2.497387429842128359e-01 -2.939404080413163256e-02 -1.009031739844238773e+00
-5.095275960772145396e-01 -1.095177495303023274e-01 5.489716664715432737e-01
-7.777249698731347749e-01 2.412475507867375413e-01 5.244204591027626927e-01
-6.565150061488944644e-01 -4.411104476907445719e-03 5.122426006307770896e-01
-3.377543232481352575e-01 -2.021868620513900261e-01 -5.054179418719817463e-02
-1.025654535011676638e-01 -2.868032861789168164e-01 -5.395874097022000937e-01
-8.917964195610653122e-02 -2.412112681701745753e-01 -6.141991243411962786e-01
-1.760456682124576511e-01 -2.415224500140288333e-01 -5.548584051456305621e-01
-2.296422411603352143e-01 -1.838034127546350760e-01 -5.652186040086915053e-01
-1.498166753214203450e-01 -2.128566101870279503e-01 -6.051294568918597072e-01
-2.004155743707839443e-01 -1.623078355243640081e-01 -5.944404436431048877e-01
-3.270512369445777168e-01 -5.889728759620149745e-02 -6.804155620932770265e-01
-3.661823313871258312e-02 -5.160344217327876848e-01 -2.199107506705324511e-01
-4.743658169995002005e-02 -5.508500278238908088e-01 -1.181951393368365355e-01
-6.110443288722722244e-01 -1.794513201225185206e-01 7.600536956506680486e-01
-1.896892529749718559e-01 -2.483580447173405759e-01 2.037424751634878684e-01
-2.034183454435651850e-01 -3.432150686987568422e-01 -1.517186266120695293e-01
-2.091000963748990138e-01 -3.293697396120762733e-01 -9.010234052877352795e-02
-5.498471616077491575e-01 -1.114163985910366084e-01 -8.542409126874747627e-03
-4.282128035995490245e-02 -5.275595365469269993e-01 2.064643924237959116e-02
-4.464138054093771402e-01 -3.133396351722397277e-01 8.557171900744648951e-01
-5.437711455754277168e-01 -2.535375493783620371e-01 8.276555692371563300e-01
-6.818701502388933022e-01 -4.438983849948150567e-03 1.122047000980179954e+00
-1.293653541943446950e-01 -3.675376439697308761e-01 7.322990842833174696e-01
-2.337729295807240426e-01 -2.258209482571653659e-01 6.518382893113161547e-01
-3.920287790033842867e-01 -4.660610648114782428e-02 -5.678965563542732742e-01
-6.882944030011550751e-01 5.508235999133087590e-01 -4.151407036977565745e-01
-1.491682388392946979e-01 -3.095725183353825738e-01 -2.117432625666900714e-01
-9.283914654168545777e-02 -3.109975435939441590e-01 -2.458127769575146337e-01
-2.918054128018318649e-01 -5.813608830130592708e-02 -5.839802533343092517e-01
-2.747260449706032115e-01 -7.808579700417764280e-02 -5.912662398747894343e-01
-5.796118134795493759e-01 -2.282999072322660084e-01 9.012638980206713057e-01
-2.077743031035850230e-01 -2.980349054020938748e-01 -1.902644743766076507e-01
-3.123259945563976459e-01 -3.530632544250043026e-01 8.342918558072778268e-01
-3.233829681357640595e-01 -3.776981061777973103e-01 9.164717257500447634e-01
-3.916547824287421875e-01 -3.037679024270496519e-01 1.302768175863610267e+00
-6.296181064489321244e-01 -1.328351174790041167e-01 9.978449393001298517e-01
-3.489591568284220457e-01 -3.444968273826805039e-01 1.100212578617441039e+00
-6.502584003354305864e-01 -1.252299667923431059e-01 8.196787882186082896e-01
-7.011513789656946827e-01 8.225561652549721881e-03 8.737716277573961410e-01
-9.808710264344000507e-02 -2.711852105937125890e-01 -5.834431795977514934e-01
-1.634959788816108261e-01 -2.297801949512033315e-01 -5.826967960813123071e-01
-2.159474592852162478e-01 -1.785323851708827680e-01 -5.811126316173859108e-01
-1.328214403281504641e-01 -2.916601404659927566e-01 -2.291486169228219572e-01
-2.830589124349782160e-01 -6.828607825163546252e-02 -5.876471232309026238e-01
-2.465025910122516373e-01 -1.151793568844168281e-01 -6.314627840210502718e-01
-2.647388006726949516e-01 -8.140323251760514522e-02 -5.944264730277954989e-01
-1.162278118451530728e-01 -4.141758768950001279e-01 -1.957919522776832566e-01
-1.882478816194789739e-01 -1.485966427235558274e-01 -6.046357358792840975e-01
-1.374555525061502137e-01 -1.813785655770214778e-01 -6.175628138075499596e-01
-7.963279720117680260e-02 -2.070539842665725105e-01 -6.308688900995793603e-01
-8.074867601995439070e-02 -1.434337951074993178e-01 -8.879327809760093615e-01
-1.009270167838063337e-01 -2.158839726646535340e-01 -8.045612241577710932e-01
-9.773026230180947849e-02 -2.284547137375385617e-01 -7.540608824547949673e-01
-8.938666750420032336e-02 -2.168361720481239985e-01 -7.027080174373310228e-01
-8.023481314597891156e-02 -2.129180192971138474e-01 -6.612829166249432067e-01
-1.812199816608633940e-01 -1.539205102362384281e-01 -6.310349931099177301e-01
-1.952615981272662893e-01 -1.614722715657683771e-01 -6.499213963250114467e-01
-2.093087149476315911e-01 -1.693155110579738221e-01 -6.745092691119074502e-01
-2.189418609870206200e-01 -1.538568111867490984e-01 -7.013011858819393485e-01
-2.953035598599937361e-01 -1.764297680497432519e-01 -4.304828841721666244e-01
-7.698687384035176606e-01 5.848615211474239572e-01 1.195333503420800414e-01
2.744198249472875467e-02 -3.840416211041025596e-01 -2.837782042230349022e-01
-2.187053786987524506e-01 -1.140959513698367178e-01 -6.142202026914913571e-01
-2.326173067223109570e-01 -1.182636937739205141e-01 -6.224596264529269618e-01
-6.972316860104915692e-02 -3.113877690570903134e-01 -2.875072861493926379e-01
-1.826735138389216639e-01 -2.391329529309897395e-01 -2.449620019837724927e-01
-8.089741406433259563e-02 -3.125173087180457276e-01 -2.671521008237439099e-01
-2.647103646953881118e-01 -2.153510778161922268e-01 1.517362606902707411e-01
-3.826769291739582357e-01 -1.835933652903727342e-01 9.224524333554290356e-02
-2.209357575049419875e-01 -2.831815821843335357e-01 -1.289934256781124222e-01
-5.675644760535050182e-01 -1.657160272918334343e-01 1.237970122902979142e+00
-5.175667212876584600e-01 -2.471961714012174127e-01 1.078622917538478498e+00
-4.691349814719814049e-01 -3.114092896560993751e-01 9.390171910049558424e-01
-2.539948259082049908e-01 -9.379660470934458871e-02 -7.670391015942237267e-01
-1.497062349671554049e-01 -4.111640354007759512e-01 8.708870027445101414e-01
-1.741084037327071954e-01 -3.984497016461068242e-01 1.086633649833988580e+00
-2.015431933145694909e-01 -3.826488073131049106e-01 1.323712660191965540e+00
-4.867356748995961269e-01 -1.359967939193993391e-01 4.266912593798458664e-01
-6.582409430065672140e-01 -1.627627243644930166e-02 3.530747403416660823e-01
-1.801895359107983374e-01 -1.826656826998136474e-01 4.433623598979243852e-01
-5.809039960448796336e-01 -1.249526530910902433e-01 6.238866690289138761e-01
-1.394591879212447871e-01 -2.829938094700574780e-01 2.647616440214583533e-01
-1.612537825504920530e-01 -4.186776545126233984e-01 -1.265046578646072117e-01
-7.225243320318224249e-01 7.014332420163288395e-02 2.944163333587570541e-01
-6.131156563920399094e-01 -7.188837873912293230e-02 2.657696440420367345e-01
-5.235799205368207865e-01 -1.336899966031921683e-01 2.117169542511930791e-01
-3.847874240083601904e-01 -1.694846277002595158e-01 2.159482196219884576e-01
-2.816402840469968694e-01 -1.923106000467424970e-01 2.517035964049227914e-01
-2.044525692286462970e-01 -2.178453174650818447e-01 2.938239256273643685e-01
-4.263444361208412747e-02 -3.743185361384289145e-01 3.858786198352573971e-01
-7.089002052559081335e-01 7.762196032734802742e-02 7.244098174089780295e-02
-6.388129384951675149e-01 -9.265017261721178454e-02 6.486978468250392815e-01
-1.454597217880143276e-02 -4.764799253234580645e-01 -2.673902948004655555e-01
-1.843011721989948892e-01 -2.646569670415268583e-01 9.134747820138860996e-02
-7.973950934419535841e-01 4.700651713127852460e-01 5.732061276463389365e-01
-1.443205936779030640e-01 -2.359059557855687217e-01 3.425570428561167668e-01
-2.253576998926869468e-01 -2.126815339407301941e-01 -1.230698436843200294e-01
-5.383547396480370395e-01 -9.552587013065069743e-02 5.492254043071657099e-01
-1.651203520681439052e-01 -4.008759406025474981e-01 -5.182260098601984555e-02
-7.380549176830317748e-01 5.863386981227050043e-01 -1.384706113029772478e-01
-1.761077494532183874e-01 -1.707441482488878393e-01 4.822088402700184240e-01
-1.068587767295473556e-01 -4.791998971166666621e-01 -5.018269869748709366e-03
-5.513214925151848078e-01 2.099453107614617231e-01 -7.317456596144280567e-01
-5.443505914360464715e-01 3.511069893624148008e-01 -8.270550506751552788e-01
-7.650108394090260333e-01 3.332736300261708307e-01 9.089417427122098436e-02
-6.342502851578757372e-01 2.808258851900785613e-01 -5.736165715632211004e-01
-7.423644742726436263e-01 1.427564930471771909e-01 7.171806363615296220e-01
-2.648059254147649977e-01 2.449400297557701583e-02 -1.103143171545121870e+00
-2.471494697664373616e-03 -3.786913905350717258e-01 -2.777890214716272066e-01
-2.494529846164568188e-01 -2.270478406708518193e-01 2.280588258898313264e-02
-7.183296346088283713e-01 6.871047293565693548e-02 5.081493877230811584e-01
-4.197267015677326185e-01 -1.655756551598872583e-01 4.521072790050066903e-01
-3.589657958457967979e-01 -1.828844911063085554e-01 4.381402391469110258e-01
-2.580279127624458546e-01 -1.012159149314706685e-01 -6.419209847102704813e-01
-6.915527441030135947e-01 1.282385230541349952e-01 -1.332286456861433155e-01
-1.304189922279426206e-01 5.781815209062519945e-02 -1.237080658937772526e+00
-3.459099851231890455e-01 1.882012258436520646e-01 -1.083421773065303739e+00
-4.383013600701541890e-01 2.609067304093236617e-01 -9.801890186036104069e-01
2.438517071004955850e-02 -4.168292012105583311e-01 1.067691306471349799e+00
2.146669119056549002e-02 3.576896559495271188e-02 -1.259336502907654420e+00
-2.967151091338360303e-01 -1.877327676809419366e-01 4.452627501172919944e-01
-2.356658526928734343e-01 -1.817964122636053226e-01 4.634715172050977161e-01
-1.951644606969540341e-01 -1.700950414895769924e-01 4.737976846268419084e-01
-6.886771991263609394e-01 -2.375295192495371910e-02 6.869045573066234756e-01
-2.494489696278892055e-01 -2.047861012747187459e-01 5.749842293863149933e-01
-3.167884934109395090e-01 -2.186067761407657351e-01 6.158313876784639040e-01
-3.811604493570026619e-01 -2.151410447855539587e-01 6.257976855766533841e-01
-4.417900293769294606e-01 -1.951833667190698840e-01 6.113291262263533810e-01
-4.777375603522937553e-01 -1.690345762813261210e-01 5.852452124320997040e-01
-7.884414995273756332e-01 3.261816355365628750e-01 7.947033231318894053e-01
-4.594722423192587613e-01 -1.452394839517254788e-01 4.779639958390614618e-01
2.289356601678461944e-02 -3.048094547652853148e-01 -3.821917309975620958e-01
-2.160288407731852378e-01 -2.266254024901570574e-01 -3.921018058255079097e-01
-1.486071614933113239e-01 -3.382773098793596667e-01 -1.990586670094204869e-01
-7.936184774180662926e-02 -2.966368306287283652e-01 -3.813344481284508536e-01
2.624542333505699987e-02 -3.698046725356296527e-01 5.503071742641414410e-01
-4.571527436207860617e-01 1.569258049158865909e-01 -8.778780732668165498e-01
-3.651899723599463243e-01 9.617023273687655416e-02 -9.916500460881894075e-01
-1.389624155438831110e-01 -3.996302087279321458e-02 -1.185638442125497072e+00
-6.217965021381006707e-01 4.610280927414089902e-01 -6.483556684537425951e-01
-1.995564177270421347e-01 -1.853511510025058762e-01 5.176452214137935437e-01
-9.129164960010871521e-02 -3.758108921422187443e-01 2.141987254123790541e-01
1.578525154790225149e-02 -5.967153937235014638e-02 -1.206073638355274813e+00
-2.470820915150810926e-01 1.103239745159040885e-01 -1.174266586319463457e+00
-7.393036638319596676e-01 3.521774837093766264e-01 -1.406665135496281693e-01
-1.343690585516355007e-01 -1.875086530883920410e-01 -6.459412006712381693e-01
-1.490566318110904120e-01 -1.943321144965919345e-01 -6.772399850120545128e-01
-1.611067437511493061e-01 -2.030253812198687946e-01 -7.174186240700177741e-01
-1.681242196619516793e-01 -1.891435372911898227e-01 -7.623677639180619359e-01
-1.776455022451770560e-01 -1.272805999159325463e-01 -8.386113446506138214e-01
-2.420619818698722114e-01 -1.158896969298254254e-01 -5.852343924875873515e-01
-2.572273315531141136e-01 -1.165615129673472361e-01 -5.769310982793991460e-01
-2.698492207231671935e-01 -1.175533754301757439e-01 -5.680816240026491659e-01
-3.617075215333793725e-01 -1.101405056113173020e-01 -4.872649007013242217e-01
-6.030843514533383853e-01 -6.423295568106973663e-03 -2.162099126703007634e-01
-8.977699092775659473e-02 -3.241606561745187243e-01 3.330468453324102462e-01
-1.259039088817810459e-01 -2.281954158842278702e-01 5.597240951738526871e-01
-1.704965403463383211e-01 -2.018795544876073045e-01 5.539622120822289553e-01
-2.265472329963854614e-01 -1.098079228327751844e-01 -5.929095251074463224e-01
-6.078090951307775214e-01 1.301400183204466099e-01 -4.485544888919963391e-01
-6.700920203374394202e-02 -3.199132387328647020e-01 5.478903031690941505e-01
-2.162782350227527850e-01 -7.372527238936932292e-02 -9.223305551342668718e-01
2.422386176799368185e-02 -5.008730425769636341e-01 1.541260257254043475e-01
-4.122515721353181561e-02 -4.309378032736312925e-01 2.585507284792281091e-01
2.526335840198479232e-02 -4.506959177733369515e-01 2.739388752111273639e-01
-1.425954869233518885e-01 -3.521231372285016370e-01 5.034707145967244613e-02
1.376735409622498185e-02 -1.117644446426391269e-01 -1.112920182845907213e+00
1.443599552389283891e-02 -1.290851346499153618e-01 -9.999109014704630205e-01
-1.043929907435091620e-01 -1.113187160598239078e-01 -9.868287965422668506e-01
-3.856995522605233262e-01 -1.292620376818807981e-02 -7.122475499385843012e-01
-2.893052359713053079e-01 -1.844595524864152125e-01 -1.962817456168326480e-01
-3.061833513744423030e-01 -3.880336828539419913e-02 -8.324594968441478837e-01
-4.524494343837019983e-01 -1.564137223026742518e-01 -1.597394881070606232e-01
-3.581540065689670094e-01 -1.581612418415079269e-01 -2.898858378134031577e-01
-5.128213097365801332e-01 -7.779518082567649095e-02 -3.126220872575991017e-01
-1.291537688146453533e-01 -8.978565090571580254e-02 -1.094467760723041527e+00
-1.853007518844103085e-01 -2.930092916268089986e-01 9.958188100482878724e-04
-4.383661798173381641e-01 6.296400496969309368e-02 -7.762547359193108232e-01
-3.447573228348614904e-01 2.756314819732118282e-02 -8.971927056892510244e-01
-4.489397908251044900e-01 -1.755744677992188141e-02 -5.765934876505609541e-01
-6.706127321669868024e-01 1.764197835225300715e-01 -3.073004824948681879e-01
-5.257948599912980470e-01 5.077056711681178502e-02 -5.814852294686949641e-01
-7.016829160175825919e-01 3.489113495272394561e-01 -3.600801669343098865e-01
-4.197368523103187643e-01 -1.031274455472466212e-01 -4.083331058330889052e-01
-1.364657005378084875e-01 -3.172102535602192575e-01 1.547421316504126176e-01
-1.386482279941070317e-01 -4.293391892881980310e-01 -1.785646304169236642e-01
-1.806771960834030466e-01 -3.464377089681315303e-01 -1.894749444737501842e-01
-1.085760398566436580e-01 -4.878886711945824572e-01 -1.185602321735428621e-01
-1.852106433435194432e-01 -2.621403315492347730e-01 6.671531880641321521e-01
-3.065896092869602185e-01 -2.799705400195247051e-01 7.478897314955210707e-01
-4.111841611662541141e-01 -2.744748846553437538e-01 7.657516347192181438e-01
-4.961618516035501969e-01 -2.421447397932388057e-01 7.466883717211423299e-01
-5.533985799341634149e-01 -1.929382935336927396e-01 7.010687644633895044e-01
-5.889234698344862906e-01 -6.182525882772108017e-02 5.302665106343402712e-01
-7.821517573525689215e-01 2.893360683729637728e-01 3.113178765297140993e-01
-5.406924455654298356e-01 -9.886424838578800056e-02 3.635508805252974929e-01
-4.704122560628833938e-01 -1.381621094415852458e-01 3.198535360170264852e-01
-3.751824193747870240e-01 -1.685998394179417659e-01 3.096015662455325890e-01
-2.828783235597444601e-01 -1.870488982358051722e-01 3.282230254048555951e-01
-2.096197748107644365e-01 -1.930911002715824942e-01 3.603465099641703917e-01
-1.588017934564025513e-01 -2.024001138492343976e-01 3.904479864651599907e-01
-7.867316903874934653e-01 5.495313158404302456e-01 3.533265495824635671e-01
-1.802850073473364900e-01 -3.079753460024757805e-01 -2.112406967905408606e-01
-9.208466913529245179e-02 -4.186933417675331448e-01 1.079975087002476852e-01
-8.955893639042311616e-02 -4.833881549662445432e-01 -1.972387849089652367e-01
-5.312926796934458462e-02 -4.480648076872993935e-01 -2.446410991643140909e-01
-8.976474267149336939e-02 -4.471187529922759918e-01 -2.085051436978958006e-01
-1.613710177196922557e-01 -2.800922478005055671e-01 -2.389289316752050141e-01
-3.833564026328915852e-02 -4.659187617306953522e-01 -2.579978160568630052e-01
-2.785706370631028245e-02 -3.794202121179021114e-01 -2.696157524091155056e-01
-1.524855896269856625e-01 -1.794297035595975309e-01 4.769389512084362126e-01
-1.186669258709883434e-01 -2.179597022870587431e-01 4.451983663862427720e-01
-9.916124742407117498e-02 -2.645071757802828216e-01 4.188759517970990220e-01
-4.963694112657037749e-01 -1.426013484678430032e-01 5.651610806976004042e-01
-5.419569806145476676e-01 -1.436158022459266270e-01 6.145620675103328212e-01
8.550456874717515809e-02 -4.745525054974542023e-01 1.397576692176648039e-01
5.194173430223676391e-01 -1.391711421380585900e-01 4.684757578680812662e-01
9.734484762189171692e-02 -3.862261249656749884e-01 -2.595145062941423553e-01
7.641926626669945932e-01 1.338772695959402625e-01 8.856382398752578045e-01
3.169607482791061415e-01 -1.958553097846640334e-01 3.722634744347613767e-01
3.870358853697437596e-01 -1.906127172864029440e-01 3.607672063495644954e-01
4.537057700468842825e-01 -1.728476634407165591e-01 3.647351039055596322e-01
5.420309783785279834e-01 -1.238726296024093010e-01 4.333737131081051297e-01
2.589973408995149828e-01 -1.904197267810769922e-01 4.008824488918621975e-01
4.245050461895933935e-01 -2.600723244419533842e-01 6.886096861636161748e-01
3.417647038963798067e-01 -2.575057133535665344e-01 6.758249660249342483e-01
4.991432431986435603e-01 -2.370066386430158545e-01 6.683927531981099790e-01
5.452179644936911984e-01 -2.050998802546737387e-01 6.220174173698262976e-01
5.939985509109897421e-01 -8.104563591344707274e-02 3.640480738675794248e-01
2.774614619915207747e-01 -4.155741433551773945e-02 -1.022834217547299307e+00
5.445981315750758611e-01 -1.212341722418062151e-01 5.065733524475651839e-01
8.024881318512910866e-01 2.209083641019300437e-01 4.469668573789058463e-01
6.681095477334402233e-01 -2.159376474890294106e-02 4.474432389145275302e-01
3.728331258954522553e-01 -2.115831889247274944e-01 -8.320747862409236251e-02
6.378924336646701887e-02 -2.864676731307024271e-01 -5.459172748652330043e-01
5.870591816812192887e-02 -2.402425140237898216e-01 -6.187913368161049865e-01
1.495493634334565947e-01 -2.403373087829303034e-01 -5.675889374688140032e-01
2.126589681227971651e-01 -1.833788940404305623e-01 -5.845091323936906225e-01
1.281045897776096065e-01 -2.113249776640155342e-01 -6.156655648702649142e-01
1.879357675356584934e-01 -1.627148542652770979e-01 -6.119428496857522992e-01
3.584397776266224911e-01 -6.702405269936462240e-02 -6.949172312077580571e-01
8.397128357722771774e-02 -5.196433401621518566e-01 -2.255371630480761391e-01
9.311004978099679530e-02 -5.548382836828134046e-01 -1.248361167084832968e-01
6.299085408962028509e-01 -1.961095246304260797e-01 7.104570421475724373e-01
2.319807369412456577e-01 -2.505585972699932995e-01 1.843884346720403578e-01
2.474412042900020481e-01 -3.509190168109553865e-01 -1.699139152493579497e-01
2.516249070818552536e-01 -3.370066544487975158e-01 -1.089446819454486515e-01
5.756607936749373877e-01 -1.240857458732134155e-01 -6.081862336907123412e-02
8.951560161930094406e-02 -5.283161162491616381e-01 1.507479333129734672e-02
4.812126091915231996e-01 -3.293213225769444641e-01 8.180414860452636105e-01
5.712380720067109507e-01 -2.707162116026164966e-01 7.856424267506181280e-01
6.967857141814164379e-01 -2.594666886694646513e-02 1.046675941500940121e+00
1.797012658665124718e-01 -3.715358949478724249e-01 7.118983344404732350e-01
2.716400655542883236e-01 -2.294015048972348758e-01 6.256902535272645949e-01
4.166487332953097145e-01 -5.680486562431719122e-02 -5.854816175583543725e-01
7.344231995852652517e-01 5.289654262990328704e-01 -4.721048871504129885e-01
1.968665928469428561e-01 -3.174175380853528905e-01 -2.255289084528824817e-01
1.433157489308722332e-01 -3.203874404535829168e-01 -2.560637260651438818e-01
3.109248388810358921e-01 -5.724847164722393633e-02 -6.003118536210669820e-01
2.909804166241543588e-01 -7.917384205793645546e-02 -6.060310543989488874e-01
6.042252858417418437e-01 -2.461494960693126899e-01 8.497833416319091615e-01
2.500061212903856855e-01 -3.069314194285258646e-01 -2.085460796269448247e-01
3.561754296139456599e-01 -3.667846218523029833e-01 8.021642897131331384e-01
3.673345905816658430e-01 -3.921653805529103920e-01 8.783544071356299554e-01
4.235427364402486461e-01 -3.182289764400709764e-01 1.254365371071028079e+00
6.512367700390457870e-01 -1.508155746142989528e-01 9.347262693833793268e-01
3.865908823330599375e-01 -3.566860955016339929e-01 1.060470358278401193e+00
6.677127923230878892e-01 -1.420451878812613866e-01 7.561160642299196155e-01
7.208404763201494703e-01 -9.936098256030114623e-03 8.043566431553141882e-01
6.177771492331056435e-02 -2.703821674565418665e-01 -5.888308440705397606e-01
1.387427669917166428e-01 -2.284303111631080241e-01 -5.944655141689069167e-01
2.000882379649347453e-01 -1.789188103053116485e-01 -5.994583161965968410e-01
1.812985024494814801e-01 -3.004017390533835208e-01 -2.415811198647266345e-01
3.008615694629177550e-01 -6.917521439285567730e-02 -6.032722107936925315e-01
2.504478855019739991e-01 -1.164150186525894082e-01 -6.518819603381704741e-01
2.806285646167561154e-01 -8.159879233497946416e-02 -6.080051643939925476e-01
1.618415633240866125e-01 -4.167184670580531547e-01 -2.079056930761233879e-01
1.782313417949914491e-01 -1.485436631197876722e-01 -6.204628818373117971e-01
1.213648131823250598e-01 -1.795015349092315970e-01 -6.268286510512387499e-01
5.663499407591689183e-02 -2.045821429445595085e-01 -6.343692809455060422e-01
1.067591718441154303e-01 -1.471845462655010373e-01 -8.950406352375603891e-01
6.718344557096123104e-02 -2.161237485097906585e-01 -8.115724005011681896e-01
6.291602704032506210e-02 -2.272371917718700729e-01 -7.605584582526103699e-01
5.951679302776126390e-02 -2.148589327737635557e-01 -7.090372397106066149e-01
5.335815919855903255e-02 -2.100848704091049512e-01 -6.668612231525328227e-01
1.720639738405898012e-01 -1.524177020910197911e-01 -6.470671815102433388e-01
1.846640374930976769e-01 -1.620314117619576777e-01 -6.672013656717750152e-01
1.964941144927270233e-01 -1.705026111073726369e-01 -6.929808086117574817e-01
2.088623884312343915e-01 -1.550865927097659913e-01 -7.206134253905958076e-01
3.211162537074860879e-01 -1.847126071395336910e-01 -4.501913563874836433e-01
8.099981594965717235e-01 5.614158175276058316e-01 4.410981638364175339e-02
2.216644828089808783e-01 -1.122161297789949774e-01 -6.326016787889552351e-01
2.350397767642655178e-01 -1.187127615270580361e-01 -6.424487674588499342e-01
1.202518724248410609e-01 -3.164707226235426996e-01 -2.955673943831190198e-01
2.279374208368502575e-01 -2.502130492442288801e-01 -2.614223103810429660e-01
1.315168616794430145e-01 -3.201756366280347210e-01 -2.767283831095257995e-01
3.036444034116154711e-01 -2.189423749742021030e-01 1.254705611705593249e-01
4.166755813104270345e-01 -1.916533277832561666e-01 5.447861328190674313e-02
2.637382800582648290e-01 -2.916527337173566714e-01 -1.489007130625079611e-01
5.900077539200623278e-01 -1.862927589964513686e-01 1.171823169310670210e+00
5.460615525557708239e-01 -2.644022100876037840e-01 1.023759403209805408e+00
5.039140660697700724e-01 -3.280861968955623986e-01 8.942719224867730077e-01
2.786305783837139671e-01 -9.971466685374075212e-02 -7.832341489489056396e-01
2.025831769988615250e-01 -4.174967057655840641e-01 8.397111755660340293e-01
2.172579432726080562e-01 -4.055795420617065439e-01 1.064762364116299764e+00
2.409544227395417071e-01 -3.925106695697251347e-01 1.296590717841656470e+00
5.099517957132189139e-01 -1.462415031238655239e-01 3.873051733641648120e-01
6.660801658326320762e-01 -3.450380805457615996e-02 2.903112193093728699e-01
2.209801087288660870e-01 -1.822530706257512456e-01 4.285231182942231820e-01
6.048472871930012928e-01 -1.402229081699799818e-01 5.748665503903025442e-01
1.843227718210358468e-01 -2.838004664136670741e-01 2.500984207587387820e-01
2.053614135606096625e-01 -4.249882678516296863e-01 -1.428069768696729192e-01
7.486517769607257122e-01 5.112450545409259750e-02 2.237263778499936073e-01
6.205508731110986886e-01 -8.723780712414175298e-02 2.096144552367024128e-01
5.332494360415562795e-01 -1.462016920557900335e-01 1.653681972807458100e-01
4.022002091946585978e-01 -1.768040026816586341e-01 1.842982762010835218e-01
3.056289936256186834e-01 -1.966668457017228810e-01 2.308069754010690922e-01
2.338838076405342914e-01 -2.209293707931698769e-01 2.789442911767046063e-01
9.338738892800269031e-02 -3.747838004676311563e-01 3.793572622241153658e-01
7.377078329329336270e-01 6.071573708333367903e-02 5.115593030449040735e-03
6.537770888816227810e-01 -1.089581752530952852e-01 5.891723679967360017e-01
6.046698567138199254e-02 -4.773355357660189480e-01 -2.704761447665803287e-01
2.280085240957134829e-01 -2.672446525846736698e-01 7.316128258297663334e-02
8.231593936664882705e-01 4.492155221685817379e-01 4.914034295943391362e-01
1.808408449845133603e-01 -2.370996101926321487e-01 3.328726144294784639e-01
2.721165616869518633e-01 -2.212845194021633155e-01 -1.437127379614704381e-01
5.697487653613269032e-01 -1.075819066641585664e-01 5.023344474815183425e-01
2.076327281691565663e-01 -4.072590947898513392e-01 -6.789475269009612179e-02
7.834968632271195332e-01 5.618728824708725256e-01 -2.052817236609385532e-01
2.210020302276276549e-01 -1.685550816128968954e-01 4.666839929202688531e-01
1.498370355018834310e-01 -4.826448589529590549e-01 -1.626047290516811211e-02
5.812575277715081867e-01 1.893185356972288957e-01 -7.682550091176310048e-01
5.818980868851646449e-01 3.291035645050115477e-01 -8.594840286313676359e-01
8.055423014670024529e-01 3.127752326753575618e-01 1.876038555378427286e-02
6.679953662020237104e-01 2.596186476746931149e-01 -6.216821850796439008e-01
7.651589027005067933e-01 1.237900173664996661e-01 6.426932806728216097e-01
2.943163482848074608e-01 1.213858206900650036e-02 -1.113567341381314080e+00
5.783537624433091051e-02 -3.805913735743224890e-01 -2.805652411732457163e-01
2.894975488414299747e-01 -2.331208412265275420e-01 -1.619010275346485783e-03
7.225695980632682591e-01 5.094722332812695598e-02 4.312619502098978819e-01
4.510173201493063999e-01 -1.739942222012906825e-01 4.232902842066025295e-01
3.907878159522182315e-01 -1.887481701483073593e-01 4.156451069465237902e-01
2.665674413068054860e-01 -1.017994296648687680e-01 -6.622614698289805979e-01
7.228041953699531064e-01 1.108451691260994021e-01 -1.952341215956461262e-01
1.701363094733352455e-01 5.137764445067365127e-02 -1.239846359248296892e+00
3.843582098718663076e-01 1.729651315028593039e-01 -1.094982725660964107e+00
4.767458412352132413e-01 2.426831887241798213e-01 -9.994495116932524681e-01
3.310661993384931279e-01 -1.916941891858936486e-01 4.255750838127706492e-01
2.750689166136701669e-01 -1.825486889823118020e-01 4.453605604511648997e-01
2.390108294552162338e-01 -1.684961273503851054e-01 4.565097560236305307e-01
6.983307224403461078e-01 -3.998078606408871083e-02 6.138022117827335311e-01
2.859395913353233176e-01 -2.060725239408380816e-01 5.458392370241047509e-01
3.473631226388356197e-01 -2.236227674277171396e-01 5.814430397914591708e-01
4.108410744638435474e-01 -2.230296672177924933e-01 5.893327086371302759e-01
4.722256756250420295e-01 -2.058414842189599803e-01 5.724949227577615929e-01
5.087197193902426307e-01 -1.807252065374140848e-01 5.443102614184652799e-01
8.059769366851066152e-01 3.042023682363534931e-01 7.127573723096782832e-01
4.918401653438353449e-01 -1.550731227022121850e-01 4.435728651462008676e-01
2.527239122015218498e-01 -2.322868532365406913e-01 -4.077391521683673137e-01
1.960695780353103324e-01 -3.460304252306148909e-01 -2.134467386480592421e-01
1.214750800133329312e-01 -2.997946926046878291e-01 -3.893006772313789554e-01
4.869391595103911285e-01 1.374779012477138074e-01 -9.039924178757434703e-01
3.946893115593317347e-01 7.877560172461528509e-02 -1.009252123143526081e+00
1.679472089555842373e-01 -4.706589830396712415e-02 -1.190726978854441676e+00
6.648281670347380157e-01 4.393805959112125903e-01 -6.933440049940902128e-01
2.414411342228646173e-01 -1.832796879556979341e-01 4.974226702047207516e-01
1.386355562158430033e-01 -3.774680151452010080e-01 2.036618028305068329e-01
2.852348846077470412e-01 9.927851223008651860e-02 -1.179648500615108730e+00
7.803796735376886673e-01 3.313015760633913898e-01 -2.069580237401171807e-01
1.165266110922232867e-01 -1.842263916700486170e-01 -6.560322280118724425e-01
1.281025562140651886e-01 -1.926571120966027451e-01 -6.886459890666591921e-01
1.361147919935599138e-01 -2.018959899870740315e-01 -7.298947305810772335e-01
1.444999064918033316e-01 -1.885415785963191482e-01 -7.749483956135021501e-01
1.990419276509891588e-01 -1.301595729722300199e-01 -8.504014029416400167e-01
2.403000423146961495e-01 -1.178561697426537269e-01 -6.039879763038413785e-01
2.552732939625186326e-01 -1.176167463501296695e-01 -5.961480091480364507e-01
2.679014997659412423e-01 -1.187176313453401910e-01 -5.879123033124746822e-01
3.804123558532581661e-01 -1.206627527435691072e-01 -5.078900285348961763e-01
6.268926040038493852e-01 -2.216949748729596381e-02 -2.688149045971979234e-01
1.382984327032037442e-01 -3.249375988145519756e-01 3.219709605229118532e-01
1.735447637131584120e-01 -2.303197683584961020e-01 5.421591251006129264e-01
2.128459451814419534e-01 -2.004107801888221907e-01 5.343750459197030844e-01
2.261964582058577644e-01 -1.091469515592219386e-01 -6.104355244710739647e-01
6.356767138730781141e-01 1.127773670920697857e-01 -4.944700092674816361e-01
1.122083762965313536e-01 -3.202106528227086635e-01 5.370206526829482963e-01
2.402702146603852285e-01 -8.273462792462726867e-02 -9.359785683625962971e-01
9.006617174990494412e-02 -4.326404294803798400e-01 2.525880130525615108e-01
1.869421368098427294e-01 -3.567623633435386132e-01 3.522391609945391827e-02
1.310758519430189617e-01 -1.178887422654351091e-01 -9.938720198181749677e-01
4.178585647182693208e-01 -2.500927933036428685e-02 -7.346526424847181769e-01
3.276017216084037287e-01 -1.950955790787434196e-01 -2.229864002101904497e-01
3.297855487898706528e-01 -5.136695756269515911e-02 -8.537197617541050221e-01
4.783277657751359158e-01 -1.704132285832118399e-01 -2.016246823819036749e-01
3.863865343135897135e-01 -1.680908010964148325e-01 -3.203624990123851157e-01
5.340049450018637955e-01 -8.986442234488789538e-02 -3.517201172660189279e-01
1.558466245340952572e-01 -9.626386707244383167e-02 -1.101617651120081254e+00
2.284563901411227338e-01 -2.988799164296209732e-01 -1.664480221444986779e-02
4.671379481755000285e-01 4.579359453607056984e-02 -8.045615544883790715e-01
3.726232894905043835e-01 1.129332377287631597e-02 -9.186675125949899101e-01
4.772207429517569821e-01 -2.721368821501922441e-02 -6.002392418646460559e-01
7.021976788684538562e-01 1.570594212658056321e-01 -3.640512225737393415e-01
5.520983852802219261e-01 3.690979724166695841e-02 -6.125645410651499034e-01
7.416810791721477614e-01 3.296445544302254449e-01 -4.190890807250835515e-01
4.419007476918184185e-01 -1.125446890558556845e-01 -4.353890082423388375e-01
1.820453076730372821e-01 -3.185765694165700879e-01 1.401461404688154611e-01
1.824781471578580394e-01 -4.340559116715425603e-01 -1.924670289906175169e-01
2.250802421595208269e-01 -3.552811879903744474e-01 -2.061771640829432872e-01
1.541081871164624584e-01 -4.931956390369656162e-01 -1.305648532050192046e-01
2.308116298693487778e-01 -2.659727651936218962e-01 6.455273079200376518e-01
3.470977606940124360e-01 -2.903167420362633422e-01 7.207390775236408587e-01
4.482539237984664027e-01 -2.880200669303083494e-01 7.332233596219046579e-01
5.287634910090499574e-01 -2.573575822985656458e-01 7.090655497865674395e-01
5.810870253127466967e-01 -2.089811375153134421e-01 6.578616768172873552e-01
6.103061130839924076e-01 -7.629321934290844709e-02 4.746826588676645864e-01
8.139632741133704386e-01 2.708209062412150203e-01 2.349848801382221630e-01
5.582358788185359799e-01 -1.109746905899520186e-01 3.151015050815835217e-01
4.880854564570356047e-01 -1.485749399394902248e-01 2.799130541463471511e-01
3.964291290029153814e-01 -1.755603726785004426e-01 2.820227175897921379e-01
3.092873427867957048e-01 -1.908810608261117814e-01 3.094294494250903194e-01
2.428084326502573109e-01 -1.963480861030384439e-01 3.456117257626344363e-01
1.970031221703605340e-01 -2.038343626345140436e-01 3.788305951838234487e-01
8.192094580781983382e-01 5.295141752850334171e-01 2.736317031743848993e-01
2.242563243100914039e-01 -3.172086496695496471e-01 -2.271735123825972535e-01
1.396104869208116828e-01 -4.200361098006393235e-01 9.760438908842500316e-02
1.343576367196911425e-01 -4.882246054304818506e-01 -2.071719500922764579e-01
9.770079956782184993e-02 -4.528280034344598359e-01 -2.512540830408281356e-01
1.342877132373585525e-01 -4.515769286175842501e-01 -2.187118841982788053e-01
2.061164897799289686e-01 -2.900792352172181232e-01 -2.530184632131491917e-01
8.328814258993233466e-02 -4.696570429207315156e-01 -2.632540480367915325e-01
8.079579252957311275e-02 -3.831765785709166927e-01 -2.740754789465213448e-01
1.968098944927141325e-01 -1.790084516367187462e-01 4.624556964986249463e-01
1.612064158499222355e-01 -2.186726761640906957e-01 4.339940332479473861e-01
1.396001191022320231e-01 -2.660417145753526391e-01 4.104237733160666091e-01
5.288616125861960171e-01 -1.547500601199995884e-01 5.233177462972498084e-01
5.715152248040364924e-01 -1.590680532678674375e-01 5.700934024458048643e-01
-3.668534695887535335e-01 -1.742820138712763978e-01 5.444380500766660136e-01
-2.943246154342631371e-01 -1.810407473688924185e-01 5.423906153995968760e-01
-3.659548575483295707e-01 -1.836570968810535831e-01 6.380345008495797998e-01
-4.403617776631811864e-01 -1.674641905841083300e-01 5.468372422371323704e-01
-3.684049153820954103e-01 -1.649097769293446092e-01 4.515009852481520758e-01
3.973282153879802436e-01 -1.814829382194909080e-01 5.110297177177298700e-01
4.683304251974957921e-01 -1.879164068204901561e-01 5.072470504276450631e-01
3.963039697812380524e-01 -1.910177737279710186e-01 6.056938657033479334e-01
3.257618742733949802e-01 -1.750777608881453062e-01 5.155732523470589745e-01
3.986202624262702443e-01 -1.719665343884857478e-01 4.163012127761711589e-01
