-2.173648092640562135e-02 -2.862521120429173394e-01 -5.608757734336611289e-01
2.440770401079817020e-02 -5.158836706098401947e-01 -2.240082494855633044e-01
2.586477202602410763e-02 -3.268084504953916447e-01 -2.958804743436294071e-01
-3.635339927687830652e-02 -4.678075750605970029e-01 1.428885080185793299e-01
2.418753456223665665e-02 -5.528653027990770852e-01 -1.211515434721019413e-01
2.305618110981511037e-02 -5.428147341124400782e-01 2.494551140996351113e-02
2.548718209904876630e-02 -3.990215053937262724e-01 3.969477431808254853e-01
-4.785441257268985282e-01 -1.262099558831941692e-01 4.981179410100120553e-01
2.599365984345958225e-02 -3.819038573844579787e-01 6.796694905304434542e-01
2.492377347312890734e-02 -4.121280425444240336e-01 8.160579380422916529e-01
2.340536427414274812e-02 -3.994589160951633744e-01 1.295758258915924443e+00
-2.063025333002128925e-02 -2.715046902212658875e-01 -5.919952473075063004e-01
-1.823546701117312319e-02 -2.445364603147426319e-01 -6.185865313000327159e-01
-1.410910664871804776e-02 -2.084092764951395171e-01 -6.332645648914503322e-01
-1.484812774197277752e-02 -2.171348132138439802e-01 -6.603765882067702542e-01
-1.562172373450299023e-02 -2.209035032765993556e-01 -7.040795555290157992e-01
-1.773246907205733303e-02 -2.309279686041554314e-01 -7.550327624751185240e-01
-1.747556927633397983e-02 -2.182269679016068942e-01 -8.044024459961063300e-01
1.519071929163895440e-02 -1.481893737191808391e-01 -8.815652949024022078e-01
2.324513524154525612e-02 -4.735948908533071933e-01 -2.695831802446174708e-01
-4.496603126585008159e-02 -3.765425143317735479e-01 -2.495616765400249237e-01
-7.424544775833652466e-01 1.534997218985978407e-01 9.514023127721316087e-01
-2.843012721509552421e-01 -1.899893782129069564e-01 3.733156420088199479e-01
-3.571076627277847138e-01 -1.822221681360147727e-01 3.655593517812727455e-01
-4.249019166433498640e-01 -1.621205302164696604e-01 3.797340191362323925e-01
-5.077556724106813135e-01 -1.113872958420358827e-01 4.671417899000382956e-01
-2.201445547269642589e-01 -1.851171609192903134e-01 4.018249619097977732e-01
-3.870369927643224628e-01 -2.472342523978099393e-01 7.208454482836912369e-01
-3.038880481760486418e-01 -2.464912081432402147e-01 7.048904459978961867e-01
-4.605895977221052817e-01 -2.207768447766156328e-01 7.036459155637646568e-01
-5.072016677978297139e-01 -1.868466483951891632e-01 6.617386836487870738e-01
-5.688669662120560133e-01 -6.620734679792378286e-02 4.079711046380956052e-01
-2.451443655266194455e-01 -2.889470401373495090e-02 -9.923935705083564152e-01
-5.018278030313183535e-01 -1.078627579182270257e-01 5.432209675069599175e-01
-7.659722770636534506e-01 2.376019068055512662e-01 5.164956097528150547e-01
-6.465939935917930370e-01 -4.344445677703947378e-03 5.043667092423063103e-01
-3.326503045268935921e-01 -1.991314887872519535e-01 -4.977802524042118648e-02
-1.015242747532971168e-01 -2.812088524600986350e-01 -5.345497360519246843e-01
-8.823482516284592014e-02 -2.357119797645856885e-01 -6.081974258914113474e-01
-1.744276846383735480e-01 -2.370163985757145486e-01 -5.488628675566220583e-01
-2.289422955378500601e-01 -1.796639659291554558e-01 -5.566777172110293215e-01
-1.484638125376264162e-01 -2.082590429530317699e-01 -5.982153411430557455e-01
-1.997649077393981454e-01 -1.584817074554500937e-01 -5.850648089626597770e-01
-3.230073862514704075e-01 -5.727272709176278731e-02 -6.683075796006909819e-01
-3.606487201609290261e-02 -5.082461765596235637e-01 -2.165946785823047449e-01
-4.671973757863767673e-02 -5.425257854350107323e-01 -1.164090182114566052e-01
-6.018104524141421052e-01 -1.767395179799180482e-01 7.493135557784365020e-01
-1.868227389683063677e-01 -2.446049495752333769e-01 2.006635931953215657e-01
-2.003443624567502468e-01 -3.380330710545276229e-01 -1.494263391380173944e-01
-2.059402528642451102e-01 -3.243924256253194471e-01 -8.874074720122138160e-02
-5.415380741631281580e-01 -1.097327148685420251e-01 -8.413319498377230810e-03
-4.217418107629114510e-02 -5.195872514693888888e-01 2.033443818961130911e-02
-4.396677646827384933e-01 -3.086045622096023067e-01 8.427859076078902945e-01
-5.355538766433909359e-01 -2.497061834727531959e-01 8.151504883688729386e-01
-6.715659800988760253e-01 -4.371903537090347791e-03 1.105091038966177219e+00
-1.274104326900449280e-01 -3.619835506940560776e-01 7.212328506973619824e-01
-2.302402393175029260e-01 -2.224084254018876550e-01 6.509688223685450303e-01
-3.895974953266589935e-01 -4.383041997361447617e-02 -5.564253664579044134e-01
-6.778931519235698033e-01 5.424997560406541464e-01 -4.088672505462298545e-01
-1.469234732663832199e-01 -3.050440822477962222e-01 -2.086092254383886679e-01
-9.150335476116322475e-02 -3.065626726929282508e-01 -2.422608896690353619e-01
-2.913208173773035314e-01 -5.507934462470970294e-02 -5.717199258826188846e-01
-2.740059443763037672e-01 -7.500746466683333447e-02 -5.791337045327349387e-01
-5.708529335972656327e-01 -2.248499232635481349e-01 8.876443305076975321e-01
-2.046344944917066755e-01 -2.935795622220571666e-01 -1.874020237179696569e-01
-3.076062393567724484e-01 -3.477278927839222433e-01 8.216843450874478094e-01
-3.184961240307870867e-01 -3.719904717458533128e-01 9.026223414500100795e-01
-3.857362398544950111e-01 -2.991774739582453435e-01 1.283081223835580431e+00
-6.201035499167062426e-01 -1.308277621920872491e-01 9.827658747241230230e-01
-3.436858147960464294e-01 -3.392909184265491263e-01 1.083586572043770957e+00
-6.404319352970588852e-01 -1.233375377367451620e-01 8.072921047848069520e-01
-6.905558380108089978e-01 8.101259626593429464e-03 8.605675115843758327e-01
-9.710058627388717944e-02 -2.654932687871480734e-01 -5.780576473512000213e-01
-1.620327697794321509e-01 -2.251673635776824112e-01 -5.763286394500166665e-01
-2.152352807189367168e-01 -1.744641244008404701e-01 -5.722965659460810262e-01
-1.308579862257630566e-01 -2.874497529006758700e-01 -2.257644939883729496e-01
-2.824893568314640335e-01 -6.519808238463264960e-02 -5.754296578596984624e-01
-2.439378219741222820e-01 -1.126082572525954895e-01 -6.197831248451057817e-01
-2.638613750193585794e-01 -7.845866027294173817e-02 -5.824195318803626620e-01
-1.144714200338459165e-01 -4.079972735668513373e-01 -1.928869185280318588e-01
-1.875746454286192355e-01 -1.450632155974324045e-01 -5.948520589850947449e-01
-1.362661799964165477e-01 -1.771989763574310928e-01 -6.098555759363200046e-01
-7.870626503234973148e-02 -2.020679437611117013e-01 -6.241751403398243525e-01
-7.876096515176012058e-02 -1.415953642898193365e-01 -8.729824890208970345e-01
-9.860538025533216455e-02 -2.130663774581309511e-01 -7.905481463996633096e-01
-9.548404809985200359e-02 -2.254934361160598755e-01 -7.407141706162923001e-01
-8.727471792265406592e-02 -2.140730005441349171e-01 -6.900860288072951931e-01
-7.835708773474059363e-02 -2.101974175724041771e-01 -6.494157104136699665e-01
-1.782562311711244352e-01 -1.514119115623868694e-01 -6.199060645219378607e-01
-1.918254167941224608e-01 -1.589144947941711905e-01 -6.385367684435694358e-01
-2.053390699419765930e-01 -1.667306295382431358e-01 -6.628358036385684215e-01
-2.145295458713092351e-01 -1.515524307135818205e-01 -6.892636421618969500e-01
-2.925182900478168202e-01 -1.730578975536484210e-01 -4.239340964544879853e-01
-7.582347660655130994e-01 5.760233096196998304e-01 1.177270070920152789e-01
2.699277028316467153e-02 -3.784732591476880348e-01 -2.798203912609042998e-01
-2.165771654635789689e-01 -1.115809115811786101e-01 -6.028536850960208859e-01
-2.302595756101899482e-01 -1.156696944100080171e-01 -6.109390422289884270e-01
-6.880557709153800605e-02 -3.069502044644512040e-01 -2.834768942508864020e-01
-1.799936916680816568e-01 -2.356492821390415715e-01 -2.412878741350377165e-01
-7.977582163086749389e-02 -3.080707900702139845e-01 -2.633483094260896662e-01
-2.607101593268268402e-01 -2.120967717802457742e-01 1.494432787268712426e-01
-3.768940566057921160e-01 -1.808189700893692020e-01 9.085126767768569866e-02
-2.175970578499608621e-01 -2.789022465918833404e-01 -1.270441248334822082e-01
-5.589876510896374384e-01 -1.632117878269667699e-01 1.219262375144580801e+00
-5.097454439475512800e-01 -2.434606340599998475e-01 1.062323164252487739e+00
-4.620455867154760199e-01 -3.067033873627167395e-01 9.248271079519532201e-01
-2.486467667631453438e-01 -9.237275740046291261e-02 -7.542627316447392261e-01
-1.474439295772178582e-01 -4.049506761933940879e-01 8.577264796656436374e-01
-1.714773417713644221e-01 -3.924284767595764833e-01 1.070212841317041974e+00
-1.984975469349059551e-01 -3.768663597121246767e-01 1.303709202844061110e+00
-4.793803049576439435e-01 -1.339416605445897801e-01 4.127743506905701132e-01
-6.482938487284428675e-01 -1.603031183869119136e-02 3.477392051296490649e-01
-1.774665781235640338e-01 -1.799053062958577698e-01 4.299012302990288248e-01
-5.721255891764087664e-01 -1.230644149109852425e-01 6.202632559064218398e-01
-1.373517321257011758e-01 -2.787173114295882215e-01 2.607369013035958361e-01
-1.588169748818479832e-01 -4.123507522653113710e-01 -1.245929659346597940e-01
-7.116058108955769512e-01 6.908334459140574868e-02 2.899672223515281644e-01
-6.038504787966303411e-01 -7.080202786909212120e-02 2.617534312348013259e-01
-5.156677739481807521e-01 -1.316697224851989811e-01 2.085175666023897367e-01
-3.789726584209063276e-01 -1.669234385364148920e-01 2.119819381550558379e-01
-2.773842404096532599e-01 -1.894044732102528883e-01 2.449488071337404538e-01
-2.013629574335595862e-01 -2.145533193997906096e-01 2.851795252655748847e-01
-4.199016762984619788e-02 -3.686619725220552368e-01 3.800473636464463123e-01
-6.981875668969905746e-01 7.644896590086602828e-02 7.134627992503028704e-02
-6.291594330534167057e-01 -9.125007717798866436e-02 6.419852634598250951e-01
-1.432615884049640714e-02 -4.693671343754479697e-01 -2.634640135616567180e-01
-1.815160808811278059e-01 -2.606575685986101121e-01 8.996706838640677883e-02
-7.853451529822308430e-01 4.629617198705915371e-01 5.645440464198236974e-01
-1.421396741121405682e-01 -2.323410320173024957e-01 3.322424766108853511e-01
-2.219521774757815535e-01 -2.094675690669234314e-01 -1.212100578253230698e-01
-5.302193214440364954e-01 -9.408231863787391847e-02 5.433761251971005457e-01
-1.626251142274881545e-01 -3.948180512880483661e-01 -5.103947717259443850e-02
-7.269017040663072748e-01 5.774781640415227457e-01 -1.363780942994094469e-01
-1.734464741169894353e-01 -1.681639256752021083e-01 4.713212299398892302e-01
-1.052439663202786591e-01 -4.719584050683067744e-01 -4.942435840078751585e-03
-5.429901255258329229e-01 2.067726946828329915e-01 -7.206877891778873391e-01
-5.361245661319458122e-01 3.458011900772106628e-01 -8.145568998845220676e-01
-7.534502778483442853e-01 3.282373227403934113e-01 8.952061547059797508e-02
-6.246657288500045979e-01 2.765821488740993761e-01 -5.649482895648816339e-01
-7.311461362267124287e-01 1.405992095930841401e-01 7.063428671827409744e-01
-2.605717214573832763e-01 2.413996684053988651e-02 -1.086247617805073951e+00
-2.472812474622974183e-03 -3.732118759078861814e-01 -2.739053200132013366e-01
-2.456833431465632600e-01 -2.236167774700703603e-01 2.246124855862959013e-02
-7.074745021924400135e-01 6.767214540566585113e-02 5.004704216533539807e-01
-4.133839465083610776e-01 -1.630735369468894191e-01 4.389035762725395085e-01
-3.535412371764579120e-01 -1.801208081504412917e-01 4.238618746207412080e-01
-2.553013479035493027e-01 -9.882994676685380453e-02 -6.300680816417614238e-01
-6.811022541768352312e-01 1.263006295931387579e-01 -1.312153437593013838e-01
-1.284481485344102225e-01 5.694442582749245640e-02 -1.218386352430655961e+00
-3.406826881806734875e-01 1.853572002874104285e-01 -1.067049483616200334e+00
-4.316779116244617853e-01 2.569640033061648676e-01 -9.653767637871624174e-01
2.401667100698778867e-02 -4.105302321075754435e-01 1.051556747658677349e+00
2.114229447325310929e-02 3.522843797039570957e-02 -1.240305874297575883e+00
-2.922312598752085933e-01 -1.848958193582106446e-01 4.315324115251706338e-01
-2.321045572739599550e-01 -1.790491719537712356e-01 4.511422096405659499e-01
-1.922152073712268816e-01 -1.675246279777553582e-01 4.622628995173900801e-01
-6.782701633749610437e-01 -2.339400629207261106e-02 6.765473965711388260e-01
-2.456793888310215834e-01 -2.016914492664056979e-01 5.712350042358314006e-01
-3.120013025750267843e-01 -2.153032711929014908e-01 6.152250485860193407e-01
-3.754004932723375987e-01 -2.118899126912765496e-01 6.259581813365744374e-01
-4.351138614477889632e-01 -1.922338276925117384e-01 6.103763731392817249e-01
-4.705181665975999294e-01 -1.664801881284816432e-01 5.822854960020782400e-01
-7.765268624755350402e-01 3.212524998549792787e-01 7.826940597119858012e-01
-4.525288673118410543e-01 -1.430446784551619999e-01 4.667497768084512000e-01
2.222337241465019431e-02 -2.998408137133368179e-01 -3.774327297156931937e-01
-2.131287567778600289e-01 -2.232050314646727429e-01 -3.869416335068320834e-01
-1.463614648962163756e-01 -3.332917855400463480e-01 -1.961145750608600524e-01
-7.849169360217428393e-02 -2.919097451898444717e-01 -3.765157910579852718e-01
2.584881218065104846e-02 -3.642163207606685660e-01 5.419911352779749336e-01
-4.501388635292435936e-01 1.545617122078990491e-01 -8.645484414354243086e-01
-3.593362729495197527e-01 9.474015404374175331e-02 -9.763909382945334947e-01
-1.368536456027302783e-01 -3.935850370075072435e-02 -1.167696541569123170e+00
-6.124001428045033890e-01 4.540612062964299867e-01 -6.385579567975696591e-01
-1.965407947670527733e-01 -1.825501927923411927e-01 5.094841838530845823e-01
-8.991208387265636759e-02 -3.701317765925082881e-01 2.109618341534169605e-01
1.554671065034929356e-02 -5.876980508467966047e-02 -1.187815646014267479e+00
-2.433482781070139822e-01 1.086567997424486842e-01 -1.156521502903018472e+00
-7.281315796241472071e-01 3.468555083611601919e-01 -1.385408126683168595e-01
-1.314874079548367103e-01 -1.849679500608325533e-01 -6.346769636459126396e-01
-1.458056813435915089e-01 -1.917020859563756119e-01 -6.654127231063777792e-01
-1.575935836304287463e-01 -2.002621793680203766e-01 -7.049243095824619942e-01
-1.644102759414001191e-01 -1.865635573467017139e-01 -7.491861744820971225e-01
-1.736637747545355381e-01 -1.255199959341557481e-01 -8.244815099357638566e-01
-2.422134324166441699e-01 -1.121324897068431969e-01 -5.730474331320967174e-01
-2.575397525363670725e-01 -1.125439211712958576e-01 -5.647504156474769665e-01
-2.702590514487945850e-01 -1.133351413661876084e-01 -5.559971377707051410e-01
-3.598846805147259964e-01 -1.063168608326922615e-01 -4.778342579432781623e-01
-5.939707632371948876e-01 -6.326228882151674338e-03 -2.129426282388990899e-01
-8.842031416333995253e-02 -3.192620599348217070e-01 3.277881638273818510e-01
-1.240012954619729157e-01 -2.247470109502103242e-01 5.536367594498237121e-01
-1.679200595319230160e-01 -1.988288251419945141e-01 5.482844110494011769e-01
-2.265259878681724626e-01 -1.064014231928667176e-01 -5.807227572319662023e-01
-5.986241083313359468e-01 1.281733905908313820e-01 -4.417760989463559440e-01
-6.599658369510486011e-02 -3.150788278984961721e-01 5.399312860270524261e-01
-2.118498755527031818e-01 -7.260957884325458522e-02 -9.075043826685669224e-01
2.385779970615065082e-02 -4.933040339505367911e-01 1.517969292355647593e-01
-4.060217784740416391e-02 -4.244256301815241272e-01 2.546436052606182443e-01
2.488158785052263511e-02 -4.438851673445043389e-01 2.697992119964354174e-01
-1.404406365344001983e-01 -3.468019822916446060e-01 4.958624498433636396e-02
1.355879094148415565e-02 -1.100879991567893512e-01 -1.095342884434407082e+00
1.434733318226605325e-02 -1.273116649018588009e-01 -9.842118457607318405e-01
-1.022704443462785218e-01 -1.097323986152087816e-01 -9.712310753406327990e-01
-3.797640814467673209e-01 -1.244245251048492484e-02 -7.005838956386045702e-01
-2.849333619820981767e-01 -1.816720677840777398e-01 -1.933156082936093867e-01
-3.001868494338433280e-01 -3.813432081372428173e-02 -8.190567929686687343e-01
-4.456121854587991038e-01 -1.540500558387947194e-01 -1.573255638973591886e-01
-3.527875482032483134e-01 -1.557711675070905244e-01 -2.855104582537071334e-01
-5.050717433050522231e-01 -7.661956875493203256e-02 -3.078978576143143187e-01
-1.269378185153902105e-01 -8.842090979414102270e-02 -1.077098137379286502e+00
-1.825005552871239445e-01 -2.885814433151168146e-01 9.807703635900111294e-04
-4.312915281478479912e-01 6.204370252668928165e-02 -7.637951883002647158e-01
-3.386105658576443744e-01 2.721152200910084695e-02 -8.822209100997069342e-01
-4.435634871965254966e-01 -1.633674482669517092e-02 -5.666550262833269791e-01
-6.604786799755402171e-01 1.737537928425680889e-01 -3.026566709793954146e-01
-5.178499786842971631e-01 5.000590892711584412e-02 -5.726721216386065905e-01
-6.910793426708750076e-01 3.436387290885523083e-01 -3.546387683002194535e-01
-4.140474264474647281e-01 -1.008422868594827104e-01 -4.016960693809845662e-01
-1.344034812191807760e-01 -3.124166892405355611e-01 1.524037247951415264e-01
-1.365530271257853201e-01 -4.228784104518823472e-01 -1.758792064408681854e-01
-1.779468689555585570e-01 -3.412601414435834091e-01 -1.866369032571452147e-01
-1.069352788005684118e-01 -4.805158775980089558e-01 -1.167685934736081843e-01
-1.824118084332582157e-01 -2.581789635733855448e-01 6.635855154546992374e-01
-3.019565402251345176e-01 -2.757397285115814611e-01 7.442308297549873330e-01
-4.049704978257295807e-01 -2.703271214636870923e-01 7.612592898277545927e-01
-4.886640367569583532e-01 -2.384855378227968004e-01 7.421333062209205522e-01
-5.450358247660602729e-01 -1.900226812248106967e-01 6.970835920067375291e-01
-5.800238756368258919e-01 -6.089097811308591401e-02 5.228080723224317605e-01
-7.703321685639252792e-01 2.849637284558781403e-01 3.066133547851623842e-01
-5.325217008120830542e-01 -9.737024833933460854e-02 3.528878403618320725e-01
-4.633035596040002702e-01 -1.360742546174797951e-01 3.080369211394735629e-01
-3.695128010736681290e-01 -1.660520208481841564e-01 2.959614855599446148e-01
-2.786035711260487213e-01 -1.842222842958207707e-01 3.137454084112440977e-01
-2.064520781113188264e-01 -1.901731788036542525e-01 3.459967891293056486e-01
-1.564020393423071198e-01 -1.993415180026048006e-01 3.765691441642833315e-01
-7.748428913405547291e-01 5.412270013405162672e-01 3.479872091221025698e-01
-1.775643365685725117e-01 -3.034184867188038925e-01 -2.080863735137744586e-01
-9.069311958920245331e-02 -4.123662024602126053e-01 1.063654895541069068e-01
-8.820555478572522645e-02 -4.761024452239970284e-01 -1.942693948364521139e-01
-5.232639807339900528e-02 -4.414115552377972929e-01 -2.410743298476181184e-01
-8.840825099820648347e-02 -4.404342327005150715e-01 -2.054109889575744807e-01
-1.589880460146325669e-01 -2.760217539219456118e-01 -2.353756552324615114e-01
-3.775632631782613324e-02 -4.589734401809486553e-01 -2.542148495864315905e-01
-2.746549721741979588e-02 -3.739258530361000421e-01 -2.658261618648960489e-01
-1.501812836548488406e-01 -1.767182280785206672e-01 4.657690974159831576e-01
-1.168736742403110318e-01 -2.146659756805391339e-01 4.333020800642020109e-01
-9.766275923772660406e-02 -2.605100409276417395e-01 4.085783829149420843e-01
-4.888684598540748993e-01 -1.404464095013935321e-01 5.603987998649897495e-01
-5.337671266740784404e-01 -1.414455332282571476e-01 6.119686950156220107e-01
8.421245525047638125e-02 -4.673812431166268766e-01 1.376457024565874709e-01
5.115680997693772269e-01 -1.370680391841183621e-01 4.594116636767064943e-01
9.585792878491206093e-02 -3.806030083609079906e-01 -2.558319913881029750e-01
7.526444650913788337e-01 1.318541656907257220e-01 8.722547998380014711e-01
3.121709543911777018e-01 -1.928956166024065055e-01 3.579670665772249905e-01
3.811871418637480247e-01 -1.877322482277676841e-01 3.457951304069950549e-01
4.468495358409541041e-01 -1.702356533215265699e-01 3.500725964732442907e-01
5.338400062111503530e-01 -1.220007121256472260e-01 4.224218519267686212e-01
2.550834686387837280e-01 -1.875421741237559559e-01 3.880400302929187806e-01
4.180900825492273043e-01 -2.561422074265351512e-01 6.866253215797923914e-01
3.366000817823788793e-01 -2.536143820179859176e-01 6.743761560917438391e-01
4.916003746622266135e-01 -2.334250817614957896e-01 6.662735049671686394e-01
5.369788317679535794e-01 -2.020004865341817890e-01 6.198111010758233785e-01
5.850222639605107133e-01 -7.982090395149271655e-02 3.554289087194184571e-01
2.732498184610987479e-01 -4.097369686190788229e-02 -1.006306149088822544e+00
5.363683655357220914e-01 -1.194021261592403960e-01 4.997275117603283690e-01
7.903612272741611378e-01 2.175700784059486637e-01 4.402124591349476646e-01
6.580133227416240516e-01 -2.126744784943582212e-02 4.399142517834908617e-01
3.671990092506405290e-01 -2.083858218355771896e-01 -8.195007811899329697e-02
6.272096234340551746e-02 -2.807377529009913442e-01 -5.404534937705873787e-01
5.791280046813729321e-02 -2.348692004860852833e-01 -6.120090440213765692e-01
1.482519823362205003e-01 -2.361420857994872557e-01 -5.607763744348248647e-01
2.121196200009067834e-01 -1.803070343589802116e-01 -5.756715969788372966e-01
1.271836246529303716e-01 -2.073146812897302960e-01 -6.079754628965194918e-01
1.876112412670766227e-01 -1.599853751165325466e-01 -6.025570985205608299e-01
3.587719252412602255e-01 -6.554370131757136786e-02 -6.803862512711500443e-01
8.270234052032421346e-02 -5.118016241062783855e-01 -2.221371605890254397e-01
9.170300506089468229e-02 -5.464537722428275401e-01 -1.229496391568926650e-01
6.203895954257632184e-01 -1.931459898472098757e-01 7.008237792181182257e-01
2.284751296319775804e-01 -2.467722481895862074e-01 1.816020246758753842e-01
2.437019641021720417e-01 -3.456232106335888066e-01 -1.673477419999291893e-01
2.478224443209775529e-01 -3.319139342226051781e-01 -1.072983505324393017e-01
5.669616201462446270e-01 -1.222106078619944469e-01 -5.989955519755396640e-02
8.816287487367624465e-02 -5.203323980182972264e-01 1.484698824317960686e-02
4.739407017808616729e-01 -3.243447402505594823e-01 8.056795449178366653e-01
5.626057330161415848e-01 -2.666252480914010903e-01 7.737971178558011864e-01
6.862561455420745915e-01 -2.555457280614403803e-02 1.030858959130254160e+00
1.769856866360441927e-01 -3.659213815785378188e-01 7.011403894594536723e-01
2.675351411030035820e-01 -2.259348739910294057e-01 6.240755155235200302e-01
4.167235055971341140e-01 -5.475897281113750736e-02 -5.708908281509517124e-01
7.233248671525416285e-01 5.209718959342524158e-01 -4.649706122750174586e-01
1.938798549358855539e-01 -3.127529522535310580e-01 -2.221924499151012311e-01
1.410808220125209234e-01 -3.157721273001734552e-01 -2.523656694568915393e-01
3.135974097614463441e-01 -5.545137258103266520e-02 -5.852709187339644181e-01
2.936376796482326190e-01 -7.719596002455780814e-02 -5.912996715483820331e-01
5.950944562460591669e-01 -2.424297756995485997e-01 8.369417275885360219e-01
2.462281210231509476e-01 -3.023393956072595312e-01 -2.054125462514544420e-01
3.507930379296197998e-01 -3.612419079690454282e-01 7.900422772136983518e-01
3.617835657738766031e-01 -3.862391220081917709e-01 8.650810393966423817e-01
4.171423148697783745e-01 -3.134200175560764023e-01 1.235409864371206368e+00
6.413955202386745214e-01 -1.485365052928955265e-01 9.206010291548216706e-01
3.807488635487743522e-01 -3.512959868228193727e-01 1.044444921475928822e+00
6.576225629526533112e-01 -1.398986536215576781e-01 7.446899172300902592e-01
7.099474009901740601e-01 -9.785947631670878499e-03 7.922015023247297449e-01
6.082840370216849313e-02 -2.646731098366106316e-01 -5.828045470877996070e-01
1.376432717939410355e-01 -2.242688935565301245e-01 -5.872554742338442768e-01
1.996101981431935846e-01 -1.759323635663645469e-01 -5.904655104536959964e-01
1.785129556570091980e-01 -2.960261303777467212e-01 -2.380153992919575856e-01
3.035749774270457557e-01 -6.726543951672492305e-02 -5.883451852981091967e-01
2.510898002500822068e-01 -1.147005248817556389e-01 -6.387789453199999024e-01
2.831901520646384895e-01 -7.966972736372368580e-02 -5.935111008917903774e-01
1.593958733292488716e-01 -4.105035461367811944e-01 -2.048261700904552285e-01
1.779846182450950387e-01 -1.460605321056557271e-01 -6.107801074112562123e-01
1.206958318706208289e-01 -1.760373782120583375e-01 -6.186010987459866772e-01
5.601494807441750878e-02 -1.998539984918173973e-01 -6.268944278543375770e-01
1.052528678609976343e-01 -1.454468276814391281e-01 -8.800521904317792909e-01
6.637336767587598274e-02 -2.135557786714881168e-01 -7.971812513025611224e-01
6.218690269220283895e-02 -2.245628675115840522e-01 -7.467628710290896699e-01
5.893170564508151688e-02 -2.123982611614283478e-01 -6.958792018508996868e-01
5.297429574826859056e-02 -2.076569300879627100e-01 -6.543739933094450123e-01
1.713850474344158492e-01 -1.506025453859805019e-01 -6.348253757537913877e-01
1.836440251411786129e-01 -1.600965620142824619e-01 -6.546872959788085922e-01
1.950464230832849033e-01 -1.684593998740235854e-01 -6.801738162730863735e-01
2.070748836074010057e-01 -1.532585997484781082e-01 -7.075600197664577706e-01
3.180983476904142293e-01 -1.815001046515291039e-01 -4.421824371662375075e-01
7.977577661524293262e-01 5.529319088228845658e-01 4.344324511240671427e-02
2.223048942553051965e-01 -1.106545948344739294e-01 -6.200352401360986754e-01
2.356137918305917234e-01 -1.170324579428025369e-01 -6.296505979488231652e-01
1.182875389755741469e-01 -3.119132136807090117e-01 -2.914305753462270721e-01
2.244130938106853046e-01 -2.465249113205475462e-01 -2.575129086610589146e-01
1.294215610659663063e-01 -3.155699707517223285e-01 -2.727933599188520075e-01
2.990558412143684563e-01 -2.156337985805834023e-01 1.235744963414830977e-01
4.103789336546981303e-01 -1.887571334027171588e-01 5.365535247085148618e-02
2.597527644740971198e-01 -2.872453852083012293e-01 -1.466505804224027543e-01
5.810917744213384140e-01 -1.834775715536807184e-01 1.154115009910583467e+00
5.378096718384739461e-01 -2.604066614377842370e-01 1.008288727110906446e+00
4.962991026182805854e-01 -3.231282793327849845e-01 8.807580151284355452e-01
2.758322931565038161e-01 -9.850179940033898518e-02 -7.699964873839015844e-01
1.995218147694544086e-01 -4.111876495800359521e-01 8.270217700854232135e-01
2.139748213894065998e-01 -3.994505736573117360e-01 1.048672068105105382e+00
2.373132084012574694e-01 -3.865791931447759566e-01 1.276997117280131988e+00
5.022455923189284022e-01 -1.440315554832594103e-01 3.739577387051440382e-01
6.560146081113771288e-01 -3.398239955688039937e-02 2.859241432711101538e-01
2.176407388545520405e-01 -1.794989294632287624e-01 4.171180913788041789e-01
5.957070581423806743e-01 -1.381039111026535759e-01 5.703888762658593237e-01
1.815373540976494837e-01 -2.795117784710754449e-01 2.462316151664034614e-01
2.022580676452889747e-01 -4.185660019437875690e-01 -1.406489305226799047e-01
7.373384275162209178e-01 5.035193110936517225e-02 2.203455073699345235e-01
6.111733372637928596e-01 -8.591950156855432397e-02 2.064468380720885232e-01
5.251911673020970284e-01 -1.439923460253567100e-01 1.628692149472865669e-01
3.961223080217735060e-01 -1.741322058235184045e-01 1.812144122802311630e-01
3.010104410332559155e-01 -1.936948888880962727e-01 2.252809377577658090e-01
2.303494418289808721e-01 -2.175907676518207268e-01 2.717313789945829949e-01
9.197615316103302519e-02 -3.691202059483700282e-01 3.736245560907403007e-01
7.265598643328985418e-01 5.979822315852686976e-02 5.038287809488659064e-03
6.438974507201322695e-01 -1.073116392947423559e-01 5.828949484148193694e-01
5.955323078613780630e-02 -4.702116678677925599e-01 -2.665099485807342905e-01
2.245629434014517756e-01 -2.632061499925342218e-01 7.205569605968492608e-02
8.107201126072993702e-01 4.424271437845572752e-01 4.839775231181786541e-01
1.781080448548522099e-01 -2.335166483593553721e-01 3.242540704222307557e-01
2.680044366019096458e-01 -2.179405493860642196e-01 -1.415410040870312969e-01
5.611389322233151233e-01 -1.059561685821108767e-01 4.952187518041606396e-01
2.044950589854543921e-01 -4.011047456042859949e-01 -6.686875244980711175e-02
7.716569476947654493e-01 5.533820667693589712e-01 -2.021795819899807611e-01
2.176623290837120805e-01 -1.660079394065760994e-01 4.574374832002681135e-01
1.475727535025228576e-01 -4.753513079123194984e-01 -1.601475079765733722e-02
5.724799885773101948e-01 1.864576238332915636e-01 -7.566399010401525516e-01
5.731046576826770433e-01 3.241302728582695636e-01 -8.464958230902652758e-01
7.933692434054506748e-01 3.080486879024124658e-01 1.847688520905735321e-02
6.579008666793839666e-01 2.556953864552014011e-01 -6.122875532632576778e-01
7.535961036619909237e-01 1.219193480822153286e-01 6.329811352264846924e-01
2.898687482151274253e-01 1.195514832185388260e-02 -1.096624140703816863e+00
5.692200801117180964e-02 -3.750743106658793735e-01 -2.766394760941010000e-01
2.851227686910817738e-01 -2.295980050819323992e-01 -1.594544495962108011e-03
7.116503928834561066e-01 5.017732768575200453e-02 4.247448795814900979e-01
4.442017128063469045e-01 -1.713648857091243372e-01 4.114322059631358997e-01
3.848823746555041225e-01 -1.858958774381136436e-01 4.033269154617102892e-01
2.673721824796687629e-01 -1.002012675641006378e-01 -6.487886631010608696e-01
7.118814450421950824e-01 1.091701180388329750e-01 -1.922838155801187554e-01
1.675652723349685402e-01 5.060124412336677868e-02 -1.221110258498470102e+00
3.785499304100881091e-01 1.703513462496530906e-01 -1.078435750695661000e+00
4.695414339739301113e-01 2.390158499121497471e-01 -9.843461994112345792e-01
3.260632490782455761e-01 -1.887973773229134622e-01 4.138545112371383450e-01
2.709121766302224898e-01 -1.797900805442509409e-01 4.348307407436524663e-01
2.353989859815719399e-01 -1.659498760391286964e-01 4.466509288389930443e-01
6.877778062062134268e-01 -3.937661128224703710e-02 6.051671781175271825e-01
2.816185777261281942e-01 -2.029584319878097176e-01 5.413565400618491896e-01
3.421138992862893247e-01 -2.202434626701332832e-01 5.791030915462291873e-01
4.046325957229868209e-01 -2.196593251717615658e-01 5.874675835062515006e-01
4.650895754387818215e-01 -2.027308836529684299e-01 5.696164477249354707e-01
5.010321346787804941e-01 -1.779941538933016432e-01 5.397355454123509144e-01
7.937973105764939419e-01 2.996053742805315778e-01 7.019864441600964788e-01
4.844076582255496533e-01 -1.527297148848916208e-01 4.329354556245945673e-01
2.494263488468467793e-01 -2.287398775291987763e-01 -4.016112940858440616e-01
1.931066469103015493e-01 -3.409194726293585109e-01 -2.102920104990774197e-01
1.193794537154616031e-01 -2.952064332831072502e-01 -3.842921407200572403e-01
4.795810200629713194e-01 1.354003863517055928e-01 -8.903316373114922300e-01
3.887241679372932524e-01 7.758409070159788534e-02 -9.939321665501532621e-01
1.654092526965911247e-01 -4.635465581337427921e-02 -1.172686736030881249e+00
6.547815290574021674e-01 4.327408393042742052e-01 -6.828664461941968966e-01
2.377925648802126091e-01 -1.805100329308473306e-01 4.900261123350679870e-01
1.365405468387592691e-01 -3.717638577640514086e-01 2.005841408054820363e-01
2.809245202666232899e-01 9.777825219440955395e-02 -1.161822087695441041e+00
7.685868638258597230e-01 3.262950697295263769e-01 -2.038305504408199909e-01
1.156852742025848979e-01 -1.821165585304784784e-01 -6.435732343636213493e-01
1.268948836329220065e-01 -1.904648906892125737e-01 -6.756890594848630194e-01
1.345150009600659669e-01 -1.995774046961096282e-01 -7.164587360172891550e-01
1.426173711381295561e-01 -1.863838071021017839e-01 -7.610601653309245762e-01
1.961841430831157140e-01 -1.286340626657356268e-01 -8.362037525825605222e-01
2.413597037681469715e-01 -1.155505383712368550e-01 -5.914465810949431912e-01
2.565164513821915904e-01 -1.151985517004214254e-01 -5.833942630401844909e-01
2.692009849018228707e-01 -1.161939842353576502e-01 -5.751820872632262827e-01
3.788359659344164854e-01 -1.178339017791604770e-01 -4.965327384686646361e-01
6.173680646104084957e-01 -2.171615409703869792e-02 -2.645899309871535543e-01
1.362085178122640627e-01 -3.200272617043253831e-01 3.169031987575288145e-01
1.709222192718407030e-01 -2.268392609936498161e-01 5.363006956974725181e-01
2.096294957856237318e-01 -1.973822464185204240e-01 5.289995719587270440e-01
2.271380514560239483e-01 -1.070928733237896946e-01 -5.979491226837074791e-01
6.260959334482318894e-01 1.114008943218411374e-01 -4.863432356470287488e-01
1.105127247122972278e-01 -3.153717475763428979e-01 5.292558280749759536e-01
2.366468839908630883e-01 -8.166151039352365082e-02 -9.213470587651184651e-01
8.870512499159488584e-02 -4.261025269292062490e-01 2.487709961895845368e-01
1.841171362091387209e-01 -3.513711021332355244e-01 3.469162522164552509e-02
1.291385354341700875e-01 -1.162821469384833772e-01 -9.783408293438200509e-01
4.153079424109051843e-01 -2.433201049100913727e-02 -7.211090085258864413e-01
3.226511252574226774e-01 -1.921473666666173585e-01 -2.196167119992153971e-01
3.253582940551424940e-01 -5.073962285456146137e-02 -8.403226357454762763e-01
4.710975757120161589e-01 -1.678336662383150824e-01 -1.985718351638632306e-01
3.806149488325383246e-01 -1.653280117448208131e-01 -3.150457374048121206e-01
5.259385712223307863e-01 -8.786706571864089099e-02 -3.452164632321208515e-01
1.534947779059203654e-01 -9.481927525052502581e-02 -1.084200302928748361e+00
2.250040414604193018e-01 -2.943633534018275100e-01 -1.639327247736459270e-02
4.610410329091241266e-01 4.510869237374925955e-02 -7.917435166917941025e-01
3.671211379723926527e-01 1.107726901910448952e-02 -9.038748132839269367e-01
4.742025414359929414e-01 -2.575920808881929092e-02 -5.871010132170106921e-01
6.915858355291337745e-01 1.546871350496403785e-01 -3.585482506826265237e-01
5.451594563913086944e-01 3.704137887336783619e-02 -6.014638945701644701e-01
7.304730683408422465e-01 3.246630866907185275e-01 -4.127559611566411490e-01
4.368307637935964216e-01 -1.099088973849082773e-01 -4.261506440359696946e-01
1.792943061476037769e-01 -3.137623578357562337e-01 1.380283028472095719e-01
1.797206047218224967e-01 -4.275281040168721347e-01 -1.895765564413454118e-01
2.216789125815132877e-01 -3.499710348981610597e-01 -2.030932437070309682e-01
1.517793610497086831e-01 -4.857426485003202288e-01 -1.285918053142154349e-01
2.273236896748187519e-01 -2.619534828944836136e-01 6.405315722040394455e-01
3.418525473932731984e-01 -2.859295825405894220e-01 7.147237530272243511e-01
4.414800758816284088e-01 -2.836676139414961995e-01 7.266089277856324635e-01
5.207730122158693575e-01 -2.534684894648364661e-01 7.027936441336590789e-01
5.723058525735069679e-01 -2.058230916670567012e-01 6.524778634424355239e-01
6.010833922704961196e-01 -7.514030435995522339e-02 4.663798317075473765e-01
8.016629614200354581e-01 2.667283606232473403e-01 2.314338753253153413e-01
5.498000241743739025e-01 -1.092976820089575085e-01 3.062305975564783012e-01
4.807096891141782180e-01 -1.463297302626287433e-01 2.706771916544392642e-01
3.904384382646952645e-01 -1.729073690981408618e-01 2.714518396663312405e-01
3.046135065716271129e-01 -1.879965366589075870e-01 2.976253514662241528e-01
2.391392011982240717e-01 -1.933809462668634183e-01 3.331521068003107100e-01
1.940260836708063152e-01 -2.007540929493956128e-01 3.667399230928236609e-01
8.068298669883233742e-01 5.215123524280329548e-01 2.694966818301836042e-01
2.208614793439284130e-01 -3.125010321009202841e-01 -2.237850413407543870e-01
1.375007447506071401e-01 -4.136886790782057233e-01 9.612942799716306386e-02
1.323272736837299846e-01 -4.808666394742477923e-01 -2.040540190821976685e-01
9.622438113066067444e-02 -4.460962463123219202e-01 -2.475878603440978543e-01
1.322584068592647100e-01 -4.448255419124358401e-01 -2.154697552102569080e-01
2.029429277172006829e-01 -2.858280374830268755e-01 -2.492638370339389509e-01
8.202952290758958043e-02 -4.626542118298326844e-01 -2.593968027908455376e-01
7.954463798063443614e-02 -3.776090786061780946e-01 -2.702155953637125352e-01
1.938357759785347412e-01 -1.763033419592829887e-01 4.530187090177328901e-01
1.587703239693816215e-01 -2.153681753593872372e-01 4.241086414626782375e-01
1.374905336066767347e-01 -2.620213903385959497e-01 4.018574916008765818e-01
5.208696510159427362e-01 -1.524115343052301341e-01 5.174796347508558991e-01
5.628786975826471917e-01 -1.566642755337355197e-01 5.663797221651334368e-01
-3.613097153039035447e-01 -1.716483283775716018e-01 5.376726855417612860e-01
-2.898768904344706243e-01 -1.783049263881508750e-01 5.358438150026099134e-01
-3.604246827570989353e-01 -1.808817385917649290e-01 6.384861182488426046e-01
-4.337071929469971110e-01 -1.649335335205392994e-01 5.406392087293110382e-01
-3.628377162208096252e-01 -1.624177212224964251e-01 4.384245287535624147e-01
3.913239379880195656e-01 -1.787404350137578035e-01 5.043046984327337334e-01
4.612531885985760027e-01 -1.850766834108341641e-01 5.003914364677841675e-01
3.903151704029994562e-01 -1.881311836058330300e-01 6.044234989357799570e-01
3.208390810165440143e-01 -1.724320503591059150e-01 5.091678441338454153e-01
3.925964600881570732e-01 -1.693678395664477421e-01 4.040960071278909549e-01
