-2.304721456472362540e-02 -3.186202687523996824e-01 -6.113432028523789752e-01
2.687719289736723027e-02 -5.680613481987877300e-01 -2.466589555686203861e-01
2.873367695416220724e-02 -3.593993510868672692e-01 -3.250651381163437437e-01
-4.003151318155126481e-02 -5.151387622609119310e-01 1.573454836691446923e-01
2.663474744914003101e-02 -6.088023430232596400e-01 -1.334092469884537724e-01
2.538892748334629218e-02 -5.977348918119751442e-01 2.746941438730705898e-02
2.806588892520978096e-02 -4.393931508641860662e-01 4.371095709202670321e-01
-5.269616007869313279e-01 -1.389794520754633056e-01 5.486087216321045013e-01
2.862361037368074679e-02 -4.205435971621747093e-01 7.484361493141795663e-01
2.744547652131511944e-02 -4.538257630861290970e-01 8.986239183532762631e-01
2.577343981846781651e-02 -4.398748173000252004e-01 1.426858694198870570e+00
-2.180515088098530091e-02 -3.028429372372096751e-01 -6.452330024155588095e-01
-1.923059744555653122e-02 -2.735166935479361738e-01 -6.746559338433315567e-01
-1.486924960816080749e-02 -2.335803538351898245e-01 -6.914840502261843103e-01
-1.675679655370598820e-02 -2.384608101261749269e-01 -7.349972649265625879e-01
-1.764422299306918351e-02 -2.425858180627084026e-01 -7.831016347459274218e-01
-1.995146422957888577e-02 -2.536588213687215321e-01 -8.385759226453173287e-01
-1.966773020619089207e-02 -2.397297197065959562e-01 -8.919820726646237041e-01
1.641137544787868441e-02 -1.627388724041169965e-01 -9.748806428500673693e-01
2.559699935463000120e-02 -5.213549305101756737e-01 -2.966399167633019252e-01
-4.949108731210274947e-02 -4.142349318993115981e-01 -2.743911056366575840e-01
-8.175735088680944340e-01 1.690303042570338032e-01 1.047661978859832921e+00
-3.130659126801760284e-01 -2.092118605019158695e-01 4.118320116246483309e-01
-3.932386074501874607e-01 -2.006587903967290698e-01 4.033341062318488435e-01
-4.678920545345841564e-01 -1.785233367843113150e-01 4.188615044309815794e-01
-5.591286729008480005e-01 -1.226570854570359081e-01 5.146644676739768887e-01
-2.424180357187207813e-01 -2.038466887520253845e-01 4.430938755798394801e-01
-4.261960858072304514e-01 -2.722485773177406587e-01 7.929574853540619639e-01
-3.346344124141560350e-01 -2.714303543602467617e-01 7.754027202664515173e-01
-5.071904944037779472e-01 -2.431142987356783580e-01 7.740752751675581411e-01
-5.585186159762369762e-01 -2.057511599174717265e-01 7.280376371723551454e-01
-6.264230005844586557e-01 -7.290598244749388335e-02 4.495126617172906514e-01
-2.707317224757369023e-01 -3.187090150154459067e-02 -1.094834202809667589e+00
-5.526010417599160895e-01 -1.187759463423293804e-01 5.980017610573571396e-01
-8.434707597063406670e-01 2.616416635980927108e-01 5.687528890126245518e-01
-7.120141855357309257e-01 -4.784001796468515672e-03 5.554064030391338003e-01
-3.663067365198229286e-01 -2.192789388836852149e-01 -5.481439736588578082e-02
-1.109143727781899125e-01 -3.118903420391749837e-01 -5.831113256443390958e-01
-9.632523555459826525e-02 -2.629449702633969155e-01 -6.634619788516133987e-01
-1.906653177643332087e-01 -2.623140363160956223e-01 -5.997465031634169330e-01
-2.490111765427814872e-01 -1.994214639207316786e-01 -6.114422875234573063e-01
-1.621619746100056991e-01 -2.316062889967737126e-01 -6.540967144327629601e-01
-2.172623851821647301e-01 -1.762414870338702144e-01 -6.434317226699102221e-01
-3.548146260987083966e-01 -6.376973863317758617e-02 -7.392123195819180204e-01
-3.971379352291630471e-02 -5.596515590163708698e-01 -2.384965313749126681e-01
-5.144668250892797667e-02 -5.974167082852791522e-01 -1.281868883281311045e-01
-6.626995972267935020e-01 -1.946214242532769978e-01 8.250737050323251331e-01
-2.057248314156958080e-01 -2.693532505341678096e-01 2.209660579192627150e-01
-2.206145270062231378e-01 -3.722261826206166857e-01 -1.645440423219889370e-01
-2.267765906664603870e-01 -3.572133533788885984e-01 -9.771923566954676676e-02
-5.963290637297098407e-01 -1.208350999525803215e-01 -9.264550505157301274e-03
-4.644122179752736834e-02 -5.721573310860115225e-01 2.239180726764371243e-02
-4.841518611051769394e-01 -3.398281273750912712e-01 9.280561334215899905e-01
-5.897394053577971196e-01 -2.749706100128623820e-01 8.976245067773886976e-01
-7.395127531226037831e-01 -4.814237987260019253e-03 1.216900413204746512e+00
-1.403013890627468618e-01 -3.986078212589688752e-01 7.942047495960742332e-01
-2.535351675083737932e-01 -2.449109571667066332e-01 7.161948601992789154e-01
-4.255978970233440517e-01 -5.024568940970092212e-02 -6.156133286415832462e-01
-7.464800867788889960e-01 5.973880468136368860e-01 -4.502350551893566921e-01
-1.617722625477130416e-01 -3.356460019563461961e-01 -2.296007965412826257e-01
-1.006440878224612590e-01 -3.371172625881154739e-01 -2.664878578088605288e-01
-3.168367307076322414e-01 -6.274362593399493426e-02 -6.340292804978440167e-01
-2.982194861547431408e-01 -8.442416688584467033e-02 -6.424269676817349062e-01
-6.286099014284112219e-01 -2.475994775190235586e-01 9.774531797319023774e-01
-2.253387200809869872e-01 -3.231983495068981860e-01 -2.063404531721360069e-01
-3.387287975947281815e-01 -3.829098241282253845e-01 9.048195862212931040e-01
-3.507204839444186817e-01 -4.096272087154412267e-01 9.939466181073777218e-01
-4.247637271202446829e-01 -3.294472382394261212e-01 1.412899039613156216e+00
-6.828435284236502589e-01 -1.440644723982224540e-01 1.082198799863531846e+00
-3.784587823695135800e-01 -3.736192252594036090e-01 1.193220194121198396e+00
-7.052286710375577083e-01 -1.358164123823462077e-01 8.889711877538171159e-01
-7.604239405889388070e-01 8.920918309096588505e-03 9.476368228859775034e-01
-1.060185015393277919e-01 -2.952216474296700532e-01 -6.302711371424649656e-01
-1.770235752563436571e-01 -2.497757697326420390e-01 -6.297675921080894135e-01
-2.341209663814505237e-01 -1.937909936016338763e-01 -6.287556000559373359e-01
-1.440214593657990760e-01 -3.161888368251846160e-01 -2.484691869373605311e-01
-3.073046480100467548e-01 -7.377369954722720613e-02 -6.382484189299231225e-01
-2.674404812796041808e-01 -1.247957493793273032e-01 -6.876308663444714586e-01
-2.873435513834224908e-01 -8.804682273821504146e-02 -6.460591689838905971e-01
-1.260532508966873688e-01 -4.491368978131640155e-01 -2.123087950031831150e-01
-2.040488273834602517e-01 -1.613665833433081120e-01 -6.546739318482335257e-01
-1.487721921997678942e-01 -1.974881896231829304e-01 -6.678183195585714049e-01
-8.597377048541135491e-02 -2.259410703337040305e-01 -6.816376771229577525e-01
-8.746358120772820821e-02 -1.556068317906843523e-01 -9.652666121623643125e-01
-1.093435148452134298e-01 -2.341984313508469473e-01 -8.765123080187211535e-01
-1.058804504362341747e-01 -2.478385631196016181e-01 -8.224552719066067219e-01
-9.683270701121088342e-02 -2.352411024853933164e-01 -7.671023059207193739e-01
-8.692109839422879070e-02 -2.309893121418130635e-01 -7.222695063418167472e-01
-1.965060818717762059e-01 -1.669058659611937223e-01 -6.884515702927036518e-01
-2.116978580092838680e-01 -1.751054385632148103e-01 -7.089155015781463121e-01
-2.268858961509744865e-01 -1.836249685569590895e-01 -7.354218442492297392e-01
-2.372903166762315164e-01 -1.668662502742535025e-01 -7.642840771228402996e-01
-3.202309581327005272e-01 -1.912583606899194155e-01 -4.660709408939056608e-01
-8.349503935321804793e-01 6.343033985982149403e-01 1.296382261186625751e-01
2.978408127163124919e-02 -4.163553359482400351e-01 -3.075545175567030443e-01
-2.372905254530431884e-01 -1.236265108684959924e-01 -6.691248977071793114e-01
-2.523762719780703323e-01 -1.281442611786938468e-01 -6.780120139834624471e-01
-7.552955411121156648e-02 -3.375384103103823419e-01 -3.116093061306817180e-01
-1.980639817210003151e-01 -2.592644540643421758e-01 -2.656522892020762860e-01
-8.767108860771766210e-02 -3.387582031323110865e-01 -2.895856126495651717e-01
-2.870879309020809567e-01 -2.335560053303072925e-01 1.645634431494157890e-01
-4.150269216958542007e-01 -1.991136215206964488e-01 1.000432907206198485e-01
-2.396127917294307852e-01 -3.071206319874573154e-01 -1.398980190448011751e-01
-6.155441297934309830e-01 -1.797250041465947579e-01 1.342623215799616077e+00
-5.613197627876511664e-01 -2.680931570479154757e-01 1.169805429670788266e+00
-5.087937954358601189e-01 -3.377345980915191781e-01 1.018397987734348531e+00
-2.752476528319897087e-01 -1.017248664336273256e-01 -8.343225693378306662e-01
-1.623618073637529968e-01 -4.459222150987247613e-01 9.445083419953910209e-01
-1.888268388652101226e-01 -4.321330619062278000e-01 1.178493357558972443e+00
-2.185808569402267199e-01 -4.149964225242226412e-01 1.435614087724543353e+00
-5.278823818022850833e-01 -1.474934244473778411e-01 4.550670442080585465e-01
-7.138860262621304908e-01 -1.765220379329651701e-02 3.829222810188074311e-01
-1.954220458816003925e-01 -1.981075163167541620e-01 4.738765837079549348e-01
-6.300113199918864204e-01 -1.355156555412452557e-01 6.826078263717760830e-01
-1.512485155300463679e-01 -3.069169857113343003e-01 2.871190648414718716e-01
-1.748855389014595807e-01 -4.540710058228387691e-01 -1.371988609286498295e-01
-7.836036784888231743e-01 7.607296284765957539e-02 3.193051245462451559e-01
-6.649460265744124854e-01 -7.796553779924017546e-02 2.882367575308629748e-01
-5.678412940942567655e-01 -1.449916197564527776e-01 2.296146667972482902e-01
-4.173158294078178621e-01 -1.838121871131430662e-01 2.334793959007027686e-01
-3.054490383328666847e-01 -2.085677767906412017e-01 2.699411497861168296e-01
-2.217361799754611340e-01 -2.362610981240770291e-01 3.143311255463069331e-01
-4.623859067943750234e-02 -4.059619432051261301e-01 4.184992711595956205e-01
-7.688278219750603881e-01 8.418381353743042972e-02 7.856485580842115235e-02
-6.928156551674726771e-01 -1.004824515329919288e-01 7.067200453787452208e-01
-1.577563106011417235e-02 -5.167031577043044166e-01 -2.899206179384050674e-01
-1.998812636230688500e-01 -2.870300192219709112e-01 9.906963262626816702e-02
-8.648037176449492325e-01 5.098026198430563038e-01 6.216627053755876542e-01
-1.565208852824001018e-01 -2.558485113036326197e-01 3.662219529333156087e-01
-2.444085476195590467e-01 -2.306607887847041960e-01 -1.334736808815274733e-01
-5.838651179175990968e-01 -1.036012488540015986e-01 5.981793364381128297e-01
-1.790789728978544604e-01 -4.347644054982330308e-01 -5.620347836312281076e-02
-8.004471583632661869e-01 6.359054502666399156e-01 -1.501763686958481336e-01
-1.909952013572492890e-01 -1.851781825423377548e-01 5.192632216614232465e-01
-1.158921946457039109e-01 -5.197095592007650033e-01 -5.442494399051117648e-03
-5.979280287349817424e-01 2.276932561309433778e-01 -7.936045405967611099e-01
-5.903678352773669147e-01 3.807881841623663721e-01 -8.969710102348054104e-01
-8.296818269897832110e-01 3.614472626826842339e-01 9.857800762666796279e-02
-6.878672931812168656e-01 3.045657931459669898e-01 -6.221078454964619198e-01
-8.051210278048379632e-01 1.548245617768416738e-01 7.778082479429881957e-01
-2.871578539296681387e-01 2.656696469192058180e-02 -1.196433365411444072e+00
-2.655488349997407044e-03 -4.105476608509834868e-01 -3.010696064320628196e-01
-2.705407523173380402e-01 -2.462415662076107292e-01 2.473380157707056465e-02
-7.790543779530718638e-01 7.451898442091428598e-02 5.511063251280402531e-01
-4.552087351626656897e-01 -1.795727655103663833e-01 4.837621322669556356e-01
-3.893113430317602930e-01 -1.983448219196416451e-01 4.672897278111008967e-01
-2.799457199020943809e-01 -1.096481415406570237e-01 -6.986816815079697207e-01
-7.500138751372791290e-01 1.390793002166900993e-01 -1.444912677844938653e-01
-1.414440974842076093e-01 6.270586955216843339e-02 -1.341658560072300777e+00
-3.751518409951719590e-01 2.041110126423059112e-01 -1.175009957541705674e+00
-4.753536217552603027e-01 2.829627529824513266e-01 -1.063050317533541289e+00
2.644659649764036918e-02 -4.520662915968973739e-01 1.157949703483792669e+00
2.328140027423998559e-02 3.879273246957445909e-02 -1.365795824977456441e+00
-3.217982297241805956e-01 -2.036029526009023316e-01 4.756898543054409734e-01
-2.555881108460819617e-01 -1.971647611994297167e-01 4.971648565046169477e-01
-2.116628915213957240e-01 -1.844742028674974943e-01 5.093432974410276870e-01
-7.468952429729773801e-01 -2.576093230202627926e-02 7.449965354385157390e-01
-2.705363979175328115e-01 -2.220979075002094127e-01 6.286803811754098081e-01
-3.435685384347877402e-01 -2.370869275014838573e-01 6.768545762731477122e-01
-4.133822446791248773e-01 -2.333282169388084526e-01 6.886086000022777487e-01
-4.791372093531098830e-01 -2.116833957837697122e-01 6.715447119445254742e-01
-5.181236022759239113e-01 -1.833240901290683622e-01 6.407819469363000842e-01
-8.550932223493397100e-01 3.537557390571041127e-01 8.618843957299602287e-01
-4.983142065712764524e-01 -1.575174549019587866e-01 5.142569508099275044e-01
2.503800432339185755e-02 -3.308106071540650728e-01 -4.138451154222554385e-01
-2.340824874585745730e-01 -2.457706822523716417e-01 -4.247351844297775347e-01
-1.611698225698128262e-01 -3.667924174403037751e-01 -2.158450175026683793e-01
-8.585851820691819958e-02 -3.218709658143362740e-01 -4.129621897186778190e-01
2.846410751457054827e-02 -4.010664954443515784e-01 5.968279640348203019e-01
-4.957833229360268934e-01 1.701927512978463897e-01 -9.520812091085761875e-01
-3.960131060318134999e-01 1.043034486972914399e-01 -1.075497571342761916e+00
-1.507084690770703617e-01 -4.334124772347516807e-02 -1.285879534923043188e+00
-6.743607166511857987e-01 5.000015824282899590e-01 -7.031650897357684116e-01
-2.164261272104469613e-01 -2.010200034776185030e-01 5.610560743845485199e-01
-9.900908422113482987e-02 -4.075804570770341639e-01 2.323062370667283716e-01
1.711967421778510384e-02 -6.471593506307660171e-02 -1.308051129162698611e+00
-2.679694332998631134e-01 1.196503262587914063e-01 -1.273534434444372199e+00
-8.018014685676670972e-01 3.819491733133176803e-01 -1.525579039620197919e-01
-1.456046911641520891e-01 -2.034023512138848355e-01 -7.051535651106064506e-01
-1.615125312277156944e-01 -2.108046400515977137e-01 -7.390286858348518173e-01
-1.745696970774724965e-01 -2.202325395983845135e-01 -7.825722668091252832e-01
-1.821666673824729465e-01 -2.051733295125994783e-01 -8.309164302697085169e-01
-1.924748780959664174e-01 -1.380640027951693383e-01 -9.121251409868049720e-01
-2.627111781492169618e-01 -1.255858817364415847e-01 -6.344863272818566102e-01
-2.792138013420710219e-01 -1.262668751072218987e-01 -6.253644503134041521e-01
-2.929425579180431893e-01 -1.273024951290180895e-01 -6.156551380224346559e-01
-3.926022816397616300e-01 -1.191497249716769735e-01 -5.275726570913401581e-01
-6.540667148315058022e-01 -6.966295682193396344e-03 -2.344874426827371350e-01
-9.736638230136357430e-02 -3.515639146509960122e-01 3.609686712245022688e-01
-1.365473268677960261e-01 -2.474861528861178606e-01 6.094837356572759823e-01
-1.849096428480203613e-01 -2.189456527551331133e-01 6.035669905560610005e-01
-2.458390656972256894e-01 -1.190230893252790245e-01 -6.429291581042126946e-01
-6.591908696335271323e-01 1.411415400896006977e-01 -4.864735094941571303e-01
-7.267389467505133704e-02 -3.469574373549330071e-01 5.945369812794750741e-01
-2.343933564480399356e-01 -7.995748531622437483e-02 -1.001838661592605151e+00
2.627165113626732384e-02 -5.432148665713187885e-01 1.671552302840149107e-01
-4.471016878830980090e-02 -4.673675790204910863e-01 2.804075834270517431e-01
2.739902270018623742e-02 -4.887959662949155071e-01 2.970965831598814111e-01
-1.546499448327535164e-01 -3.818902331459833599e-01 5.460321361864260703e-02
1.493111689745665882e-02 -1.212143802133953674e-01 -1.207462721430385688e+00
1.567513090748575907e-02 -1.400231741838373345e-01 -1.085979511840981626e+00
-1.131389464414478130e-01 -1.207430618191410177e-01 -1.071676572763403001e+00
-4.182895637736507854e-01 -1.397711934277831580e-02 -7.730122327049866460e-01
-3.137619552211940999e-01 -2.000530327529383978e-01 -2.128746272849165733e-01
-3.318683175616852221e-01 -4.207166642123573441e-02 -9.041336958896057929e-01
-4.906977182571079510e-01 -1.696363191227538980e-01 -1.732432320010799387e-01
-3.884013695634522811e-01 -1.715315670447309371e-01 -3.143882412058544018e-01
-5.561731929317801360e-01 -8.437167741088386075e-02 -3.390499208006175769e-01
-1.400336092793141862e-01 -9.737462432290486247e-02 -1.187375489881992818e+00
-2.009653438176161599e-01 -3.177791370769494916e-01 1.080001389666462863e-03
-4.753586471658253210e-01 6.829125393362298069e-02 -8.421326251532557094e-01
-3.737659074725250274e-01 2.990263651212356211e-02 -9.735046495579198211e-01
-4.870954186915243955e-01 -1.890317169967589694e-02 -6.251909336099743530e-01
-7.273036774965611073e-01 1.913336135513948877e-01 -3.332784486402088353e-01
-5.702435825583453965e-01 5.506288189615708706e-02 -6.306574107892055636e-01
-7.610004116787651984e-01 3.784069341782333451e-01 -3.905199186401482336e-01
-4.552640005095163200e-01 -1.117400686657085696e-01 -4.426805031574619909e-01
-1.480019705748416570e-01 -3.440259525172812971e-01 1.678234193646754857e-01
-1.503690002613700116e-01 -4.656162589833315879e-01 -1.936514069347318179e-01
-1.959509309144835676e-01 -3.756869876234469885e-01 -2.054761319342894854e-01
-1.177546283986845854e-01 -5.291328478391790213e-01 -1.285828449427342812e-01
-2.008676178574304583e-01 -2.843006373288656796e-01 7.302629737036758772e-01
-3.325074810257488966e-01 -3.036381410309920703e-01 8.189876654811585333e-01
-4.459440422167357809e-01 -2.976779047203769180e-01 8.377789638547090689e-01
-5.381054101652644750e-01 -2.626146974111092103e-01 8.167427512041243176e-01
-6.001807049008867079e-01 -2.092485329998535759e-01 7.671435349048432162e-01
-6.387087283454693232e-01 -6.705172157180092074e-02 5.756646875523685480e-01
-8.482717702730271370e-01 3.137953940720190626e-01 3.376354578112150673e-01
-5.864004442379497917e-01 -1.072218405271977981e-01 3.889583585633923368e-01
-5.101790457637715992e-01 -1.498417871710280846e-01 3.396981903266281799e-01
-4.068988557100536863e-01 -1.828526023324363869e-01 3.265412790245534325e-01
-3.067917368044536519e-01 -2.028612715404066735e-01 3.461639545701122866e-01
-2.273402006598156389e-01 -2.094142574143816882e-01 3.816349296040626449e-01
-1.722262683571170183e-01 -2.195102181442262212e-01 4.152348539787611426e-01
-8.532388727141408946e-01 5.959865176116985186e-01 3.831953772158745997e-01
-1.955231826949203056e-01 -3.339477076517447518e-01 -2.290737268244514846e-01
-9.986914248814984796e-02 -4.540880192161705908e-01 1.171271909212126261e-01
-9.712989429675175646e-02 -5.242395746751354890e-01 -2.139053414914722229e-01
-5.762060593741111236e-02 -4.858665006651975427e-01 -2.652381478190668496e-01
-9.735309862600838304e-02 -4.848698557831876421e-01 -2.260947770542994784e-01
-1.749768219583943130e-01 -3.036655585342343810e-01 -2.590900644375122575e-01
-4.157638344635412875e-02 -5.052441176672450851e-01 -2.797332468153634899e-01
-3.019302932007031370e-02 -4.113405646848372621e-01 -2.922243626833037622e-01
-1.653761176626788454e-01 -1.945979803117096063e-01 5.131750007799605884e-01
-1.286985571123086813e-01 -2.363851525860386493e-01 4.775085962952312357e-01
-1.075439466883174877e-01 -2.868675652005454602e-01 4.501982893422706855e-01
-5.383305160994993344e-01 -1.546563018890092511e-01 6.168301608256567814e-01
-5.877718780736522763e-01 -1.557565135731303618e-01 6.734110062137099728e-01
9.273278646474142350e-02 -5.146692954937254205e-01 1.515722295284716581e-01
5.633268287569472843e-01 -1.509361194967623887e-01 5.059559082316147371e-01
1.055842366672045118e-01 -4.187385318682351754e-01 -2.812985868693755886e-01
8.287944848252544183e-01 1.451947239291011549e-01 9.605065914107375757e-01
3.437553550475285213e-01 -2.124121422558143957e-01 3.944581466583999552e-01
4.197543667907257525e-01 -2.067263617438933609e-01 3.810814562228250768e-01
4.920602595632503906e-01 -1.874595205803784026e-01 3.857800594244289449e-01
5.878521313156321870e-01 -1.343443312802595768e-01 4.652997837264306602e-01
2.808919506931498167e-01 -2.065170565853230444e-01 4.275143589317389470e-01
4.603910221207365705e-01 -2.820578090882586153e-01 7.558304153844459528e-01
3.706561388704228133e-01 -2.792742268600250100e-01 7.423311345033533071e-01
5.413388368020686237e-01 -2.570422415320938736e-01 7.334333459081437967e-01
5.913085326192559776e-01 -2.224382121128357648e-01 6.822948560183262900e-01
6.442128366832380326e-01 -8.789691324024404007e-02 3.914882308531739685e-01
3.009142373328178577e-01 -4.507693378823723895e-02 -1.109899587947403621e+00
5.906363014797044730e-01 -1.314828291804058247e-01 5.502627505883276315e-01
8.703273013573742389e-01 2.395830825965824529e-01 4.847516658986009697e-01
7.245888837614531397e-01 -2.341921605936404804e-02 4.844474643153283688e-01
4.043509622611511922e-01 -2.294695940295472525e-01 -9.024150929968102752e-02
6.956156795118637048e-02 -3.116432980179769663e-01 -5.898551548689644486e-01
6.413401912314575792e-02 -2.619121574891645210e-01 -6.683203029936173323e-01
1.627495902823017371e-01 -2.610939666011347082e-01 -6.133351629954908457e-01
2.314533432323738760e-01 -1.990653933410959642e-01 -6.319525503086942386e-01
1.395328900227792712e-01 -2.299076327985076773e-01 -6.652019278860017426e-01
2.046395150936911045e-01 -1.767323410723097288e-01 -6.618172857825967981e-01
3.895754211547128865e-01 -7.262222082644437249e-02 -7.547692985543343891e-01
9.106988343701299948e-02 -5.635648737857179569e-01 -2.445978728976170302e-01
1.009812047540193658e-01 -6.017421155044628822e-01 -1.353892679091705797e-01
6.831585150492234249e-01 -2.126878474181657097e-01 7.716960093281040045e-01
2.515914699986904757e-01 -2.717398290873322964e-01 1.999759029201014782e-01
2.683589040469991360e-01 -3.805797083073780840e-01 -1.842767955135761193e-01
2.728962805090222044e-01 -3.654958627603125398e-01 -1.181544337552382085e-01
6.243248780521468699e-01 -1.345754635568409130e-01 -6.595998872448322059e-02
9.708289617564722085e-02 -5.729778690408702246e-01 1.634915691691752465e-02
5.218924179858266399e-01 -3.571608433592964316e-01 8.871954745370418394e-01
6.195282770042505049e-01 -2.936014883288744493e-01 8.520864398132259598e-01
7.556892197880635820e-01 -2.814009725160154796e-02 1.135157782761498035e+00
1.948924994208987016e-01 -4.029440685451782800e-01 7.720794011308838023e-01
2.946034412359560539e-01 -2.487941998892125861e-01 6.869703425671255248e-01
4.528248555609397652e-01 -6.143476206578013521e-02 -6.344642613438040701e-01
7.965084291959847462e-01 5.736820691916499904e-01 -5.120147651820822210e-01
2.135165011724836082e-01 -3.441655584556007064e-01 -2.445480198855909393e-01
1.554757187055456624e-01 -3.473258031648913668e-01 -2.775997454153099619e-01
3.384492359673086370e-01 -6.195291125058979831e-02 -6.512306915769217053e-01
3.168097251081375409e-01 -8.575359254906850248e-02 -6.578175775191863472e-01
6.553040992959890954e-01 -2.669579999273827831e-01 9.216206620243581060e-01
2.711406489757368643e-01 -3.328483841115901232e-01 -2.261641708492021507e-01
3.862850902861112434e-01 -3.977911416330515149e-01 8.699760839867292095e-01
3.983876025413930488e-01 -4.253174891883020337e-01 9.526070111892575021e-01
4.593473625150985562e-01 -3.451307941961320180e-01 1.360404453336754749e+00
7.062897482424166373e-01 -1.635649261926381826e-01 1.013744328587231402e+00
4.192717449591487622e-01 -3.868389258461484292e-01 1.150118323819599553e+00
7.241585882195187285e-01 -1.540531255508869324e-01 8.200351227326705406e-01
7.817774762819011958e-01 -1.077605664703515723e-02 8.723537692093468188e-01
6.743012135784161309e-02 -2.944326606731398899e-01 -6.359835370858162307e-01
1.510580291283418475e-01 -2.483319698998359693e-01 -6.422841248934851865e-01
2.178153035146156435e-01 -1.942748082056973136e-01 -6.481609295306482998e-01
1.966543174262416205e-01 -3.256907762960264963e-01 -2.619486357730023141e-01
3.275406890293969808e-01 -7.489768789072986932e-02 -6.546306829020147600e-01
2.723006578929410559e-01 -1.262627680035290356e-01 -7.098771887325650010e-01
3.055546774056951409e-01 -8.839593142738275122e-02 -6.600877257546231558e-01
1.755230083345490910e-01 -4.518930708564022902e-01 -2.254410570337355146e-01
1.940987445063089289e-01 -1.613719374562733178e-01 -6.711834547167274678e-01
1.322283121557431551e-01 -1.953800580696527511e-01 -6.774172366950250712e-01
6.188777749776656900e-02 -2.232173315468778396e-01 -6.852922114223360950e-01
1.157996827178425225e-01 -1.596974755016876690e-01 -9.731306674746258434e-01
7.289261436466748512e-02 -2.344951931908454412e-01 -8.841888824441919148e-01
6.826683241052355910e-02 -2.465570520204387606e-01 -8.296428611444357504e-01
6.459367595277042129e-02 -2.331362400719823036e-01 -7.742239931488894555e-01
5.793009631691510564e-02 -2.279528832959405449e-01 -7.286076410510817780e-01
1.868881246465456392e-01 -1.653732598637831508e-01 -7.063126857302359785e-01
2.005315022648263001e-01 -1.758033839453039260e-01 -7.281079257985452191e-01
2.133255602746844670e-01 -1.849935541362348612e-01 -7.558827555706164603e-01
2.267172302588582045e-01 -1.682717541901620484e-01 -7.855644417098019971e-01
3.487290794327828625e-01 -2.002904735956293480e-01 -4.873460297870606528e-01
8.784721970065569874e-01 6.088756880191350529e-01 4.783868562389936852e-02
2.410227978931334114e-01 -1.217218984810975457e-01 -6.892311116850255992e-01
2.555440429075013231e-01 -1.287647441920216351e-01 -6.998728119378987422e-01
1.305123783996283704e-01 -3.430788739531674958e-01 -3.203408687716307046e-01
2.472578263884330774e-01 -2.713050986484377702e-01 -2.834954009022527810e-01
1.427043421445089166e-01 -3.470919367255094201e-01 -2.999627414026274641e-01
3.293132991061766823e-01 -2.374508965316171061e-01 1.360773456567506701e-01
4.518996852786112406e-01 -2.078549413322308137e-01 5.908401962918762018e-02
2.860336700783517316e-01 -3.163079011326309642e-01 -1.614881898264584059e-01
6.398846735148104869e-01 -2.020412112834168994e-01 1.270884460635478774e+00
5.922234342762229264e-01 -2.867537261237809165e-01 1.110303971052950311e+00
5.465129661503778102e-01 -3.558213050428423729e-01 9.698701302685588388e-01
3.023896579045399768e-01 -1.081867721106974933e-01 -8.518460947280130924e-01
2.197087567277506981e-01 -4.527902243442628594e-01 9.106970338166240353e-01
2.356240696428665293e-01 -4.398656308025458150e-01 1.154773158838394043e+00
2.613237556663211003e-01 -4.256919675715516993e-01 1.406199363747430375e+00
5.530611015536837094e-01 -1.586041808077801596e-01 4.120296425424320175e-01
7.223879459493520727e-01 -3.742062317599885446e-02 3.148529804078358252e-01
2.396608922302328470e-01 -1.976600236515383413e-01 4.594759934712857596e-01
6.559786821788953226e-01 -1.520767978024035461e-01 6.279662709106084151e-01
1.999046891916412827e-01 -3.077918342392911288e-01 2.711472491376917260e-01
2.227218544090092678e-01 -4.609150934289405477e-01 -1.548793133018188106e-01
8.119398341698764732e-01 5.544636853004884791e-02 2.426393200700042163e-01
6.730097870778573022e-01 -9.461254595196821882e-02 2.273344319398920010e-01
5.783282321568239404e-01 -1.585610042696270483e-01 1.793477694136078604e-01
4.362006225141601412e-01 -1.917503130770598085e-01 1.995584891804734196e-01
3.314656587196067594e-01 -2.132922822063193502e-01 2.481383150884234334e-01
2.536554187603789479e-01 -2.396058651103313286e-01 2.993186829043243957e-01
1.012819890544894019e-01 -4.064665391386738102e-01 4.114266226952199013e-01
8.000707324425508915e-01 6.584840518315825120e-02 5.548045183742432440e-03
7.090448155824742305e-01 -1.181690681460929315e-01 6.417875567730643160e-01
6.557862531168114073e-02 -5.176299032015894142e-01 -2.932630013030680383e-01
2.472834620057327015e-01 -2.898364574559332274e-01 7.934604789445229289e-02
8.927460298060663213e-01 4.871904233569549492e-01 5.329447294487716924e-01
1.961284140457852931e-01 -2.571430725284276075e-01 3.571740526669355820e-01
2.951202184651613991e-01 -2.399910365766469988e-01 -1.558616438502844481e-01
6.179130702714350498e-01 -1.166764551220165202e-01 5.453083312405341276e-01
2.251851769621165400e-01 -4.416871662687482658e-01 -7.363430614040780697e-02
8.497305860727535354e-01 6.093713914231226880e-01 -2.226354278407232101e-01
2.396846668857094964e-01 -1.828040608797553146e-01 5.037885885706543387e-01
1.625036652578296659e-01 -5.234457444716209551e-01 -1.763506880402728599e-02
6.303956382405615511e-01 2.053227751670130274e-01 -8.331994454015596574e-01
6.310894473360670887e-01 3.569246768820963922e-01 -9.321414055966625867e-01
8.736396583805212668e-01 3.392160130755382808e-01 2.034631447976138763e-02
7.244650497754310248e-01 2.815657802832627343e-01 -6.742367356812040136e-01
8.298424069657228674e-01 1.342547354704664853e-01 6.970240272097558698e-01
3.191966871299984909e-01 1.316472972162494384e-02 -1.207778328282600011e+00
6.274994799510941190e-02 -4.126139597729315822e-01 -3.040805879638136533e-01
3.139705254599660655e-01 -2.528279541864207891e-01 -1.755874925406866738e-03
7.836527711313530098e-01 5.525409988123908267e-02 4.677191275055387898e-01
4.891445387552733060e-01 -1.887030048791880077e-01 4.532315946298443032e-01
4.238234707302346305e-01 -2.047041931727411335e-01 4.443243745099380027e-01
2.898409918617519954e-01 -1.103964795708622937e-01 -7.207899504051011874e-01
7.839072003655420673e-01 1.202155807353188222e-01 -2.117384412766661894e-01
1.845189594832170599e-01 5.572090730759034216e-02 -1.344658061737289856e+00
4.168503312075424461e-01 1.875869189274225191e-01 -1.187548230101486357e+00
5.170480471510374709e-01 2.631986646828787801e-01 -1.083939016454046778e+00
3.590532250940599024e-01 -2.078992569960713688e-01 4.558935575691813735e-01
2.983221537886062147e-01 -1.979806324135688911e-01 4.789451551402733598e-01
2.592158587006912485e-01 -1.827401228572987923e-01 4.919348242967538365e-01
7.573648369283034754e-01 -4.336060335979531610e-02 6.663757678200472601e-01
3.101117923127351128e-01 -2.234930792453986292e-01 5.960105166146918432e-01
3.767278257684578691e-01 -2.425269508328363743e-01 6.374916758019479879e-01
4.455719523228307555e-01 -2.418837122793298100e-01 6.466837455773677412e-01
5.121457646361382565e-01 -2.232425083401509136e-01 6.270664325430151953e-01
5.517248703763222295e-01 -1.960029999821967239e-01 5.942291408573001643e-01
8.741110359391834894e-01 3.299184320681387561e-01 7.730110597602399825e-01
5.334183856593022188e-01 -1.681823905396865326e-01 4.768623523445004730e-01
2.744247962694472687e-01 -2.519322974590167963e-01 -4.416331181398884809e-01
2.126445238960529283e-01 -3.752062814444218075e-01 -2.314450200493645138e-01
1.319771403125189480e-01 -3.251754724245949912e-01 -4.215941943727846697e-01
5.281031124851300884e-01 1.490997384503865431e-01 -9.804123606560186666e-01
4.280546754108056628e-01 8.543482216839537458e-02 -1.094612418379270036e+00
1.821448010746447022e-01 -5.104466300623511366e-02 -1.291416258245472459e+00
7.210301081299190784e-01 4.765240913716103366e-01 -7.519565621322397142e-01
2.618516118114865843e-01 -1.987734271460398494e-01 5.396015039933379498e-01
1.503552572611408511e-01 -4.093776666979112022e-01 2.208785653167756324e-01
3.093475124684401667e-01 1.076711244592987449e-01 -1.279371314466834164e+00
8.463498815083598803e-01 3.593084990855236471e-01 -2.244534356918935769e-01
1.265106297891067377e-01 -1.998978973039983176e-01 -7.165295662279034250e-01
1.390374094712574227e-01 -2.090478435897895615e-01 -7.518250814880753641e-01
1.476876721827471983e-01 -2.190696607305731014e-01 -7.964379580234450806e-01
1.567590094298230707e-01 -2.045803770406913191e-01 -8.447132505028318583e-01
2.158899005723606823e-01 -1.412267445291813805e-01 -9.250692143011058910e-01
2.616761338887527155e-01 -1.278853579060756918e-01 -6.540737796654407799e-01
2.779654840233174995e-01 -1.275941852887549910e-01 -6.454710049399974281e-01
2.916887767969624790e-01 -1.287641366981355784e-01 -6.363840981742121539e-01
4.133091721623749493e-01 -1.307217713744375509e-01 -5.496895415665641327e-01
6.798802041588114520e-01 -2.402646364047403282e-02 -2.915158578444487780e-01
1.499896346614613130e-01 -3.524065369457951569e-01 3.489727656008945189e-01
1.882155509499368606e-01 -2.497900897079577964e-01 5.904882364250065852e-01
2.308390987007790662e-01 -2.173527140922076883e-01 5.824368997618571964e-01
2.463243728094314244e-01 -1.184489988001139471e-01 -6.612265109241484140e-01
6.894179791290602211e-01 1.223586408825002303e-01 -5.361756523602532187e-01
1.216940281802820212e-01 -3.472799936544291866e-01 5.827931022631656077e-01
2.605828011071606998e-01 -8.975436742783382549e-02 -1.016765049914721830e+00
9.768000932530979119e-02 -4.692141385058273828e-01 2.739408036454232809e-01
2.027454849261765002e-01 -3.869216410694528152e-01 3.820160654455156263e-02
1.421627854431321281e-01 -1.278799463978307349e-01 -1.079452328664299854e+00
4.537283682235075943e-01 -2.708006611394822571e-02 -7.972998278778475889e-01
3.552958741330114467e-01 -2.115881869238933621e-01 -2.418367876502051095e-01
3.577449726294170684e-01 -5.573090502846123062e-02 -9.273182571411022757e-01
5.187634291493616878e-01 -1.848186589466387364e-01 -2.186683693194850786e-01
4.190659957794224955e-01 -1.822682499660376321e-01 -3.473760500930270778e-01
5.791480890212159505e-01 -9.736850988500467263e-02 -3.812808204343313134e-01
1.690217523519222387e-01 -1.044030993542335861e-01 -1.195214916551012641e+00
2.477691888734577241e-01 -3.241460412579820760e-01 -1.805188765403608481e-02
5.067674563499999785e-01 4.966583507357341665e-02 -8.727253068247176060e-01
4.041420598401541664e-01 1.224143503285905418e-02 -9.968344442223835422e-01
5.181710564978538880e-01 -2.936297591944693475e-02 -6.506542027266990491e-01
7.615586193447796415e-01 1.703367678811236186e-01 -3.948264448321429088e-01
5.989741762889544407e-01 4.012994778211873004e-02 -6.640810063377358130e-01
8.043798611882011507e-01 3.575114005036031939e-01 -4.545172123784074758e-01
4.795013403753967118e-01 -1.219232057408947689e-01 -4.718021297546093340e-01
1.974346972413639767e-01 -3.455077713066960765e-01 1.519935408761179385e-01
1.979041272625605696e-01 -4.707289744072511439e-01 -2.087258092435928525e-01
2.441076347081242992e-01 -3.852773797120124799e-01 -2.235860870419800195e-01
1.671358831198299089e-01 -5.348884457319433849e-01 -1.416022889708026256e-01
2.503235312435907467e-01 -2.884570497404186362e-01 7.051884474044840534e-01
3.764400311754236839e-01 -3.148589700041923845e-01 7.868834533762087968e-01
4.861475358175986194e-01 -3.123681430776318324e-01 7.999840644320797001e-01
5.734630630917414429e-01 -2.791135733921055184e-01 7.737599410537598921e-01
6.302098218294209797e-01 -2.266475754958598987e-01 7.183497782515411156e-01
6.618989755984701073e-01 -8.274274605083420386e-02 5.136021552274327995e-01
8.827725067146270366e-01 2.937150334377196526e-01 2.548495715677242535e-01
6.054269298814141109e-01 -1.203560515683994581e-01 3.373434377236680382e-01
5.293462685486201025e-01 -1.611348771334012442e-01 2.982211117298767533e-01
4.299416780515052938e-01 -1.904015515171364470e-01 2.991151925592734351e-01
3.354332702349633877e-01 -2.070173899840402898e-01 3.279626569830959015e-01
2.633344962346089724e-01 -2.129465759331751196e-01 3.670873153919311793e-01
2.136569861562509498e-01 -2.210657126434256714e-01 4.040459934960671795e-01
8.884621823014793307e-01 5.742772072443544928e-01 2.967634440152889796e-01
2.432179138116970507e-01 -3.439687994753771738e-01 -2.463491681866610827e-01
1.514126047480231496e-01 -4.555442995425926789e-01 1.058554774378572261e-01
1.457156993876545792e-01 -5.294843439413678965e-01 -2.246772075737462071e-01
1.059600383524142986e-01 -4.910365662675769682e-01 -2.724098578696663164e-01
1.456398648509622529e-01 -4.897045829529489414e-01 -2.371603137269392425e-01
2.235786870491445200e-01 -3.145160148894056151e-01 -2.743632099458993556e-01
9.032899241530056855e-02 -5.092990748919057342e-01 -2.854304975302526248e-01
8.764542460920218825e-02 -4.154250408132840189e-01 -2.970629666739107444e-01
2.134474237757512105e-01 -1.941411174190648126e-01 4.989307535437839114e-01
1.748341680075548576e-01 -2.371583984518734756e-01 4.671233414094246861e-01
1.514013604751083819e-01 -2.885318278299008332e-01 4.425905576089291804e-01
5.735694794785426431e-01 -1.678320175258227742e-01 5.697712531431486926e-01
6.198288592017759946e-01 -1.725150367188840184e-01 6.235296863149772939e-01
-3.978658094845639592e-01 -1.890151253175476054e-01 5.919689265421407276e-01
-3.192056531515383710e-01 -1.963452153862987881e-01 5.899417150459480563e-01
-3.968912323399709230e-01 -1.991827407277313444e-01 7.023703176410529547e-01
-4.775882188941258377e-01 -1.816209502423802302e-01 5.951927967140522302e-01
-3.995484083628881855e-01 -1.788505965705169398e-01 4.832262436036312003e-01
4.309167696399571756e-01 -1.968247873007126225e-01 5.552971146755986132e-01
5.079212251592781779e-01 -2.038021158662554067e-01 5.509938361150782393e-01
4.298059383647498954e-01 -2.071656600533575698e-01 6.653286750364977298e-01
3.533004933885091070e-01 -1.898781416367509856e-01 5.606400626679071131e-01
4.323180412194727040e-01 -1.865039043665828178e-01 4.451674066993600576e-01
