5.029621720314025879e-01 5.425703525543212891e-01 -4.637823626399040222e-02
4.944598376750946045e-01 4.674302339553833008e-01 -4.497199878096580505e-02
5.017794370651245117e-01 4.979951977729797363e-01 -3.967887163162231445e-02
4.936795830726623535e-01 4.291297495365142822e-01 -3.678537532687187195e-02
5.127177834510803223e-01 4.757364392280578613e-01 -6.196524575352668762e-02
5.128358006477355957e-01 4.408170282840728760e-01 -4.835706204175949097e-02
5.182810425758361816e-01 3.812376856803894043e-01 -3.762367740273475647e-02
4.247237145900726318e-01 3.785322308540344238e-01 1.127211283892393112e-02
5.022427439689636230e-01 3.376092910766601562e-01 -3.231390565633773804e-02
5.280306935310363770e-01 3.002673685550689697e-01 -1.314217038452625275e-02
5.287136435508728027e-01 2.352534830570220947e-01 -2.695238217711448669e-03
5.198819041252136230e-01 5.406475663185119629e-01 -3.996777534484863281e-02
4.943896830081939697e-01 5.492889285087585449e-01 -2.709354832768440247e-02
5.119863152503967285e-01 5.549422502517700195e-01 -2.697338908910751343e-02
5.038801431655883789e-01 5.637416839599609375e-01 -2.401712536811828613e-02
5.143422484397888184e-01 5.798177719116210938e-01 -2.541239373385906219e-02
5.003738999366760254e-01 5.772849321365356445e-01 -3.038768656551837921e-02
5.092321038246154785e-01 6.022824048995971680e-01 -2.025585249066352844e-02
5.016775131225585938e-01 6.154431104660034180e-01 -2.489817328751087189e-03
5.102284550666809082e-01 4.889239072799682617e-01 -5.351846665143966675e-02
4.937021434307098389e-01 4.837646484375000000e-01 -3.943816199898719788e-02
3.891457617282867432e-01 3.149445354938507080e-01 6.212932616472244263e-02
4.575336575508117676e-01 3.994475007057189941e-01 -2.250750083476305008e-03
4.457574486732482910e-01 3.870215713977813721e-01 -1.774287549778819084e-03
4.390333890914916992e-01 3.952558636665344238e-01 1.518896780908107758e-02
4.283801317214965820e-01 3.842020034790039062e-01 1.531572733074426651e-02
4.632059633731842041e-01 3.883874416351318359e-01 3.111385740339756012e-04
4.482367038726806641e-01 3.485351800918579102e-01 1.229318603873252869e-02
4.524457454681396484e-01 3.553790152072906494e-01 3.459085244685411453e-03
4.297329187393188477e-01 3.283418715000152588e-01 -5.416096188127994537e-03
4.124636948108673096e-01 3.622875213623046875e-01 -1.627632416784763336e-03
3.944562077522277832e-01 4.000048339366912842e-01 3.392187133431434631e-02
4.547156095504760742e-01 6.348162889480590820e-01 2.215054351836442947e-03
4.233708381652832031e-01 3.728213906288146973e-01 8.738868869841098785e-03
3.828103542327880859e-01 3.826909959316253662e-01 6.974813342094421387e-02
4.071813523769378662e-01 3.758072555065155029e-01 4.361594468355178833e-02
4.451681673526763916e-01 4.647431373596191406e-01 -1.731566898524761200e-02
5.014551281929016113e-01 5.252862572669982910e-01 -2.348419465124607086e-02
4.977448880672454834e-01 5.382136106491088867e-01 -3.827721253037452698e-02
4.664216041564941406e-01 5.250423550605773926e-01 -3.349349647760391235e-02
4.636195302009582520e-01 5.395751595497131348e-01 -2.708899416029453278e-02
4.884151518344879150e-01 5.501206517219543457e-01 -2.574310824275016785e-02
4.749566912651062012e-01 5.347566008567810059e-01 -1.890702731907367706e-02
4.521118104457855225e-01 5.712410211563110352e-01 -1.015966758131980896e-02
4.975513219833374023e-01 4.753423035144805908e-01 -6.850410997867584229e-02
4.992409944534301758e-01 4.623014032840728760e-01 -6.411178410053253174e-02
4.136964976787567139e-01 3.316658139228820801e-01 1.970009878277778625e-02
4.689622819423675537e-01 4.308496117591857910e-01 -1.214341819286346436e-02
4.622014462947845459e-01 4.749377071857452393e-01 -3.636461123824119568e-02
4.723427593708038330e-01 4.503101110458374023e-01 -2.389090508222579956e-02
4.108940362930297852e-01 4.611614346504211426e-01 1.059844437986612320e-02
4.996346831321716309e-01 4.328657984733581543e-01 -4.637412726879119873e-02
4.312935769557952881e-01 2.983955740928649902e-01 -1.926915720105171204e-03
4.176954627037048340e-01 3.138414621353149414e-01 1.215738337486982346e-02
4.023269414901733398e-01 2.749702930450439453e-01 4.419987276196479797e-02
4.929656088352203369e-01 3.339941203594207764e-01 1.772431889548897743e-03
4.759873151779174805e-01 3.380567729473114014e-01 -5.548374727368354797e-03
4.439489543437957764e-01 5.630096197128295898e-01 -4.686953965574502945e-03
3.739710450172424316e-01 5.422962307929992676e-01 7.519815862178802490e-02
4.714863002300262451e-01 4.671680331230163574e-01 -3.027375973761081696e-02
5.024483799934387207e-01 4.958135187625885010e-01 -9.994916617870330811e-03
4.490574002265930176e-01 5.513216257095336914e-01 -6.569965742528438568e-03
4.641678631305694580e-01 5.585200190544128418e-01 -9.473701938986778259e-04
4.221078753471374512e-01 2.917884886264801025e-01 9.546277113258838654e-03
4.718858003616333008e-01 4.794882833957672119e-01 -2.483960986137390137e-02
4.796524941921234131e-01 3.235873579978942871e-01 -1.422875933349132538e-02
4.501205980777740479e-01 2.909165620803833008e-01 -1.072911825031042099e-02
4.721849560737609863e-01 2.396415024995803833e-01 9.082089178264141083e-03
4.159539639949798584e-01 2.948953509330749512e-01 2.040159143507480621e-02
4.655460417270660400e-01 2.835749685764312744e-01 -1.526609295979142189e-03
4.050501883029937744e-01 3.269861340522766113e-01 2.095902152359485626e-02
3.923358023166656494e-01 3.222229182720184326e-01 3.472480922937393188e-02
4.855166971683502197e-01 5.438444614410400391e-01 -5.093447491526603699e-02
4.892024695873260498e-01 5.540522336959838867e-01 -2.452454343438148499e-02
4.718734920024871826e-01 5.437685847282409668e-01 -1.245803851634263992e-02
4.922941923141479492e-01 5.000117421150207520e-01 -3.079773858189582825e-02
4.626541733741760254e-01 5.648287534713745117e-01 -8.161107078194618225e-03
4.599204063415527344e-01 5.692137479782104492e-01 -1.308241393417119980e-02
4.628802835941314697e-01 5.557090640068054199e-01 -5.641736788675189018e-04
4.948830306529998779e-01 4.772052764892578125e-01 -4.074662551283836365e-02
4.986709654331207275e-01 5.519406199455261230e-01 -2.912797778844833374e-02
4.924131631851196289e-01 5.541780591011047363e-01 -1.378795877099037170e-02
4.939650893211364746e-01 5.460672378540039062e-01 -4.709683824330568314e-03
4.860999584197998047e-01 6.219075918197631836e-01 -7.361509837210178375e-03
4.886952340602874756e-01 5.999578237533569336e-01 -1.529178954660892487e-02
4.826180040836334229e-01 5.934717655181884766e-01 -2.738195285201072693e-02
4.882107377052307129e-01 5.717856287956237793e-01 -2.664599008858203888e-02
4.862577617168426514e-01 5.697511434555053711e-01 -1.083249878138303757e-02
4.821800291538238525e-01 5.629945397377014160e-01 4.181074909865856171e-04
4.789527952671051025e-01 5.551856756210327148e-01 -1.523943245410919189e-02
4.727790355682373047e-01 5.767292976379394531e-01 -1.026836782693862915e-02
4.636393189430236816e-01 5.843716859817504883e-01 -2.107511460781097412e-02
4.518214762210845947e-01 5.316120982170104980e-01 -2.406353875994682312e-02
3.664844930171966553e-01 4.501190781593322754e-01 1.045135110616683960e-01
5.020244121551513672e-01 4.982922375202178955e-01 -4.141461849212646484e-02
4.665462374687194824e-01 5.574996471405029297e-01 -8.387563750147819519e-03
4.636691808700561523e-01 5.670092701911926270e-01 -3.786636050790548325e-03
4.953928589820861816e-01 4.949645996093750000e-01 -3.508457913994789124e-02
4.682713747024536133e-01 4.976591467857360840e-01 -1.407243311405181885e-02
4.971896708011627197e-01 4.895629584789276123e-01 -5.433816462755203247e-02
4.622203111648559570e-01 4.400613307952880859e-01 -1.381339132785797119e-02
4.443994462490081787e-01 4.416973590850830078e-01 4.578353837132453918e-04
4.572498202323913574e-01 4.847347736358642578e-01 -3.097695857286453247e-02
4.265092313289642334e-01 2.579482495784759521e-01 2.967885881662368774e-02
4.384625256061553955e-01 2.834620773792266846e-01 7.404008414596319199e-03
4.298636913299560547e-01 3.029936254024505615e-01 1.091398764401674271e-02
4.712654352188110352e-01 5.952178239822387695e-01 2.128538861870765686e-02
4.859271645545959473e-01 3.046657145023345947e-01 -1.736647449433803558e-02
4.724238216876983643e-01 2.772276401519775391e-01 -1.101267430931329727e-02
4.861148595809936523e-01 2.568418085575103760e-01 1.288583735004067421e-03
4.272168278694152832e-01 3.881559669971466064e-01 2.039374783635139465e-02
3.984928727149963379e-01 4.074314534664154053e-01 3.441192582249641418e-02
4.663577675819396973e-01 3.868932723999023438e-01 9.291829541325569153e-03
4.110439419746398926e-01 3.527186810970306396e-01 8.769290521740913391e-03
4.773966670036315918e-01 4.132693707942962646e-01 2.497702371329069138e-03
4.800158739089965820e-01 4.665038585662841797e-01 -4.493854194879531860e-02
3.986132442951202393e-01 4.173273742198944092e-01 3.927458822727203369e-02
4.076643586158752441e-01 4.137925803661346436e-01 1.065732538700103760e-02
4.163427650928497314e-01 4.245320856571197510e-01 4.228393081575632095e-04
4.513569176197052002e-01 4.181453287601470947e-01 9.536886354908347130e-04
4.591189622879028320e-01 4.280724823474884033e-01 -1.407426595687866211e-02
4.725454151630401611e-01 4.000071287155151367e-01 5.319805815815925598e-03
5.088332891464233398e-01 4.022710025310516357e-01 -9.207520633935928345e-03
3.875367343425750732e-01 4.430550932884216309e-01 3.572127223014831543e-02
3.897600173950195312e-01 3.531154990196228027e-01 2.383161336183547974e-02
5.174574851989746094e-01 4.874476790428161621e-01 -5.319099500775337219e-02
4.677910208702087402e-01 4.331859946250915527e-01 -1.419354602694511414e-02
3.708643913269042969e-01 3.848595619201660156e-01 1.021972373127937317e-01
4.811593294143676758e-01 3.910742402076721191e-01 -1.338737178593873978e-02
4.721488356590270996e-01 4.716412723064422607e-01 -2.592385374009609222e-02
4.188681542873382568e-01 3.712428808212280273e-01 6.832513958215713501e-03
4.821184873580932617e-01 4.507213532924652100e-01 -2.518754079937934875e-02
3.720439374446868896e-01 5.012044906616210938e-01 1.058879867196083069e-01
4.808612465858459473e-01 3.710242211818695068e-01 6.506213918328285217e-03
4.861552417278289795e-01 4.480833113193511963e-01 -5.078804492950439453e-02
4.066999852657318115e-01 5.796071290969848633e-01 2.940906956791877747e-02
4.039098322391510010e-01 6.079122424125671387e-01 4.138577356934547424e-02
3.801282942295074463e-01 4.505386352539062500e-01 7.263653725385665894e-02
3.922158479690551758e-01 5.606239438056945801e-01 4.328029230237007141e-02
3.865872919559478760e-01 3.542731702327728271e-01 6.854144483804702759e-02
4.444953203201293945e-01 6.380937099456787109e-01 -1.688921451568603516e-02
5.068193674087524414e-01 4.763484001159667969e-01 -3.373034298419952393e-02
4.702598154544830322e-01 4.523952007293701172e-01 -1.088936254382133484e-02
3.754844069480895996e-01 3.791091442108154297e-01 3.509511426091194153e-02
4.432383477687835693e-01 3.881907761096954346e-01 2.760045463219285011e-04
4.522296488285064697e-01 3.857708573341369629e-01 -2.291664946824312210e-03
4.727619588375091553e-01 5.600975751876831055e-01 -4.036205820739269257e-03
3.904240131378173828e-01 4.809733033180236816e-01 4.074220731854438782e-02
4.644988775253295898e-01 6.903760433197021484e-01 9.627799503505229950e-03
4.299536645412445068e-01 6.423165202140808105e-01 2.609446085989475250e-02
4.226275682449340820e-01 6.280959248542785645e-01 4.110176861286163330e-02
5.182362794876098633e-01 2.852929532527923584e-01 -2.645676955580711365e-03
4.886648356914520264e-01 6.895694732666015625e-01 5.687055643647909164e-03
4.541660845279693604e-01 3.905235528945922852e-01 3.181613748893141747e-03
4.776782095432281494e-01 3.760684728622436523e-01 5.927918013185262680e-03
4.803487658500671387e-01 3.814340233802795410e-01 9.146216325461864471e-04
3.933606445789337158e-01 3.509890437126159668e-01 2.587825059890747070e-02
4.731699526309967041e-01 3.731166720390319824e-01 1.155826076865196228e-02
4.373463392257690430e-01 3.676633834838867188e-01 4.046849906444549561e-03
4.388078451156616211e-01 3.550410270690917969e-01 -2.009266987442970276e-03
4.288616180419921875e-01 3.694202303886413574e-01 1.244535390287637711e-02
4.287196993827819824e-01 3.739139139652252197e-01 1.696803234517574310e-02
3.871881365776062012e-01 3.486553430557250977e-01 7.294914126396179199e-02
4.165103733539581299e-01 3.713759779930114746e-01 3.272416815161705017e-02
5.128898620605468750e-01 5.147900581359863281e-01 -4.001251980662345886e-02
4.710718691349029541e-01 5.103234052658081055e-01 -2.650485374033451080e-02
4.713695943355560303e-01 4.830955266952514648e-01 -3.247981518507003784e-02
4.921725988388061523e-01 5.129314661026000977e-01 -3.845711052417755127e-02
5.158138275146484375e-01 3.594228327274322510e-01 -2.047783322632312775e-02
4.157140254974365234e-01 6.078686714172363281e-01 1.550845988094806671e-02
4.335775673389434814e-01 6.259926557540893555e-01 3.123848885297775269e-02
4.582187533378601074e-01 6.530720591545104980e-01 -1.873474009335041046e-02
3.927889168262481689e-01 5.772759318351745605e-01 8.666776120662689209e-02
4.781073927879333496e-01 3.744669258594512939e-01 1.698299124836921692e-02
4.751950502395629883e-01 4.185310006141662598e-01 -2.363821677863597870e-02
5.034916400909423828e-01 6.703039407730102539e-01 -4.194587934762239456e-03
4.524446129798889160e-01 6.618153452873229980e-01 2.757082320749759674e-02
3.795828521251678467e-01 5.015258193016052246e-01 6.136108189821243286e-02
4.818088710308074951e-01 5.684554576873779297e-01 -2.207739837467670441e-02
4.842772185802459717e-01 5.750904679298400879e-01 -2.006574347615242004e-02
4.819604456424713135e-01 5.791888833045959473e-01 -2.582935057580471039e-02
4.738612771034240723e-01 5.988412499427795410e-01 -2.158365398645401001e-02
4.657835960388183594e-01 6.045857071876525879e-01 -2.131689712405204773e-02
4.641298949718475342e-01 5.553470253944396973e-01 -1.493015140295028687e-02
4.634999334812164307e-01 5.644963383674621582e-01 -8.718773722648620605e-03
4.600509703159332275e-01 5.500987172126770020e-01 -1.014351285994052887e-02
4.497799873352050781e-01 5.243339538574218750e-01 -9.161322377622127533e-03
4.139759540557861328e-01 4.993810653686523438e-01 2.686852402985095978e-02
4.985142350196838379e-01 3.879009187221527100e-01 -2.165297046303749084e-02
4.929718971252441406e-01 3.666044771671295166e-01 -9.277384961023926735e-04
4.765496850013732910e-01 3.846190273761749268e-01 2.672222442924976349e-03
4.720110595226287842e-01 5.567732453346252441e-01 6.070486269891262054e-03
3.991870284080505371e-01 5.487701296806335449e-01 3.702682256698608398e-02
5.007374286651611328e-01 3.561828136444091797e-01 -8.441897109150886536e-03
4.523357152938842773e-01 6.101483106613159180e-01 -9.896988980472087860e-03
5.119743943214416504e-01 4.145730733871459961e-01 -4.866294562816619873e-02
4.935893714427947998e-01 4.109522700309753418e-01 -3.888173401355743408e-02
5.049856901168823242e-01 4.055844247341156006e-01 -4.067757353186607361e-02
4.807532727718353271e-01 4.481332898139953613e-01 -2.717315033078193665e-02
4.978531002998352051e-01 6.430122256278991699e-01 -1.425351761281490326e-02
5.026103258132934570e-01 6.339261531829833984e-01 -1.192463748157024384e-02
4.753580689430236816e-01 6.286516785621643066e-01 -1.876723952591419220e-02
4.300750792026519775e-01 5.859098434448242188e-01 9.962562471628189087e-04
4.454526305198669434e-01 4.723648726940155029e-01 -1.316217519342899323e-02
4.441116750240325928e-01 6.036314964294433594e-01 -7.420207839459180832e-04
4.250705540180206299e-01 4.941318333148956299e-01 -5.021975375711917877e-04
4.449753761291503906e-01 5.150476098060607910e-01 -2.143925754353404045e-03
4.115168452262878418e-01 5.237374901771545410e-01 -6.643224041908979416e-04
4.764346182346343994e-01 6.537535190582275391e-01 -1.206684019416570663e-02
4.858842790126800537e-01 4.407200217247009277e-01 -1.056579500436782837e-02
4.329964816570281982e-01 5.920394659042358398e-01 7.728774566203355789e-03
4.369304478168487549e-01 6.216444969177246094e-01 4.210463725030422211e-03
4.243760406970977783e-01 5.505974888801574707e-01 -9.525315836071968079e-04
3.809238672256469727e-01 5.097075700759887695e-01 4.589081555604934692e-02
4.112483561038970947e-01 5.623192787170410156e-01 1.787909492850303650e-02
3.777088224887847900e-01 5.343931913375854492e-01 6.180308386683464050e-02
4.469496607780456543e-01 5.271354317665100098e-01 5.127316806465387344e-03
4.880052804946899414e-01 4.277755618095397949e-01 -2.459180168807506561e-02
4.803914725780487061e-01 4.791706800460815430e-01 -5.400124937295913696e-02
4.817454814910888672e-01 4.819653332233428955e-01 -3.666295856237411499e-02
5.053055286407470703e-01 4.597581028938293457e-01 -4.384664446115493774e-02
4.859046339988708496e-01 3.546299338340759277e-01 -4.766740836203098297e-03
4.774377346038818359e-01 3.364742100238800049e-01 -7.007595617324113846e-03
4.456613659858703613e-01 3.208038508892059326e-01 -9.244129061698913574e-03
4.485933482646942139e-01 3.296656012535095215e-01 -2.438826113939285278e-02
4.160228371620178223e-01 3.390522599220275879e-01 8.197505958378314972e-03
3.980816602706909180e-01 3.783850967884063721e-01 1.316024921834468842e-02
3.785254657268524170e-01 4.198816120624542236e-01 6.679260730743408203e-02
4.184574782848358154e-01 4.054679274559020996e-01 2.371753193438053131e-02
4.301187694072723389e-01 4.072333574295043945e-01 9.307516738772392273e-04
4.411675631999969482e-01 4.178963303565979004e-01 -5.342458374798297882e-03
4.667329788208007812e-01 4.002431929111480713e-01 9.416301734745502472e-03
4.647069275379180908e-01 4.040176570415496826e-01 3.458856837823987007e-03
4.816882610321044922e-01 3.906626105308532715e-01 -4.950263537466526031e-03
3.702045381069183350e-01 4.103843569755554199e-01 9.747971594333648682e-02
4.700979292392730713e-01 4.846065342426300049e-01 -2.249550074338912964e-02
4.814187288284301758e-01 4.355095922946929932e-01 -2.904202789068222046e-02
4.896046221256256104e-01 4.783092141151428223e-01 -5.170703679323196411e-02
5.023267269134521484e-01 4.989256858825683594e-01 -6.149585172533988953e-02
4.881585836410522461e-01 4.797429442405700684e-01 -4.162315279245376587e-02
4.681643545627593994e-01 4.921104013919830322e-01 -2.392853796482086182e-02
5.016028881072998047e-01 4.739129543304443359e-01 -6.317231804132461548e-02
4.974402487277984619e-01 4.857321977615356445e-01 -4.436760395765304565e-02
4.783124625682830811e-01 3.771468698978424072e-01 6.074513308703899384e-03
4.899371862411499023e-01 3.799306452274322510e-01 -4.799107089638710022e-03
5.072141289710998535e-01 3.966380357742309570e-01 3.728978335857391357e-03
4.405539035797119141e-01 3.684302270412445068e-01 5.521310027688741684e-03
4.389314353466033936e-01 3.486064076423645020e-01 1.294762454926967621e-02
5.223604440689086914e-01 4.252611994743347168e-01 -4.302142560482025146e-02
5.939859151840209961e-01 3.926198184490203857e-01 2.612753771245479584e-02
5.060251951217651367e-01 4.855423867702484131e-01 -3.134445101022720337e-02
6.165892481803894043e-01 3.456977307796478271e-01 9.444492310285568237e-02
5.660448670387268066e-01 4.009690582752227783e-01 1.899437233805656433e-02
5.697329044342041016e-01 3.995502889156341553e-01 2.512602135539054871e-03
5.927081108093261719e-01 3.964260220527648926e-01 2.917655277997255325e-03
6.037398576736450195e-01 4.016883075237274170e-01 2.870367281138896942e-02
5.500372648239135742e-01 3.923628926277160645e-01 1.898682676255702972e-02
5.748993754386901855e-01 3.478790819644927979e-01 1.932408288121223450e-02
5.640001296997070312e-01 3.499897420406341553e-01 2.612765412777662277e-03
5.996081829071044922e-01 3.465910255908966064e-01 2.178959548473358154e-02
6.005055308341979980e-01 3.620993494987487793e-01 2.232207544147968292e-02
6.153087019920349121e-01 4.044177234172821045e-01 2.421626076102256775e-02
5.400812029838562012e-01 6.474829912185668945e-01 1.170914620161056519e-04
5.975331068038940430e-01 3.932426571846008301e-01 2.362913079559803009e-02
6.238890290260314941e-01 4.167686700820922852e-01 8.144608885049819946e-02
6.095008850097656250e-01 3.995991945266723633e-01 3.990994766354560852e-02
5.673712491989135742e-01 4.709602296352386475e-01 5.263362545520067215e-03
5.307374000549316406e-01 5.375582575798034668e-01 -2.457417547702789307e-02
5.067294239997863770e-01 5.630250573158264160e-01 -3.180317580699920654e-02
5.381347537040710449e-01 5.430774688720703125e-01 -2.032781019806861877e-02
5.272412300109863281e-01 5.563573837280273438e-01 -1.695152372121810913e-02
5.279544591903686523e-01 5.559846758842468262e-01 -2.400102838873863220e-02
5.453956723213195801e-01 5.542958378791809082e-01 -3.078418038785457611e-02
5.380425453186035156e-01 5.829590559005737305e-01 -1.329723093658685684e-02
5.233373045921325684e-01 4.762717187404632568e-01 -6.155593320727348328e-02
5.153385400772094727e-01 4.703949093818664551e-01 -6.644865870475769043e-02
6.140211820602416992e-01 3.395607173442840576e-01 1.303094811737537384e-02
5.313118100166320801e-01 4.271400570869445801e-01 -8.092820644378662109e-03
5.388448238372802734e-01 4.727956950664520264e-01 -2.899132296442985535e-02
5.504851341247558594e-01 4.714967012405395508e-01 -4.597294703125953674e-02
6.020693778991699219e-01 4.619656801223754883e-01 2.347956970334053040e-02
5.191008448600769043e-01 4.366687238216400146e-01 -6.550651043653488159e-02
5.905316472053527832e-01 3.315454423427581787e-01 1.291831489652395248e-02
5.911751985549926758e-01 3.404987752437591553e-01 2.059908397495746613e-02
6.244478225708007812e-01 3.137770593166351318e-01 4.708543419837951660e-02
5.436976552009582520e-01 3.383576273918151855e-01 -9.721096605062484741e-03
5.525157451629638672e-01 3.562813401222229004e-01 1.081662625074386597e-02
5.506314635276794434e-01 5.688941478729248047e-01 1.048060413450002670e-02
6.083448529243469238e-01 5.770263671875000000e-01 9.443458914756774902e-02
5.374673008918762207e-01 4.909550547599792480e-01 -2.679228968918323517e-02
5.144317150115966797e-01 4.803402125835418701e-01 -2.921942807734012604e-02
5.526712536811828613e-01 5.647743344306945801e-01 8.565930649638175964e-03
5.532766580581665039e-01 5.740498304367065430e-01 2.724196994677186012e-03
6.076923608779907227e-01 3.258906006813049316e-01 1.661641895771026611e-02
5.448669195175170898e-01 4.943152368068695068e-01 -3.326141089200973511e-02
5.624879598617553711e-01 3.329541385173797607e-01 -6.708973087370395660e-03
5.752007961273193359e-01 3.071800470352172852e-01 -1.326629985123872757e-02
5.783755779266357422e-01 2.458049356937408447e-01 1.227318122982978821e-02
6.267397999763488770e-01 3.215719461441040039e-01 3.317939490079879761e-02
5.723581314086914062e-01 2.885758876800537109e-01 5.105585791170597076e-03
6.120990514755249023e-01 3.434066474437713623e-01 3.964474797248840332e-02
6.248314380645751953e-01 3.483477234840393066e-01 4.254883155226707458e-02
5.185208320617675781e-01 5.472651720046997070e-01 -3.018680401146411896e-02
5.348480343818664551e-01 5.468155145645141602e-01 -2.195608988404273987e-02
5.461024641990661621e-01 5.560838580131530762e-01 -1.307812053710222244e-02
5.362263917922973633e-01 4.935056865215301514e-01 -3.933490440249443054e-02
5.434985756874084473e-01 5.644714236259460449e-01 1.207756437361240387e-02
5.352401137351989746e-01 5.738004446029663086e-01 3.044230630621314049e-03
5.416211485862731934e-01 5.514738559722900391e-01 -8.687622845172882080e-03
5.329198837280273438e-01 4.858472645282745361e-01 -5.770606920123100281e-02
5.472066402435302734e-01 5.469918847084045410e-01 -2.818655222654342651e-03
5.258065462112426758e-01 5.487105250358581543e-01 -2.722301706671714783e-02
5.125852823257446289e-01 5.524525642395019531e-01 -3.070609644055366516e-02
5.210866928100585938e-01 6.197044253349304199e-01 -2.822646405547857285e-03
5.087298154830932617e-01 5.951128005981445312e-01 -6.692324299365282059e-03
5.209394693374633789e-01 5.826518535614013672e-01 -2.221006527543067932e-02
5.117065906524658203e-01 5.879714488983154297e-01 -2.911624684929847717e-02
5.117021203041076660e-01 5.669669508934020996e-01 -2.440932206809520721e-02
5.280634760856628418e-01 5.785183906555175781e-01 -9.476241655647754669e-03
5.351762175559997559e-01 5.564097762107849121e-01 -3.346343990415334702e-03
5.355187654495239258e-01 5.796792507171630859e-01 -1.191371958702802658e-02
5.421832203865051270e-01 5.820409059524536133e-01 -2.095687203109264374e-02
5.501630306243896484e-01 5.364777445793151855e-01 -1.799407973885536194e-02
6.311107873916625977e-01 4.918183684349060059e-01 1.264710128307342529e-01
5.302636027336120605e-01 5.643544197082519531e-01 1.336577814072370529e-03
5.422000288963317871e-01 5.862246751785278320e-01 1.612282358109951019e-03
5.235897302627563477e-01 5.030715465545654297e-01 -2.590255066752433777e-02
5.317686796188354492e-01 4.997432529926300049e-01 -1.502120587974786758e-02
5.229380130767822266e-01 4.896651506423950195e-01 -1.551658473908901215e-02
5.650541186332702637e-01 4.390335977077484131e-01 -6.759253330528736115e-03
5.619682073593139648e-01 4.523417949676513672e-01 -2.953520044684410095e-03
5.296306610107421875e-01 4.788951575756072998e-01 -1.555702462792396545e-02
6.039014458656311035e-01 2.654218971729278564e-01 2.455131337046623230e-02
5.976768732070922852e-01 2.920986711978912354e-01 3.521030768752098083e-02
5.922102928161621094e-01 3.082995414733886719e-01 3.473892807960510254e-03
5.640374422073364258e-01 5.985581278800964355e-01 -4.515436012297868729e-05
5.382341146469116211e-01 3.247517049312591553e-01 -1.658339612185955048e-02
5.484695434570312500e-01 2.807166576385498047e-01 -2.206179872155189514e-02
5.592300295829772949e-01 2.520160973072052002e-01 2.193386200815439224e-03
6.014111638069152832e-01 4.020542204380035400e-01 1.891853474080562592e-02
6.122445464134216309e-01 4.227152764797210693e-01 2.197286486625671387e-02
5.446570515632629395e-01 3.839884400367736816e-01 1.982309296727180481e-02
5.986576676368713379e-01 3.792127966880798340e-01 2.967744320631027222e-02
5.286638736724853516e-01 4.139870405197143555e-01 2.778091002255678177e-03
5.433691740036010742e-01 4.773183166980743408e-01 -3.351781144738197327e-02
6.209207773208618164e-01 4.329616427421569824e-01 5.067902803421020508e-02
6.001116037368774414e-01 4.323178231716156006e-01 1.559740863740444183e-02
5.834771990776062012e-01 4.393939971923828125e-01 3.209366649389266968e-02
5.692270994186401367e-01 4.392401576042175293e-01 1.562251243740320206e-02
5.571946501731872559e-01 4.286631345748901367e-01 4.777286667376756668e-03
5.522778034210205078e-01 3.992669284343719482e-01 7.166619412600994110e-03
5.204787850379943848e-01 3.850789666175842285e-01 -1.744729094207286835e-02
6.200847625732421875e-01 4.762500524520874023e-01 5.669200420379638672e-02
6.186563968658447266e-01 3.805132508277893066e-01 2.338552847504615784e-02
5.075812935829162598e-01 4.831610321998596191e-01 -5.144375190138816833e-02
5.257897377014160156e-01 4.588911235332489014e-01 -1.255598571151494980e-02
6.254651546478271484e-01 3.945049643516540527e-01 1.033310517668724060e-01
5.355942249298095703e-01 3.986172974109649658e-01 -9.037197567522525787e-03
5.460767745971679688e-01 4.842620491981506348e-01 -8.408791385591030121e-03
6.012215614318847656e-01 3.887488245964050293e-01 2.777126617729663849e-02
5.388657450675964355e-01 4.593712389469146729e-01 -3.698127344250679016e-02
6.292530298233032227e-01 5.349999666213989258e-01 1.304334402084350586e-01
5.341094732284545898e-01 3.910702764987945557e-01 1.041154749691486359e-02
5.326468944549560547e-01 4.571641683578491211e-01 -5.755982920527458191e-02
5.817513465881347656e-01 6.063690781593322754e-01 5.011524632573127747e-02
5.892293453216552734e-01 6.337199211120605469e-01 6.663449853658676147e-02
6.266223192214965820e-01 4.744126498699188232e-01 8.294543623924255371e-02
6.103128790855407715e-01 5.723120570182800293e-01 7.104939222335815430e-02
6.266056895256042480e-01 3.687706887722015381e-01 7.653003931045532227e-02
5.437679290771484375e-01 6.542905569076538086e-01 1.620810851454734802e-02
5.105165243148803711e-01 4.977858960628509521e-01 -4.301849752664566040e-02
5.377527475357055664e-01 4.681317806243896484e-01 -8.763256482779979706e-03
6.220553517341613770e-01 4.125127494335174561e-01 6.144185736775398254e-02
5.910124182701110840e-01 3.889350891113281250e-01 1.933600939810276031e-02
5.711064338684082031e-01 3.951449394226074219e-01 3.374095307663083076e-03
5.314925312995910645e-01 5.805995464324951172e-01 5.068798549473285675e-03
6.204387545585632324e-01 4.970909357070922852e-01 3.974616527557373047e-02
5.030148625373840332e-01 6.817948818206787109e-01 1.025662524625658989e-03
5.540529489517211914e-01 6.599627137184143066e-01 1.792132109403610229e-02
5.755931138992309570e-01 6.407672762870788574e-01 3.894610702991485596e-02
5.553158521652221680e-01 3.990117609500885010e-01 1.303993351757526398e-02
5.552452802658081055e-01 3.961394131183624268e-01 1.008093170821666718e-02
5.528988838195800781e-01 3.770785033702850342e-01 1.657595392316579819e-03
6.233546137809753418e-01 3.607781827449798584e-01 4.177185893058776855e-02
5.487056374549865723e-01 3.952840566635131836e-01 1.894655451178550720e-02
5.679261088371276855e-01 3.654265701770782471e-01 6.821914110332727432e-03
5.670887827873229980e-01 3.592233657836914062e-01 6.234911736100912094e-03
5.926405191421508789e-01 3.722467720508575439e-01 2.243284694850444794e-02
5.877361893653869629e-01 3.905578553676605225e-01 3.476524725556373596e-02
6.288951635360717773e-01 3.616719245910644531e-01 1.037722975015640259e-01
5.786410570144653320e-01 3.895432054996490479e-01 1.762415468692779541e-02
5.518668889999389648e-01 5.136638283729553223e-01 -1.230392511934041977e-02
5.435798168182373047e-01 4.848484694957733154e-01 -1.656005159020423889e-02
5.177500247955322266e-01 5.268222689628601074e-01 -3.310512006282806396e-02
5.749464631080627441e-01 6.191553473472595215e-01 2.530537731945514679e-02
5.541588664054870605e-01 6.278563141822814941e-01 3.298531472682952881e-02
5.205408334732055664e-01 6.722080111503601074e-01 4.742185119539499283e-03
5.896912217140197754e-01 5.975810289382934570e-01 9.582114219665527344e-02
5.457978248596191406e-01 3.845141232013702393e-01 6.793532520532608032e-03
5.385269522666931152e-01 4.264973104000091553e-01 -1.827846094965934753e-02
5.411790609359741211e-01 6.703173518180847168e-01 2.844234183430671692e-02
6.152846217155456543e-01 5.142914056777954102e-01 6.692966818809509277e-02
5.130337476730346680e-01 5.642223358154296875e-01 -5.000075325369834900e-03
5.300999283790588379e-01 5.815690159797668457e-01 -1.685245707631111145e-02
5.292435288429260254e-01 5.842676758766174316e-01 -1.442522369325160980e-02
5.301963090896606445e-01 5.992937088012695312e-01 -1.363160368055105209e-02
5.364549756050109863e-01 6.091982722282409668e-01 -1.618268713355064392e-02
5.524227619171142578e-01 5.607296228408813477e-01 -2.320996019989252090e-03
5.378850698471069336e-01 5.542449951171875000e-01 1.385696232318878174e-04
5.510273575782775879e-01 5.505506396293640137e-01 -4.453677218407392502e-03
5.631828308105468750e-01 5.432760119438171387e-01 2.356962999328970909e-03
5.958741307258605957e-01 5.102595090866088867e-01 3.139750659465789795e-02
5.205417275428771973e-01 4.079890549182891846e-01 -7.106459233909845352e-03
5.497568249702453613e-01 3.744817078113555908e-01 1.555278338491916656e-02
5.484297871589660645e-01 3.633542954921722412e-01 1.262519508600234985e-04
5.387414097785949707e-01 5.697190165519714355e-01 -2.148996666073799133e-02
5.968410968780517578e-01 5.439398884773254395e-01 1.745057851076126099e-02
5.160301327705383301e-01 3.623421490192413330e-01 -6.855663377791643143e-03
5.493066906929016113e-01 6.151901483535766602e-01 4.898823681287467480e-05
5.160993337631225586e-01 4.069467186927795410e-01 -1.834309473633766174e-02
5.377359986305236816e-01 4.416468739509582520e-01 -1.664308831095695496e-02
5.232363343238830566e-01 6.262376904487609863e-01 -1.751622371375560760e-02
5.579618811607360840e-01 5.891289114952087402e-01 1.524495333433151245e-02
5.658386945724487305e-01 4.910499751567840576e-01 5.396471824496984482e-04
5.525609850883483887e-01 6.070400476455688477e-01 -3.540721721947193146e-03
5.833949446678161621e-01 4.914413988590240479e-01 8.774809539318084717e-03
5.681442022323608398e-01 5.213259458541870117e-01 1.400578115135431290e-02
5.769244432449340820e-01 5.194979310035705566e-01 -6.555348634719848633e-03
5.211558341979980469e-01 6.565238237380981445e-01 -1.441077329218387604e-02
5.275162458419799805e-01 4.560259580612182617e-01 -2.654887735843658447e-02
5.764492750167846680e-01 6.052396893501281738e-01 3.169402480125427246e-02
5.603149533271789551e-01 6.182532310485839844e-01 4.319300875067710876e-03
5.733322501182556152e-01 5.720996260643005371e-01 1.505736075341701508e-02
6.075962185859680176e-01 5.381523370742797852e-01 4.923101142048835754e-02
5.955386757850646973e-01 5.617656111717224121e-01 1.062680874019861221e-02
6.102190613746643066e-01 5.459711551666259766e-01 7.211428135633468628e-02
5.689234733581542969e-01 5.364178419113159180e-01 -1.075193285942077637e-02
5.319946408271789551e-01 4.297890961170196533e-01 -2.867174148559570312e-02
5.328925848007202148e-01 4.852696657180786133e-01 -7.002037018537521362e-02
5.314056277275085449e-01 4.916073083877563477e-01 -2.652456983923912048e-02
5.296171903610229492e-01 4.561259448528289795e-01 -4.784782975912094116e-02
5.395504236221313477e-01 3.606751263141632080e-01 1.298512145876884460e-02
5.530917644500732422e-01 3.311415016651153564e-01 -5.037057213485240936e-03
5.925022959709167480e-01 3.429927229881286621e-01 -2.764151431620121002e-03
6.064543724060058594e-01 3.405678570270538330e-01 -8.094217628240585327e-04
6.010579466819763184e-01 3.573414683341979980e-01 1.552047301083803177e-02
6.056886911392211914e-01 3.858991265296936035e-01 3.880243748426437378e-02
6.313456892967224121e-01 4.412479400634765625e-01 8.432901650667190552e-02
6.055536270141601562e-01 4.183192849159240723e-01 2.366668172180652618e-02
5.983791351318359375e-01 4.228143095970153809e-01 2.278045937418937683e-02
5.738282799720764160e-01 4.189176857471466064e-01 1.236086059361696243e-02
5.482204556465148926e-01 4.012540578842163086e-01 8.558887057006359100e-03
5.418313741683959961e-01 4.023260772228240967e-01 3.142497735098004341e-03
5.444947481155395508e-01 4.001023769378662109e-01 1.162483356893062592e-02
6.341983079910278320e-01 4.466998875141143799e-01 1.235607489943504333e-01
5.364218950271606445e-01 4.987232685089111328e-01 -2.375854179263114929e-02
5.243714451789855957e-01 4.341210126876831055e-01 -3.333776071667671204e-02
5.351163148880004883e-01 4.690686464309692383e-01 -5.227744951844215393e-02
5.142202377319335938e-01 4.780085682868957520e-01 -3.720021620392799377e-02
5.423632860183715820e-01 4.892361760139465332e-01 -4.840356111526489258e-02
5.425012707710266113e-01 4.894204437732696533e-01 1.900990493595600128e-03
5.265590548515319824e-01 4.854642748832702637e-01 -4.929558932781219482e-02
5.103450417518615723e-01 4.888622462749481201e-01 -4.707729443907737732e-02
5.377610921859741211e-01 3.902580142021179199e-01 1.185858715325593948e-02
5.369006991386413574e-01 3.743530809879302979e-01 8.625070564448833466e-03
5.293389558792114258e-01 3.809537589550018311e-01 -2.346633560955524445e-02
5.848869681358337402e-01 3.910216093063354492e-01 2.186316065490245819e-02
5.934288501739501953e-01 3.700011372566223145e-01 3.087903372943401337e-02
4.576209783554077148e-01 3.708580136299133301e-01 4.709036555141210556e-03
4.550983905792236328e-01 3.690047860145568848e-01 -3.168042749166488647e-04
4.437471032142639160e-01 3.489299416542053223e-01 2.434111386537551880e-02
4.278179407119750977e-01 3.632673919200897217e-01 1.248774304986000061e-02
4.521838128566741943e-01 3.792572319507598877e-01 3.803301602602005005e-03
5.719353556632995605e-01 3.713805079460144043e-01 2.831455552950501442e-03
5.822387337684631348e-01 3.836364746093750000e-01 1.900608465075492859e-02
5.795238018035888672e-01 3.729213476181030273e-01 1.777233555912971497e-02
5.499708652496337891e-01 3.729341924190521240e-01 1.596564799547195435e-02
5.704433321952819824e-01 3.915022313594818115e-01 1.826679892838001251e-02
