5.079064369201660156e-01 5.459531545639038086e-01 -4.055682197213172913e-02
5.013017058372497559e-01 4.757747054100036621e-01 -5.549980327486991882e-02
5.049185752868652344e-01 5.167095661163330078e-01 -4.053285717964172363e-02
4.987230598926544189e-01 4.368966221809387207e-01 -3.809731081128120422e-02
5.137807130813598633e-01 4.729598462581634521e-01 -6.816206127405166626e-02
5.148251056671142578e-01 4.415475428104400635e-01 -5.502296239137649536e-02
5.112407207489013672e-01 3.883002102375030518e-01 -3.012561798095703125e-02
4.286510944366455078e-01 3.825095593929290771e-01 9.152655489742755890e-03
5.035384893417358398e-01 3.535445332527160645e-01 -2.580730989575386047e-02
5.247440338134765625e-01 3.056997954845428467e-01 -1.223335973918437958e-02
5.285810232162475586e-01 2.500948011875152588e-01 1.862870529294013977e-03
5.180208683013916016e-01 5.442641973495483398e-01 -3.238642215728759766e-02
5.028938055038452148e-01 5.603142380714416504e-01 -3.320549800992012024e-02
5.157437920570373535e-01 5.646758079528808594e-01 -2.792278118431568146e-02
5.103729367256164551e-01 5.850859284400939941e-01 -2.539410255849361420e-02
5.140551328659057617e-01 5.920724272727966309e-01 -2.346740476787090302e-02
4.985868632793426514e-01 5.982041358947753906e-01 -2.329303510487079620e-02
5.099498033523559570e-01 6.125945448875427246e-01 -2.231599390506744385e-02
4.976097047328948975e-01 6.265898942947387695e-01 -6.055121310055255890e-03
5.083333849906921387e-01 4.961386322975158691e-01 -5.325343459844589233e-02
4.978476464748382568e-01 4.865323305130004883e-01 -3.682994470000267029e-02
3.896087408065795898e-01 3.156274259090423584e-01 6.754729896783828735e-02
4.535255730152130127e-01 4.035357832908630371e-01 1.542701851576566696e-03
4.551317989826202393e-01 3.959349393844604492e-01 -1.064053503796458244e-03
4.333060681819915771e-01 3.973028659820556641e-01 6.232960615307092667e-03
4.317899346351623535e-01 3.911536633968353271e-01 8.454107679426670074e-03
4.693695008754730225e-01 3.942387402057647705e-01 1.044428534805774689e-02
4.532255828380584717e-01 3.474347591400146484e-01 9.291557595133781433e-03
4.606710672378540039e-01 3.507945537567138672e-01 8.974846452474594116e-03
4.275807440280914307e-01 3.338753879070281982e-01 1.844026613980531693e-03
4.206079840660095215e-01 3.619240820407867432e-01 7.097425870597362518e-03
4.071204662322998047e-01 3.966835737228393555e-01 2.391688339412212372e-02
4.496472775936126709e-01 6.488479375839233398e-01 -4.451900022104382515e-04
4.217133224010467529e-01 3.778466582298278809e-01 1.526842080056667328e-02
3.825331330299377441e-01 3.868755996227264404e-01 5.921876430511474609e-02
4.061336815357208252e-01 3.775079548358917236e-01 4.469529166817665100e-02
4.526029527187347412e-01 4.761663973331451416e-01 -1.221074629575014114e-02
5.041257143020629883e-01 5.327332019805908203e-01 -3.769773617386817932e-02
4.997190833091735840e-01 5.527871251106262207e-01 -3.400934860110282898e-02
4.719404578208923340e-01 5.394840836524963379e-01 -2.985381335020065308e-02
4.637393057346343994e-01 5.557553768157958984e-01 -3.178353235125541687e-02
4.917196631431579590e-01 5.598781704902648926e-01 -2.952587977051734924e-02
4.779390096664428711e-01 5.551151633262634277e-01 -1.997087337076663971e-02
4.511467516422271729e-01 5.858461260795593262e-01 -9.827453643083572388e-03
4.992436170578002930e-01 4.873808026313781738e-01 -6.472545117139816284e-02
5.015158653259277344e-01 4.757043719291687012e-01 -6.170544400811195374e-02
4.136321842670440674e-01 3.401629626750946045e-01 1.767958141863346100e-02
4.742778837680816650e-01 4.377562105655670166e-01 -9.886324405670166016e-03
4.679650664329528809e-01 4.766651093959808350e-01 -3.989947587251663208e-02
4.783199131488800049e-01 4.660002589225769043e-01 -2.492573484778404236e-02
4.163675308227539062e-01 4.692812263965606689e-01 1.061605382710695267e-02
5.132757425308227539e-01 4.401306509971618652e-01 -4.963675141334533691e-02
4.424382150173187256e-01 3.044993281364440918e-01 8.073635399341583252e-05
4.170017540454864502e-01 3.206988573074340820e-01 5.876519717276096344e-03
3.996988832950592041e-01 2.815929651260375977e-01 5.231114104390144348e-02
4.967842400074005127e-01 3.358810544013977051e-01 -2.376289805397391319e-03
4.785650968551635742e-01 3.433386683464050293e-01 5.716083571314811707e-03
4.455220401287078857e-01 5.715860724449157715e-01 -4.706712905317544937e-03
3.827029168605804443e-01 5.496961474418640137e-01 7.921309769153594971e-02
4.794143140316009521e-01 4.763085246086120605e-01 -3.246657550334930420e-02
4.954532384872436523e-01 4.975820183753967285e-01 -1.160616893321275711e-02
4.569587707519531250e-01 5.652924776077270508e-01 -5.355811677873134613e-03
4.649941921234130859e-01 5.738477110862731934e-01 -8.639573119580745697e-03
4.206441640853881836e-01 3.034613430500030518e-01 9.981430135667324066e-03
4.699270427227020264e-01 4.803461134433746338e-01 -2.725003659725189209e-02
4.708242714405059814e-01 3.207204639911651611e-01 -1.256171055138111115e-02
4.561930000782012939e-01 3.000704050064086914e-01 -1.400474086403846741e-02
4.594934582710266113e-01 2.441121190786361694e-01 1.363109704107046127e-02
4.116631448268890381e-01 2.956709861755371094e-01 2.774001099169254303e-02
4.676249027252197266e-01 2.855629622936248779e-01 -2.785813296213746071e-03
4.108382761478424072e-01 3.225090503692626953e-01 2.430586889386177063e-02
3.916811943054199219e-01 3.277547955513000488e-01 4.169642552733421326e-02
4.960311055183410645e-01 5.446448922157287598e-01 -4.532947763800621033e-02
4.900022149085998535e-01 5.586909055709838867e-01 -2.830409258604049683e-02
4.709977209568023682e-01 5.503074526786804199e-01 -2.008076384663581848e-02
4.954888820648193359e-01 5.012415051460266113e-01 -2.842332981526851654e-02
4.718806743621826172e-01 5.799528956413269043e-01 -1.399362110532820225e-03
4.577759504318237305e-01 5.813260674476623535e-01 -1.578744687139987946e-02
4.706461429595947266e-01 5.701373219490051270e-01 -3.896047361195087433e-03
4.903498589992523193e-01 4.872036576271057129e-01 -4.603778198361396790e-02
4.914675951004028320e-01 5.594519972801208496e-01 -2.296007983386516571e-02
4.806976020336151123e-01 5.580757260322570801e-01 -1.704524084925651550e-02
4.973455667495727539e-01 5.550547838211059570e-01 -2.149991691112518311e-02
4.866546690464019775e-01 6.268472671508789062e-01 -1.177478861063718796e-02
4.750410020351409912e-01 6.125787496566772461e-01 -1.260304637253284454e-02
4.844649732112884521e-01 6.084298491477966309e-01 -3.107955120503902435e-02
4.893114864826202393e-01 5.972599387168884277e-01 -2.636429481208324432e-02
4.903718531131744385e-01 5.819547772407531738e-01 -1.199830230325460434e-02
4.787235260009765625e-01 5.745052099227905273e-01 -7.214943412691354752e-03
4.805473983287811279e-01 5.726465582847595215e-01 -1.336215808987617493e-02
4.763705134391784668e-01 5.959811806678771973e-01 -2.094031870365142822e-02
4.665825366973876953e-01 5.904736518859863281e-01 -2.069844678044319153e-02
4.548195898532867432e-01 5.297378897666931152e-01 -1.837465912103652954e-02
3.735620677471160889e-01 4.667573571205139160e-01 1.113699078559875488e-01
5.137294530868530273e-01 5.020146369934082031e-01 -4.050084203481674194e-02
4.681308865547180176e-01 5.692312121391296387e-01 -2.220144262537360191e-03
4.740228354930877686e-01 5.772552490234375000e-01 -6.021791603416204453e-03
4.973376095294952393e-01 4.986171424388885498e-01 -3.645014390349388123e-02
4.679921865463256836e-01 5.021304488182067871e-01 -2.018721774220466614e-02
4.987639784812927246e-01 5.057914257049560547e-01 -4.164786636829376221e-02
4.602022767066955566e-01 4.402349591255187988e-01 -6.143730133771896362e-03
4.445297718048095703e-01 4.481423795223236084e-01 3.288100473582744598e-03
4.708603918552398682e-01 4.832772314548492432e-01 -2.162192389369010925e-02
4.244904816150665283e-01 2.655127644538879395e-01 3.175443038344383240e-02
4.401751458644866943e-01 2.841415107250213623e-01 8.263634517788887024e-03
4.377482533454895020e-01 3.031452596187591553e-01 1.305370870977640152e-02
4.711058139801025391e-01 6.109654903411865234e-01 7.699357811361551285e-03
4.864839315414428711e-01 3.048656284809112549e-01 -8.111575618386268616e-03
4.767153859138488770e-01 2.806860506534576416e-01 -3.884074511006474495e-03
4.882271587848663330e-01 2.568038702011108398e-01 -1.988602569326758385e-03
4.303974509239196777e-01 3.877527415752410889e-01 1.702262647449970245e-02
4.074604213237762451e-01 4.164174497127532959e-01 3.229177743196487427e-02
4.759212136268615723e-01 3.850011825561523438e-01 1.204697974026203156e-02
4.058111011981964111e-01 3.605146408081054688e-01 1.580859534442424774e-02
4.881595373153686523e-01 4.219817519187927246e-01 6.957403384149074554e-04
4.823481440544128418e-01 4.724494814872741699e-01 -3.391073271632194519e-02
3.830757439136505127e-01 4.223321676254272461e-01 3.323387354612350464e-02
4.101313054561614990e-01 4.300597310066223145e-01 1.462035626173019409e-02
4.232231378555297852e-01 4.400383532047271729e-01 2.964353421702980995e-03
4.415640532970428467e-01 4.260197877883911133e-01 1.456666155718266964e-03
4.576058089733123779e-01 4.221320152282714844e-01 -9.646058082580566406e-03
4.789324402809143066e-01 4.157741069793701172e-01 7.002529222518205643e-03
5.049523711204528809e-01 4.047818779945373535e-01 -1.229037810117006302e-02
3.942613303661346436e-01 4.495618641376495361e-01 2.994000911712646484e-02
4.003683924674987793e-01 3.492018878459930420e-01 2.036625519394874573e-02
5.131660699844360352e-01 4.877913594245910645e-01 -5.179573222994804382e-02
4.747138917446136475e-01 4.466137588024139404e-01 -1.813647150993347168e-02
3.752109408378601074e-01 3.916413784027099609e-01 1.110632568597793579e-01
4.893917441368103027e-01 3.927760720252990723e-01 -1.656485162675380707e-02
4.729816615581512451e-01 4.803811609745025635e-01 -2.029527537524700165e-02
4.164065122604370117e-01 3.728554546833038330e-01 1.249201968312263489e-02
4.750010669231414795e-01 4.594783186912536621e-01 -2.786978706717491150e-02
3.785676360130310059e-01 5.037833452224731445e-01 1.012913361191749573e-01
4.819669127464294434e-01 3.833898007869720459e-01 1.484810002148151398e-02
4.917596876621246338e-01 4.520562589168548584e-01 -4.783647134900093079e-02
4.032283723354339600e-01 5.989623665809631348e-01 3.011531755328178406e-02
4.055324196815490723e-01 6.127564907073974609e-01 4.347344860434532166e-02
3.785773813724517822e-01 4.614704251289367676e-01 6.721942126750946045e-02
3.949640095233917236e-01 5.704600811004638672e-01 4.142961278557777405e-02
3.842272162437438965e-01 3.605206012725830078e-01 6.457213312387466431e-02
4.496123790740966797e-01 6.652800440788269043e-01 -1.836921088397502899e-03
5.041666030883789062e-01 4.890587329864501953e-01 -3.625143319368362427e-02
4.737033843994140625e-01 4.652188122272491455e-01 -1.110883429646492004e-02
3.877347111701965332e-01 3.855285346508026123e-01 4.223661869764328003e-02
4.459337890148162842e-01 3.977653086185455322e-01 3.062868490815162659e-03
4.569158852100372314e-01 3.772009611129760742e-01 6.612214725464582443e-03
4.728042483329772949e-01 5.811950564384460449e-01 -5.970253609120845795e-03
3.970542848110198975e-01 4.941810071468353271e-01 3.238574042916297913e-02
4.684607386589050293e-01 7.008486986160278320e-01 1.246360968798398972e-02
4.390340149402618408e-01 6.554284095764160156e-01 2.662806399166584015e-02
4.261359274387359619e-01 6.342493295669555664e-01 3.633660823106765747e-02
5.208075642585754395e-01 2.898240089416503906e-01 1.744339242577552795e-03
4.928669035434722900e-01 7.029431462287902832e-01 6.178004201501607895e-03
4.608596265316009521e-01 3.909519612789154053e-01 9.702406823635101318e-03
4.801163077354431152e-01 3.818925619125366211e-01 -9.376136586070060730e-05
4.777248501777648926e-01 3.848221898078918457e-01 4.741395823657512665e-03
3.908709287643432617e-01 3.518000543117523193e-01 3.928560763597488403e-02
4.734927713871002197e-01 3.700434267520904541e-01 1.435829047113656998e-02
4.521479308605194092e-01 3.662674129009246826e-01 1.300883293151855469e-02
4.502645730972290039e-01 3.653975427150726318e-01 2.958878874778747559e-03
4.386081993579864502e-01 3.736266791820526123e-01 1.565059460699558258e-02
4.346762597560882568e-01 3.761303424835205078e-01 1.582997106015682220e-02
3.844574093818664551e-01 3.469882309436798096e-01 8.033089339733123779e-02
4.246707260608673096e-01 3.805261254310607910e-01 2.228960394859313965e-02
5.162470936775207520e-01 5.185338854789733887e-01 -4.072709754109382629e-02
4.741402268409729004e-01 5.197679996490478516e-01 -3.275550529360771179e-02
4.805813431739807129e-01 4.934360682964324951e-01 -3.224145248532295227e-02
4.981793761253356934e-01 5.150256156921386719e-01 -3.914261609315872192e-02
5.160854458808898926e-01 3.691661953926086426e-01 -1.827419362962245941e-02
4.199639558792114258e-01 6.226963400840759277e-01 1.693700440227985382e-02
4.350570440292358398e-01 6.401569247245788574e-01 2.248434349894523621e-02
4.662545323371887207e-01 6.724070906639099121e-01 -1.855898089706897736e-02
3.891286253929138184e-01 5.945261120796203613e-01 8.154033124446868896e-02
4.811266660690307617e-01 3.790645599365234375e-01 9.533721022307872772e-03
4.839546978473663330e-01 4.235329329967498779e-01 -2.219494804739952087e-02
5.078513622283935547e-01 6.859108805656433105e-01 -4.853907506912946701e-03
4.552815854549407959e-01 6.739734411239624023e-01 2.280931361019611359e-02
3.756180107593536377e-01 5.074653029441833496e-01 6.282010674476623535e-02
4.856743514537811279e-01 5.871468186378479004e-01 -1.522993110120296478e-02
4.870039820671081543e-01 5.868658423423767090e-01 -1.962572522461414337e-02
4.739506542682647705e-01 5.899829268455505371e-01 -2.641598507761955261e-02
4.751189947128295898e-01 6.124451160430908203e-01 -2.040026336908340454e-02
4.716101884841918945e-01 6.174561977386474609e-01 -2.234345301985740662e-02
4.728214740753173828e-01 5.554698109626770020e-01 -1.896960474550724030e-02
4.605819284915924072e-01 5.617852807044982910e-01 -1.686960272490978241e-02
4.584167301654815674e-01 5.626556277275085449e-01 -8.587008342146873474e-03
4.556450843811035156e-01 5.361224412918090820e-01 -7.739997003227472305e-03
4.073560237884521484e-01 5.093108415603637695e-01 1.695625856518745422e-02
4.981795251369476318e-01 3.976842463016510010e-01 -1.718163490295410156e-02
4.957380592823028564e-01 3.639190495014190674e-01 8.691988885402679443e-03
4.859732091426849365e-01 3.874778747558593750e-01 5.532798357307910919e-03
4.662876427173614502e-01 5.609060525894165039e-01 1.165597466751933098e-03
4.024339318275451660e-01 5.486673712730407715e-01 3.246745467185974121e-02
4.982294440269470215e-01 3.636816442012786865e-01 -7.165027782320976257e-03
4.642874300479888916e-01 6.233237981796264648e-01 -4.909622482955455780e-03
5.156599879264831543e-01 4.222075939178466797e-01 -4.916164278984069824e-02
4.961276948451995850e-01 4.113420248031616211e-01 -3.411908447742462158e-02
5.056583285331726074e-01 4.062432050704956055e-01 -4.088907688856124878e-02
4.837472736835479736e-01 4.485823214054107666e-01 -2.645111456513404846e-02
4.957239329814910889e-01 6.738839745521545410e-01 -1.821380294859409332e-02
5.038300752639770508e-01 6.493907570838928223e-01 -1.207957603037357330e-02
4.727551043033599854e-01 6.482117176055908203e-01 -1.322617568075656891e-02
4.352150261402130127e-01 5.888633728027343750e-01 -3.921004012227058411e-03
4.524754285812377930e-01 4.924927949905395508e-01 -1.093328185379505157e-02
4.500951468944549561e-01 6.128001809120178223e-01 2.107550622895359993e-03
4.276062548160552979e-01 4.936661422252655029e-01 -6.650329101830720901e-03
4.508865475654602051e-01 5.203390121459960938e-01 -5.023946054279804230e-03
4.231463670730590820e-01 5.244508981704711914e-01 -2.756860805675387383e-03
4.739609360694885254e-01 6.631207466125488281e-01 -1.002015080302953720e-02
4.814848899841308594e-01 4.521717131137847900e-01 -1.816360652446746826e-02
4.358077049255371094e-01 6.032200455665588379e-01 8.721434511244297028e-03
4.411396980285644531e-01 6.356012821197509766e-01 2.574115060269832611e-03
4.243381321430206299e-01 5.658465027809143066e-01 3.288215957581996918e-03
3.919658660888671875e-01 5.224007964134216309e-01 4.447378963232040405e-02
4.159598052501678467e-01 5.688799023628234863e-01 2.332412451505661011e-02
3.809058964252471924e-01 5.343010425567626953e-01 6.381239742040634155e-02
4.361587762832641602e-01 5.290521383285522461e-01 -2.788701560348272324e-03
4.848113358020782471e-01 4.251190423965454102e-01 -8.550593629479408264e-03
4.827967882156372070e-01 4.726648330688476562e-01 -5.278610065579414368e-02
4.817391037940979004e-01 4.855268299579620361e-01 -3.664363548159599304e-02
5.042070150375366211e-01 4.681309461593627930e-01 -4.358415678143501282e-02
4.824650883674621582e-01 3.585166931152343750e-01 -3.003275953233242035e-03
4.708960950374603271e-01 3.433381021022796631e-01 -6.627968046814203262e-03
4.424560964107513428e-01 3.265413939952850342e-01 -1.075257360935211182e-02
4.465208649635314941e-01 3.399549126625061035e-01 -9.712817147374153137e-03
4.188578724861145020e-01 3.470763266086578369e-01 1.640675589442253113e-02
4.041805267333984375e-01 3.785587549209594727e-01 2.258207276463508606e-02
3.726350963115692139e-01 4.200690686702728271e-01 6.804546713829040527e-02
4.181740283966064453e-01 4.116821885108947754e-01 1.675943471491336823e-02
4.310579001903533936e-01 4.083244800567626953e-01 1.570461317896842957e-04
4.506161808967590332e-01 4.151195585727691650e-01 -3.563974983990192413e-03
4.672558307647705078e-01 4.016346931457519531e-01 5.919092334806919098e-03
4.748111367225646973e-01 4.036332368850708008e-01 3.625785931944847107e-03
4.905599951744079590e-01 3.939912617206573486e-01 6.468295119702816010e-03
3.612123727798461914e-01 4.211316704750061035e-01 1.116495430469512939e-01
4.737721681594848633e-01 4.906678497791290283e-01 -2.914095111191272736e-02
4.934915602207183838e-01 4.342015087604522705e-01 -3.519052639603614807e-02
4.928112328052520752e-01 4.777500033378601074e-01 -5.239390581846237183e-02
5.001775622367858887e-01 4.929424524307250977e-01 -5.408980697393417358e-02
4.837548136711120605e-01 4.907887279987335205e-01 -5.267628282308578491e-02
4.803727567195892334e-01 4.938957691192626953e-01 -2.695457637310028076e-02
4.989613890647888184e-01 4.865484833717346191e-01 -5.640352144837379456e-02
5.011712908744812012e-01 4.971981942653656006e-01 -4.249312728643417358e-02
4.857641756534576416e-01 3.839427828788757324e-01 6.227527745068073273e-03
4.902468025684356689e-01 3.833286166191101074e-01 7.570625748485326767e-04
5.028830766677856445e-01 3.881076574325561523e-01 -3.956209868192672729e-03
4.390842020511627197e-01 3.630531132221221924e-01 1.219038851559162140e-02
4.402036666870117188e-01 3.525886237621307373e-01 2.036648057401180267e-02
5.192131400108337402e-01 4.325112104415893555e-01 -3.777609020471572876e-02
6.017813086509704590e-01 3.980883359909057617e-01 1.994446665048599243e-02
5.154508948326110840e-01 4.970650970935821533e-01 -3.095645830035209656e-02
6.266789436340332031e-01 3.426157534122467041e-01 9.004928171634674072e-02
5.680789947509765625e-01 4.089913368225097656e-01 7.748634088784456253e-03
5.766118764877319336e-01 4.114984869956970215e-01 4.942340776324272156e-03
5.975762605667114258e-01 4.034614562988281250e-01 5.192798562347888947e-04
6.108801960945129395e-01 4.080832302570343018e-01 2.695431374013423920e-02
5.545853972434997559e-01 3.876188695430755615e-01 1.641723513603210449e-02
5.817376971244812012e-01 3.576970100402832031e-01 1.656277105212211609e-02
5.682988762855529785e-01 3.637915551662445068e-01 3.790298011153936386e-03
6.013273000717163086e-01 3.532116413116455078e-01 1.400641538202762604e-02
6.067336797714233398e-01 3.684573471546173096e-01 2.747462689876556396e-02
6.196931004524230957e-01 4.091806709766387939e-01 2.692172676324844360e-02
5.480589270591735840e-01 6.568749547004699707e-01 -7.324101403355598450e-03
5.958838462829589844e-01 3.888258934020996094e-01 2.654311992228031158e-02
6.483874917030334473e-01 4.161627888679504395e-01 7.308650761842727661e-02
6.192094087600708008e-01 3.971545994281768799e-01 3.928406909108161926e-02
5.717077255249023438e-01 4.755811393260955811e-01 -4.387896042317152023e-03
5.217857956886291504e-01 5.456825494766235352e-01 -2.597800642251968384e-02
5.206429958343505859e-01 5.618985295295715332e-01 -3.532048687338829041e-02
5.415213108062744141e-01 5.417335033416748047e-01 -2.385342121124267578e-02
5.402635335922241211e-01 5.626863241195678711e-01 -2.136568725109100342e-02
5.288450717926025391e-01 5.604787468910217285e-01 -3.569390624761581421e-02
5.458912253379821777e-01 5.672241449356079102e-01 -2.861934341490268707e-02
5.392053723335266113e-01 5.974037647247314453e-01 -4.669725894927978516e-03
5.201261639595031738e-01 4.795957803726196289e-01 -6.515625119209289551e-02
5.211639404296875000e-01 4.684219658374786377e-01 -6.546630710363388062e-02
6.133819818496704102e-01 3.480490446090698242e-01 2.727207541465759277e-02
5.363688468933105469e-01 4.390500485897064209e-01 -4.227195866405963898e-03
5.398947596549987793e-01 4.781623184680938721e-01 -3.907876834273338318e-02
5.541648864746093750e-01 4.812415838241577148e-01 -3.544948995113372803e-02
6.028879284858703613e-01 4.753265082836151123e-01 1.382857095450162888e-02
5.256049633026123047e-01 4.544264376163482666e-01 -6.036380305886268616e-02
5.940494537353515625e-01 3.263099193572998047e-01 1.421705912798643112e-02
6.030570268630981445e-01 3.429912924766540527e-01 1.967552118003368378e-02
6.337638497352600098e-01 3.120832145214080811e-01 5.471452325582504272e-02
5.385916829109191895e-01 3.370119631290435791e-01 -1.031995378434658051e-02
5.573595166206359863e-01 3.600057363510131836e-01 7.855651900172233582e-03
5.567713975906372070e-01 5.738117098808288574e-01 1.051279623061418533e-02
6.202410459518432617e-01 5.765269994735717773e-01 9.582747519016265869e-02
5.422788262367248535e-01 4.954332411289215088e-01 -1.975543051958084106e-02
5.205313563346862793e-01 4.959913790225982666e-01 -3.275862336158752441e-02
5.500062704086303711e-01 5.817487835884094238e-01 1.374777173623442650e-03
5.540626049041748047e-01 5.904771089553833008e-01 -4.056829493492841721e-03
6.197738647460937500e-01 3.254359066486358643e-01 1.245769672095775604e-02
5.456200838088989258e-01 5.044105052947998047e-01 -2.974677644670009613e-02
5.678989887237548828e-01 3.285236954689025879e-01 -9.555651806294918060e-03
5.787840485572814941e-01 3.094097375869750977e-01 -5.427558906376361847e-03
5.856506824493408203e-01 2.578947246074676514e-01 1.367820799350738525e-02
6.313478946685791016e-01 3.231891095638275146e-01 2.653153240680694580e-02
5.754624009132385254e-01 2.923321127891540527e-01 4.931687377393245697e-03
6.162965893745422363e-01 3.496932983398437500e-01 3.329658135771751404e-02
6.292332410812377930e-01 3.506469726562500000e-01 4.760778322815895081e-02
5.279442667961120605e-01 5.500551462173461914e-01 -3.027313947677612305e-02
5.313235521316528320e-01 5.579218864440917969e-01 -2.598955854773521423e-02
5.476324558258056641e-01 5.597295165061950684e-01 -1.922513730823993683e-02
5.312134623527526855e-01 4.961051046848297119e-01 -3.809098154306411743e-02
5.545653104782104492e-01 5.842136740684509277e-01 4.040954634547233582e-03
5.401082038879394531e-01 5.864601731300354004e-01 -3.343237796798348427e-03
5.424864292144775391e-01 5.737534761428833008e-01 -6.118475925177335739e-03
5.362749695777893066e-01 4.897446334362030029e-01 -4.480931162834167480e-02
5.459554791450500488e-01 5.615038871765136719e-01 -9.296116419136524200e-03
5.311283469200134277e-01 5.518093705177307129e-01 -2.596307173371315002e-02
5.159026384353637695e-01 5.513746738433837891e-01 -3.980517759919166565e-02
5.216820240020751953e-01 6.325867176055908203e-01 -1.182742603123188019e-02
5.145967602729797363e-01 6.120408177375793457e-01 -1.921848580241203308e-02
5.235837697982788086e-01 6.079885959625244141e-01 -2.751823142170906067e-02
5.130521655082702637e-01 5.962812304496765137e-01 -3.643541410565376282e-02
5.211261510848999023e-01 5.826612114906311035e-01 -2.197595499455928802e-02
5.359174609184265137e-01 5.855144262313842773e-01 -1.661617495119571686e-02
5.289681553840637207e-01 5.710725784301757812e-01 -8.379664272069931030e-03
5.410134196281433105e-01 5.897881984710693359e-01 -1.085468288511037827e-02
5.434026718139648438e-01 5.961909294128417969e-01 -1.000461541116237640e-02
5.555613040924072266e-01 5.522053837776184082e-01 -1.774615049362182617e-02
6.336951851844787598e-01 4.905316829681396484e-01 1.211320012807846069e-01
5.411011576652526855e-01 5.703967809677124023e-01 -6.758314091712236404e-03
5.502945780754089355e-01 5.901437401771545410e-01 -5.960849113762378693e-03
5.196797847747802734e-01 5.026057958602905273e-01 -2.707390487194061279e-02
5.374022722244262695e-01 5.002280473709106445e-01 -1.872579194605350494e-02
5.260362029075622559e-01 5.016373395919799805e-01 -2.410659007728099823e-02
5.627337098121643066e-01 4.459361135959625244e-01 6.936545483767986298e-03
5.721139907836914062e-01 4.597059488296508789e-01 8.992060320451855659e-04
5.446960926055908203e-01 4.890097975730895996e-01 -2.047654800117015839e-02
6.104635596275329590e-01 2.738969027996063232e-01 3.084335476160049438e-02
6.002669930458068848e-01 2.917053997516632080e-01 2.439192868769168854e-02
5.956564545631408691e-01 3.217774629592895508e-01 1.331159658730030060e-02
5.544209480285644531e-01 6.039181351661682129e-01 7.280169520527124405e-03
5.443068742752075195e-01 3.213593661785125732e-01 -1.661085151135921478e-02
5.570921897888183594e-01 2.892735004425048828e-01 -1.073001977056264877e-02
5.623452067375183105e-01 2.559031546115875244e-01 5.797962192445993423e-03
5.953168869018554688e-01 4.077972769737243652e-01 2.043786272406578064e-02
6.184903979301452637e-01 4.337718486785888672e-01 2.797680720686912537e-02
5.458981394767761230e-01 3.915417194366455078e-01 2.388568967580795288e-02
5.981911420822143555e-01 3.807379603385925293e-01 3.187219426035881042e-02
5.285221934318542480e-01 4.167807102203369141e-01 -1.524391584098339081e-03
5.375415086746215820e-01 4.746627509593963623e-01 -3.765898197889328003e-02
6.387698650360107422e-01 4.483917057514190674e-01 4.527239501476287842e-02
6.058965921401977539e-01 4.407269954681396484e-01 1.281741820275783539e-02
5.889423489570617676e-01 4.313634932041168213e-01 2.385249361395835876e-02
5.794423818588256836e-01 4.359380602836608887e-01 6.325551308691501617e-03
5.594698190689086914e-01 4.237776100635528564e-01 4.413370974361896515e-03
5.511412620544433594e-01 4.097892343997955322e-01 1.019495306536555290e-03
5.241561532020568848e-01 3.899658024311065674e-01 -2.885068394243717194e-02
6.250829100608825684e-01 4.866840839385986328e-01 5.277301371097564697e-02
6.267374157905578613e-01 3.805943429470062256e-01 2.449512109160423279e-02
5.215879678726196289e-01 4.968770444393157959e-01 -5.609067901968955994e-02
5.368707776069641113e-01 4.520247578620910645e-01 -1.177820656448602676e-02
6.272102594375610352e-01 4.077788293361663818e-01 1.066404283046722412e-01
5.396289825439453125e-01 4.009402096271514893e-01 4.959521815180778503e-03
5.493260622024536133e-01 4.845319688320159912e-01 -7.971429266035556793e-03
6.108811497688293457e-01 4.010595679283142090e-01 2.396300062537193298e-02
5.408300161361694336e-01 4.685347974300384521e-01 -4.021006077527999878e-02
6.372725367546081543e-01 5.464571714401245117e-01 1.244429275393486023e-01
5.445477366447448730e-01 4.031803309917449951e-01 3.801022656261920929e-03
5.333104133605957031e-01 4.573503732681274414e-01 -5.254339054226875305e-02
5.904192328453063965e-01 6.112430691719055176e-01 4.045929759740829468e-02
5.985565185546875000e-01 6.417910456657409668e-01 5.939731746912002563e-02
6.339842081069946289e-01 4.795292317867279053e-01 8.104948699474334717e-02
6.116552352905273438e-01 5.889259576797485352e-01 6.546771526336669922e-02
6.399798393249511719e-01 3.746952414512634277e-01 7.675260305404663086e-02
5.521720647811889648e-01 6.672522425651550293e-01 8.292929269373416901e-03
5.091074109077453613e-01 4.987860620021820068e-01 -3.991434723138809204e-02
5.494775772094726562e-01 4.741106629371643066e-01 -1.225649751722812653e-02
6.266888976097106934e-01 4.125434160232543945e-01 5.965908989310264587e-02
5.915982127189636230e-01 4.043919444084167480e-01 2.258667536079883575e-02
5.713219642639160156e-01 4.012439250946044922e-01 4.629073664546012878e-03
5.389655232429504395e-01 5.747514963150024414e-01 1.968743978068232536e-03
6.242726445198059082e-01 5.062094926834106445e-01 3.476035222411155701e-02
5.124259591102600098e-01 7.006893157958984375e-01 3.840558929368853569e-03
5.658712983131408691e-01 6.853512525558471680e-01 2.998986467719078064e-02
5.781275629997253418e-01 6.492919325828552246e-01 4.127355664968490601e-02
5.651826262474060059e-01 4.006912112236022949e-01 2.639214508235454559e-04
5.581164360046386719e-01 3.973671495914459229e-01 3.930283710360527039e-03
5.562900304794311523e-01 3.787217140197753906e-01 7.650343235582113266e-03
6.260077953338623047e-01 3.666525483131408691e-01 5.065702646970748901e-02
5.541621446609497070e-01 3.868790268898010254e-01 6.757609546184539795e-03
5.708522796630859375e-01 3.658040463924407959e-01 1.041896454989910126e-02
5.768858194351196289e-01 3.759419322013854980e-01 5.865461658686399460e-03
5.917586684226989746e-01 3.764717578887939453e-01 1.469755452126264572e-02
5.868674516677856445e-01 3.861856162548065186e-01 1.934460364282131195e-02
6.399153470993041992e-01 3.638512194156646729e-01 1.017075628042221069e-01
5.851033329963684082e-01 3.942063748836517334e-01 1.242666877806186676e-02
5.577817559242248535e-01 5.187195539474487305e-01 -1.828381046652793884e-02
5.434148311614990234e-01 4.945882260799407959e-01 -2.752543240785598755e-02
5.247649550437927246e-01 5.224041342735290527e-01 -3.502404689788818359e-02
5.814980864524841309e-01 6.387428641319274902e-01 1.961169019341468811e-02
5.520676374435424805e-01 6.469029188156127930e-01 1.905124075710773468e-02
5.179277658462524414e-01 6.840148568153381348e-01 -4.301988054066896439e-03
5.997697114944458008e-01 6.075479984283447266e-01 8.547101914882659912e-02
5.511302351951599121e-01 3.830499947071075439e-01 8.464869111776351929e-03
5.350532531738281250e-01 4.260323047637939453e-01 -1.973482966423034668e-02
5.479192733764648438e-01 6.850370764732360840e-01 1.673550531268119812e-02
6.311450600624084473e-01 5.334299206733703613e-01 6.526754051446914673e-02
5.236427187919616699e-01 5.829412937164306641e-01 -1.411940716207027435e-02
5.289448499679565430e-01 5.953761339187622070e-01 -1.596133038401603699e-02
5.280852317810058594e-01 5.958638787269592285e-01 -1.727961562573909760e-02
5.338411331176757812e-01 6.118265390396118164e-01 -1.512517314404249191e-02
5.417283177375793457e-01 6.198925375938415527e-01 -1.094638556241989136e-02
5.524360537528991699e-01 5.724865198135375977e-01 -5.043733399361371994e-03
5.467865467071533203e-01 5.645214319229125977e-01 3.038863651454448700e-04
5.560001134872436523e-01 5.701084733009338379e-01 -5.823425482958555222e-03
5.636169910430908203e-01 5.536373853683471680e-01 -4.899224732071161270e-04
6.004708409309387207e-01 5.170815587043762207e-01 2.221890538930892944e-02
5.278707146644592285e-01 4.141109883785247803e-01 -2.196075860410928726e-03
5.432951450347900391e-01 3.799316883087158203e-01 1.498072780668735504e-02
5.463441014289855957e-01 3.775882124900817871e-01 1.154270954430103302e-02
5.382739901542663574e-01 5.738885998725891113e-01 -1.410807296633720398e-02
6.121694445610046387e-01 5.698664188385009766e-01 3.369200974702835083e-02
5.255239605903625488e-01 3.665687441825866699e-01 -7.816310971975326538e-03
5.420826673507690430e-01 6.363200545310974121e-01 -8.296228013932704926e-03
5.224955081939697266e-01 4.225527942180633545e-01 -2.575843408703804016e-02
5.415244698524475098e-01 4.495564699172973633e-01 -1.868253946304321289e-02
5.267809629440307617e-01 6.491989493370056152e-01 -1.665292307734489441e-02
5.698024034500122070e-01 6.041573882102966309e-01 9.616978466510772705e-03
5.602862238883972168e-01 4.945441782474517822e-01 -2.673400798812508583e-03
5.555111169815063477e-01 6.187388896942138672e-01 -2.146814949810504913e-03
5.830395817756652832e-01 4.993607401847839355e-01 5.373602733016014099e-03
5.693038702011108398e-01 5.253879427909851074e-01 5.458035506308078766e-03
5.874721407890319824e-01 5.234722495079040527e-01 -3.565975697711110115e-03
5.212181210517883301e-01 6.677079200744628906e-01 -1.863732933998107910e-02
5.404198169708251953e-01 4.575878083705902100e-01 -2.422528155148029327e-02
5.826093554496765137e-01 6.174136400222778320e-01 2.811503224074840546e-02
5.593914389610290527e-01 6.333410739898681641e-01 2.838020911440253258e-03
5.781407356262207031e-01 5.808122158050537109e-01 3.229608759284019470e-03
6.121916174888610840e-01 5.421278476715087891e-01 4.796310886740684509e-02
5.943342447280883789e-01 5.776749253273010254e-01 7.569184526801109314e-03
6.146293878555297852e-01 5.563707947731018066e-01 6.736056506633758545e-02
5.798659920692443848e-01 5.533577203750610352e-01 -7.627528160810470581e-03
5.399188995361328125e-01 4.465712308883666992e-01 -3.337310999631881714e-02
5.362162590026855469e-01 4.848886728286743164e-01 -6.123458966612815857e-02
5.306708812713623047e-01 4.991234540939331055e-01 -3.046595305204391479e-02
5.386019945144653320e-01 4.648015499114990234e-01 -4.886400699615478516e-02
5.471084117889404297e-01 3.591825962066650391e-01 7.978308014571666718e-03
5.605987906455993652e-01 3.408688902854919434e-01 3.586526028811931610e-03
5.874653458595275879e-01 3.425873219966888428e-01 3.395448438823223114e-03
6.067048907279968262e-01 3.476341664791107178e-01 7.222151383757591248e-03
6.113913059234619141e-01 3.590623736381530762e-01 6.956000812351703644e-03
6.086543202400207520e-01 3.841865062713623047e-01 3.240565583109855652e-02
6.344158649444580078e-01 4.517051279544830322e-01 8.588448166847229004e-02
6.097741723060607910e-01 4.212888181209564209e-01 2.076287753880023956e-02
6.034970283508300781e-01 4.346455931663513184e-01 2.137951180338859558e-02
5.716458559036254883e-01 4.217821061611175537e-01 1.094872597604990005e-02
5.546729564666748047e-01 4.122782945632934570e-01 1.130637805908918381e-02
5.447035431861877441e-01 4.058935344219207764e-01 4.291109740734100342e-03
5.443255305290222168e-01 4.002638757228851318e-01 1.390931196510791779e-02
6.437880992889404297e-01 4.549944698810577393e-01 1.144251450896263123e-01
5.418834090232849121e-01 5.012415051460266113e-01 -2.412863075733184814e-02
5.206894278526306152e-01 4.288412630558013916e-01 -2.770625799894332886e-02
5.286946296691894531e-01 4.771789312362670898e-01 -5.459294468164443970e-02
5.180587768554687500e-01 4.829717874526977539e-01 -4.268161207437515259e-02
5.373753905296325684e-01 4.918781518936157227e-01 -5.217948928475379944e-02
5.395935773849487305e-01 4.991063177585601807e-01 -1.136550959199666977e-02
5.269545912742614746e-01 5.012309551239013672e-01 -5.379034951329231262e-02
5.175388455390930176e-01 4.990899264812469482e-01 -4.181539639830589294e-02
5.413774847984313965e-01 3.888490498065948486e-01 1.929018460214138031e-02
5.428308248519897461e-01 3.831773996353149414e-01 5.996464751660823822e-03
5.333209633827209473e-01 3.878014683723449707e-01 -1.477572415024042130e-02
5.919778943061828613e-01 3.889074027538299561e-01 2.313295565545558929e-02
6.044991612434387207e-01 3.695123195648193359e-01 2.386495471000671387e-02
4.536228477954864502e-01 3.761181235313415527e-01 9.583391249179840088e-03
4.594836533069610596e-01 3.754883408546447754e-01 4.400482401251792908e-03
4.438829720020294189e-01 3.569335937500000000e-01 2.036615461111068726e-02
4.321256875991821289e-01 3.692344427108764648e-01 1.402047649025917053e-02
4.498849511146545410e-01 3.851262032985687256e-01 1.093546673655509949e-02
5.778964161872863770e-01 3.768835961818695068e-01 5.170784890651702881e-03
5.940778851509094238e-01 3.939527571201324463e-01 2.083316072821617126e-02
5.851159691810607910e-01 3.667548894882202148e-01 1.731288433074951172e-02
5.608549714088439941e-01 3.830321729183197021e-01 2.027177810668945312e-02
5.833507776260375977e-01 3.987545073032379150e-01 1.902838796377182007e-02
