5.022014379501342773e-01 5.343057513236999512e-01 -5.005308985710144043e-02
4.903253912925720215e-01 4.701657593250274658e-01 -4.818741232156753540e-02
4.950173795223236084e-01 5.007954835891723633e-01 -4.151540994644165039e-02
4.927755892276763916e-01 4.267713725566864014e-01 -3.606436774134635925e-02
5.095828771591186523e-01 4.722436368465423584e-01 -6.295458227396011353e-02
5.046843290328979492e-01 4.384450912475585938e-01 -4.704907163977622986e-02
5.098656415939331055e-01 3.819211423397064209e-01 -3.171236068010330200e-02
4.278947710990905762e-01 3.730629086494445801e-01 1.327799540013074875e-02
4.966091513633728027e-01 3.389251530170440674e-01 -2.883595228195190430e-02
5.227591395378112793e-01 2.935738861560821533e-01 -1.476347167044878006e-02
5.229067206382751465e-01 2.424106895923614502e-01 3.502620384097099304e-03
5.123367309570312500e-01 5.410522818565368652e-01 -4.041471332311630249e-02
4.985124170780181885e-01 5.513498187065124512e-01 -2.981046214699745178e-02
4.992864131927490234e-01 5.604704022407531738e-01 -2.556765452027320862e-02
5.006313323974609375e-01 5.681901574134826660e-01 -2.098110131919384003e-02
5.089377760887145996e-01 5.790020823478698730e-01 -2.559241093695163727e-02
4.966696500778198242e-01 5.803155303001403809e-01 -2.652585692703723907e-02
4.984880089759826660e-01 6.073403358459472656e-01 -2.076472714543342590e-02
4.933568239212036133e-01 6.215140223503112793e-01 -5.965703167021274567e-03
5.047902464866638184e-01 4.882066845893859863e-01 -4.888969659805297852e-02
4.837247729301452637e-01 4.788836836814880371e-01 -3.175792843103408813e-02
3.865750432014465332e-01 3.112746775150299072e-01 6.010607630014419556e-02
4.495934247970581055e-01 3.971302211284637451e-01 -1.251742709428071976e-03
4.491789638996124268e-01 3.898947834968566895e-01 -3.409753320738673210e-03
4.313468933105468750e-01 3.861075043678283691e-01 1.463927142322063446e-02
4.312921762466430664e-01 3.794800341129302979e-01 1.317729521542787552e-02
4.622203409671783447e-01 3.881559669971466064e-01 5.580524448305368423e-03
4.448400437831878662e-01 3.435280323028564453e-01 1.167429611086845398e-02
4.478359818458557129e-01 3.487056791782379150e-01 8.111540228128433228e-03
4.255031645298004150e-01 3.286764025688171387e-01 -4.910952411592006683e-04
4.128993451595306396e-01 3.566827178001403809e-01 1.913844607770442963e-03
3.918249607086181641e-01 3.880665898323059082e-01 3.377376124262809753e-02
4.492954909801483154e-01 6.364319920539855957e-01 6.141428370028734207e-03
4.175647795200347900e-01 3.669896721839904785e-01 8.505266159772872925e-03
3.771002888679504395e-01 3.735319972038269043e-01 6.598830223083496094e-02
3.993151187896728516e-01 3.732527494430541992e-01 4.407038167119026184e-02
4.426266551017761230e-01 4.680835306644439697e-01 -9.604129008948802948e-03
4.976190328598022461e-01 5.227853059768676758e-01 -2.506194077432155609e-02
4.893109798431396484e-01 5.400627851486206055e-01 -3.115462511777877808e-02
4.608461260795593262e-01 5.264205932617187500e-01 -3.333575278520584106e-02
4.607620537281036377e-01 5.452240705490112305e-01 -2.555803954601287842e-02
4.825100600719451904e-01 5.497071146965026855e-01 -2.695575356483459473e-02
4.710839390754699707e-01 5.438818335533142090e-01 -2.115884236991405487e-02
4.461837410926818848e-01 5.733265280723571777e-01 -1.540523208677768707e-02
4.933688640594482422e-01 4.725894629955291748e-01 -6.847333908081054688e-02
4.938620030879974365e-01 4.642717838287353516e-01 -5.787231028079986572e-02
4.110735952854156494e-01 3.327765166759490967e-01 2.626143954694271088e-02
4.651556313037872314e-01 4.312455356121063232e-01 -5.152001976966857910e-03
4.587283730506896973e-01 4.724960923194885254e-01 -3.452342748641967773e-02
4.674758911132812500e-01 4.533896148204803467e-01 -2.219721302390098572e-02
4.081846773624420166e-01 4.637699425220489502e-01 1.248231809586286545e-02
4.997121393680572510e-01 4.238879978656768799e-01 -4.634980857372283936e-02
4.360550940036773682e-01 2.920953333377838135e-01 -7.298234850168228149e-04
4.078411161899566650e-01 3.178407847881317139e-01 9.706550277769565582e-03
4.027905464172363281e-01 2.734225392341613770e-01 5.115380510687828064e-02
4.872403144836425781e-01 3.277317881584167480e-01 3.467021742835640907e-03
4.704641699790954590e-01 3.374623358249664307e-01 -2.229640260338783264e-03
4.406816661357879639e-01 5.598852634429931641e-01 -4.824886564165353775e-03
3.676069378852844238e-01 5.377836823463439941e-01 8.061644434928894043e-02
4.741702675819396973e-01 4.675751030445098877e-01 -2.942266501486301422e-02
4.890121519565582275e-01 4.847927689552307129e-01 -8.984518237411975861e-03
4.451237320899963379e-01 5.546086430549621582e-01 -5.119274370372295380e-03
4.630624949932098389e-01 5.632283687591552734e-01 -3.015306778252124786e-03
4.216787517070770264e-01 2.976059317588806152e-01 1.023083832114934921e-02
4.637482762336730957e-01 4.747842252254486084e-01 -2.829573675990104675e-02
4.721955657005310059e-01 3.183858096599578857e-01 -1.187624223530292511e-02
4.519441723823547363e-01 2.915115356445312500e-01 -9.846854023635387421e-03
4.581195712089538574e-01 2.347705513238906860e-01 1.530254352837800980e-02
4.146165847778320312e-01 2.908664047718048096e-01 2.682172693312168121e-02
4.638648629188537598e-01 2.836737930774688721e-01 8.866672869771718979e-04
4.049820005893707275e-01 3.182424008846282959e-01 1.909488439559936523e-02
3.889964520931243896e-01 3.243064284324645996e-01 3.753826767206192017e-02
4.858870804309844971e-01 5.395469665527343750e-01 -4.292027279734611511e-02
4.853327870368957520e-01 5.493302941322326660e-01 -2.470293641090393066e-02
4.664306640625000000e-01 5.365871191024780273e-01 -1.209592167288064957e-02
4.898836910724639893e-01 4.928033351898193359e-01 -2.382734417915344238e-02
4.582291245460510254e-01 5.672336816787719727e-01 -3.027448197826743126e-03
4.533063769340515137e-01 5.738940834999084473e-01 -1.289624348282814026e-02
4.622375071048736572e-01 5.572803616523742676e-01 -9.129294194281101227e-03
4.888977110385894775e-01 4.772970676422119141e-01 -3.986049070954322815e-02
4.877177178859710693e-01 5.460872054100036621e-01 -2.155539765954017639e-02
4.770936071872711182e-01 5.522118806838989258e-01 -1.476602256298065186e-02
4.891649484634399414e-01 5.404318571090698242e-01 -1.211339235305786133e-02
4.798880517482757568e-01 6.226089000701904297e-01 -5.281207151710987091e-03
4.816799461841583252e-01 6.014787554740905762e-01 -1.144802384078502655e-02
4.729434549808502197e-01 5.954564213752746582e-01 -2.238584123551845551e-02
4.814963638782501221e-01 5.802977085113525391e-01 -2.438782528042793274e-02
4.812178015708923340e-01 5.675770044326782227e-01 -1.358304452151060104e-02
4.789552688598632812e-01 5.654245018959045410e-01 -6.048001814633607864e-03
4.769680202007293701e-01 5.551599264144897461e-01 -1.793652214109897614e-02
4.704425632953643799e-01 5.839055180549621582e-01 -1.649585366249084473e-02
4.564952552318572998e-01 5.799062252044677734e-01 -1.814365014433860779e-02
4.456571638584136963e-01 5.303608179092407227e-01 -2.040381729602813721e-02
3.645731508731842041e-01 4.493852257728576660e-01 1.125360578298568726e-01
5.024669170379638672e-01 4.916436970233917236e-01 -3.447318077087402344e-02
4.575874209403991699e-01 5.523800849914550781e-01 -1.195242395624518394e-03
4.628772735595703125e-01 5.647156238555908203e-01 -9.135121479630470276e-03
4.871944487094879150e-01 4.904832839965820312e-01 -3.393993899226188660e-02
4.616410434246063232e-01 4.909656643867492676e-01 -1.350449025630950928e-02
4.922071993350982666e-01 4.933757483959197998e-01 -4.870992898941040039e-02
4.545737504959106445e-01 4.374530613422393799e-01 -1.194240525364875793e-02
4.387489557266235352e-01 4.385421872138977051e-01 3.499998711049556732e-03
4.582484662532806396e-01 4.846337139606475830e-01 -2.753438800573348999e-02
4.204851090908050537e-01 2.588261365890502930e-01 2.946948260068893433e-02
4.367376863956451416e-01 2.802729606628417969e-01 1.507314108312129974e-02
4.282650649547576904e-01 2.989614009857177734e-01 1.730417273938655853e-02
4.672935605049133301e-01 5.972495675086975098e-01 1.179117430001497269e-02
4.884385466575622559e-01 3.076959550380706787e-01 -1.071814633905887604e-02
4.672759771347045898e-01 2.794548273086547852e-01 -6.458421237766742706e-03
4.805849492549896240e-01 2.572971880435943604e-01 1.818301388993859291e-03
4.223461747169494629e-01 3.861283063888549805e-01 1.516625564545392990e-02
3.971123099327087402e-01 4.035932421684265137e-01 3.512084484100341797e-02
4.627133607864379883e-01 3.820545673370361328e-01 9.246701374650001526e-03
4.046307802200317383e-01 3.534985184669494629e-01 1.615565828979015350e-02
4.790320694446563721e-01 4.121721088886260986e-01 1.170685049146413803e-03
4.765717387199401855e-01 4.645487964153289795e-01 -3.845217078924179077e-02
3.853256106376647949e-01 4.096339046955108643e-01 3.837139904499053955e-02
3.995769619941711426e-01 4.193335473537445068e-01 1.474213227629661560e-02
4.136803746223449707e-01 4.289650917053222656e-01 5.255775526165962219e-03
4.393143951892852783e-01 4.191336929798126221e-01 1.989762531593441963e-03
4.558714032173156738e-01 4.156669676303863525e-01 -1.151677779853343964e-02
4.712904393672943115e-01 4.000705778598785400e-01 -2.514482475817203522e-03
5.066336989402770996e-01 3.978544473648071289e-01 -8.342791348695755005e-03
3.871729373931884766e-01 4.418381154537200928e-01 2.885517477989196777e-02
3.917875587940216064e-01 3.477721214294433594e-01 2.559934929013252258e-02
5.098069906234741211e-01 4.846532344818115234e-01 -4.705094546079635620e-02
4.653720855712890625e-01 4.353902339935302734e-01 -1.052807271480560303e-02
3.666379749774932861e-01 3.810923397541046143e-01 1.059995442628860474e-01
4.887968897819519043e-01 3.850826621055603027e-01 -1.402434334158897400e-02
4.648007154464721680e-01 4.688208699226379395e-01 -2.058875001966953278e-02
4.144097864627838135e-01 3.645461797714233398e-01 1.041214540600776672e-02
4.773855805397033691e-01 4.511973261833190918e-01 -2.688664197921752930e-02
3.651271462440490723e-01 4.994556903839111328e-01 1.081837639212608337e-01
4.740458130836486816e-01 3.704712390899658203e-01 1.074703224003314972e-02
4.835630357265472412e-01 4.477897584438323975e-01 -4.790785536170005798e-02
4.000434875488281250e-01 5.837598443031311035e-01 2.574353292584419250e-02
4.027072191238403320e-01 5.994097590446472168e-01 4.252525791525840759e-02
3.772937655448913574e-01 4.484704732894897461e-01 7.617261260747909546e-02
3.874256312847137451e-01 5.635592937469482422e-01 4.338784888386726379e-02
3.839793503284454346e-01 3.552814424037933350e-01 6.646626442670822144e-02
4.418247342109680176e-01 6.450334191322326660e-01 -1.208859961479902267e-02
5.016770362854003906e-01 4.742030501365661621e-01 -4.143593460321426392e-02
4.638518393039703369e-01 4.574202895164489746e-01 -6.922647356986999512e-03
3.852062821388244629e-01 3.789508640766143799e-01 4.042306169867515564e-02
4.407014250755310059e-01 3.864596486091613770e-01 6.743177771568298340e-03
4.522959589958190918e-01 3.725358843803405762e-01 6.082577165216207504e-03
4.727316200733184814e-01 5.649749040603637695e-01 -6.657368503510951996e-03
3.927769362926483154e-01 4.867327809333801270e-01 3.677234798669815063e-02
4.602580666542053223e-01 6.821238994598388672e-01 8.484396152198314667e-03
4.260122478008270264e-01 6.430060267448425293e-01 2.582105435431003571e-02
4.176336228847503662e-01 6.206250190734863281e-01 3.819079697132110596e-02
5.151633620262145996e-01 2.863056063652038574e-01 1.705385744571685791e-03
4.802106916904449463e-01 6.877067685127258301e-01 7.238022517412900925e-03
4.508711099624633789e-01 3.879590034484863281e-01 4.506532102823257446e-03
4.741815030574798584e-01 3.770055770874023438e-01 4.732570145279169083e-03
4.771254658699035645e-01 3.771227300167083740e-01 5.313565954566001892e-03
3.865349888801574707e-01 3.500905930995941162e-01 3.448614478111267090e-02
4.771552383899688721e-01 3.663467168807983398e-01 1.299895253032445908e-02
4.437643289566040039e-01 3.657232820987701416e-01 8.261935785412788391e-03
4.413264393806457520e-01 3.536190092563629150e-01 4.298238083720207214e-03
4.288941323757171631e-01 3.690661489963531494e-01 1.877660118043422699e-02
4.272849261760711670e-01 3.686139881610870361e-01 1.388212852180004120e-02
3.827877640724182129e-01 3.404464423656463623e-01 7.754308730363845825e-02
4.190088510513305664e-01 3.720374703407287598e-01 3.045902028679847717e-02
5.050772428512573242e-01 5.144729018211364746e-01 -4.501539096236228943e-02
4.654927551746368408e-01 5.048071742057800293e-01 -2.914576977491378784e-02
4.695680737495422363e-01 4.897570312023162842e-01 -3.610347211360931396e-02
4.836587309837341309e-01 5.088718533515930176e-01 -3.892284631729125977e-02
5.090106725692749023e-01 3.649545311927795410e-01 -1.856700517237186432e-02
4.126690924167633057e-01 6.109665036201477051e-01 1.471398957073688507e-02
4.290590286254882812e-01 6.288508772850036621e-01 2.441369369626045227e-02
4.550913870334625244e-01 6.582930684089660645e-01 -2.201269753277301788e-02
3.877180218696594238e-01 5.754846930503845215e-01 8.489450067281723022e-02
4.711822569370269775e-01 3.730627894401550293e-01 1.642316207289695740e-02
4.728816151618957520e-01 4.127210974693298340e-01 -2.241832390427589417e-02
4.981245994567871094e-01 6.727896332740783691e-01 -3.366112941876053810e-04
4.476482570171356201e-01 6.618599891662597656e-01 2.296854555606842041e-02
3.717488348484039307e-01 4.975623786449432373e-01 6.711231172084808350e-02
4.775032103061676025e-01 5.698602795600891113e-01 -1.972141116857528687e-02
4.765043258666992188e-01 5.823757648468017578e-01 -2.015358395874500275e-02
4.747643768787384033e-01 5.781950950622558594e-01 -2.140664495527744293e-02
4.711323380470275879e-01 5.996547937393188477e-01 -2.306978031992912292e-02
4.597277045249938965e-01 6.079603433609008789e-01 -1.557201519608497620e-02
4.656285643577575684e-01 5.524004697799682617e-01 -2.440049871802330017e-02
4.586722254753112793e-01 5.612155795097351074e-01 -1.242134161293506622e-02
4.565142095088958740e-01 5.508420467376708984e-01 -9.151691570878028870e-03
4.528476595878601074e-01 5.221910476684570312e-01 -1.054417993873357773e-02
4.082343578338623047e-01 4.983227849006652832e-01 2.449248172342777252e-02
4.893581569194793701e-01 3.877569735050201416e-01 -1.992818713188171387e-02
4.884196817874908447e-01 3.609789609909057617e-01 4.379727412015199661e-03
4.776756167411804199e-01 3.841323852539062500e-01 4.656073637306690216e-03
4.634750187397003174e-01 5.539012551307678223e-01 2.240809379145503044e-03
3.945515453815460205e-01 5.405248999595642090e-01 3.741300478577613831e-02
4.920899271965026855e-01 3.589940667152404785e-01 -6.139570847153663635e-03
4.491704106330871582e-01 6.046940684318542480e-01 -1.207272242754697800e-02
5.094895958900451660e-01 4.122553467750549316e-01 -4.966164380311965942e-02
4.808292686939239502e-01 4.072023630142211914e-01 -4.090567678213119507e-02
4.996026456356048584e-01 3.952417671680450439e-01 -3.799850493669509888e-02
4.751551449298858643e-01 4.427835643291473389e-01 -2.099618315696716309e-02
4.867301583290100098e-01 6.529441475868225098e-01 -1.698709093034267426e-02
5.021921396255493164e-01 6.330004930496215820e-01 -1.321939565241336823e-02
4.715756475925445557e-01 6.281390190124511719e-01 -1.498392038047313690e-02
4.304535090923309326e-01 5.836647152900695801e-01 -2.033596858382225037e-03
4.472033083438873291e-01 4.716596007347106934e-01 -1.231531053781509399e-02
4.405446648597717285e-01 5.992888212203979492e-01 4.313689656555652618e-03
4.245803356170654297e-01 4.874874651432037354e-01 5.024592392146587372e-04
4.457516968250274658e-01 5.094298720359802246e-01 -3.279625205323100090e-03
4.134278893470764160e-01 5.206040740013122559e-01 5.435023922473192215e-04
4.674423336982727051e-01 6.516714096069335938e-01 -1.046709250658750534e-02
4.793551862239837646e-01 4.405780136585235596e-01 -1.674834266304969788e-02
4.303367435932159424e-01 5.922647714614868164e-01 1.093060243874788284e-02
4.325052499771118164e-01 6.227294802665710449e-01 6.537324748933315277e-03
4.216493070125579834e-01 5.488723516464233398e-01 -2.628611400723457336e-04
3.796235918998718262e-01 5.077283978462219238e-01 4.125080257654190063e-02
4.107320308685302734e-01 5.572352409362792969e-01 2.235966175794601440e-02
3.725579380989074707e-01 5.309718847274780273e-01 6.019304320216178894e-02
4.377478063106536865e-01 5.237582921981811523e-01 -1.383484806865453720e-03
4.749311208724975586e-01 4.222962856292724609e-01 -2.059011720120906830e-02
4.724431931972503662e-01 4.696820676326751709e-01 -5.291136354207992554e-02
4.778405427932739258e-01 4.806453883647918701e-01 -3.526699170470237732e-02
5.027280449867248535e-01 4.619471430778503418e-01 -4.133551195263862610e-02
4.773387312889099121e-01 3.534349799156188965e-01 -1.236255280673503876e-03
4.755733907222747803e-01 3.380128741264343262e-01 -1.072376966476440430e-02
4.379513263702392578e-01 3.205280303955078125e-01 -2.483875025063753128e-03
4.436078667640686035e-01 3.347297310829162598e-01 -1.416158210486173630e-02
4.135834574699401855e-01 3.418120443820953369e-01 1.294879429042339325e-02
4.026997983455657959e-01 3.782712817192077637e-01 1.252880692481994629e-02
3.748117387294769287e-01 4.159492552280426025e-01 6.580178439617156982e-02
4.095319509506225586e-01 4.022599160671234131e-01 2.127456292510032654e-02
4.244140982627868652e-01 4.036173820495605469e-01 7.332665845751762390e-04
4.455618560314178467e-01 4.117979407310485840e-01 7.238055579364299774e-03
4.615268111228942871e-01 3.921645283699035645e-01 1.184357795864343643e-02
4.625017940998077393e-01 4.035386145114898682e-01 6.623862311244010925e-03
4.824087023735046387e-01 3.898027539253234863e-01 -4.615993238985538483e-03
3.602506518363952637e-01 4.118337929248809814e-01 1.088157221674919128e-01
4.656575024127960205e-01 4.793830215930938721e-01 -2.866211347281932831e-02
4.823714494705200195e-01 4.307907521724700928e-01 -2.698496356606483459e-02
4.873820245265960693e-01 4.754924774169921875e-01 -5.473663285374641418e-02
4.933908879756927490e-01 4.886195063591003418e-01 -5.389967188239097595e-02
4.801723361015319824e-01 4.807831943035125732e-01 -5.100046098232269287e-02
4.679382741451263428e-01 4.923304021358489990e-01 -3.042358905076980591e-02
4.918544292449951172e-01 4.753172397613525391e-01 -5.691020190715789795e-02
4.932213723659515381e-01 4.866074621677398682e-01 -3.495861589908599854e-02
4.807899296283721924e-01 3.809894323348999023e-01 3.990392200648784637e-03
4.830509126186370850e-01 3.784629404544830322e-01 1.873334636911749840e-03
4.959147870540618896e-01 3.855528235435485840e-01 1.281123724766075611e-03
4.314642846584320068e-01 3.609178066253662109e-01 9.299168363213539124e-03
4.371353089809417725e-01 3.480097949504852295e-01 1.835898868739604950e-02
5.101397633552551270e-01 4.226185679435729980e-01 -3.800501674413681030e-02
5.958944559097290039e-01 3.972880840301513672e-01 2.700033411383628845e-02
5.043604969978332520e-01 4.838781952857971191e-01 -3.709729760885238647e-02
6.195991635322570801e-01 3.398309648036956787e-01 8.908052742481231689e-02
5.632967352867126465e-01 4.016011655330657959e-01 1.480589155107736588e-02
5.683915615081787109e-01 4.012700617313385010e-01 -1.015458256006240845e-04
5.883864164352416992e-01 3.921541571617126465e-01 3.096089232712984085e-03
6.008632183074951172e-01 3.993400931358337402e-01 2.886987663805484772e-02
5.457482337951660156e-01 3.844191431999206543e-01 2.105843089520931244e-02
5.751011967658996582e-01 3.530386090278625488e-01 1.867279782891273499e-02
5.634704232215881348e-01 3.514760136604309082e-01 7.591848727315664291e-03
5.952209234237670898e-01 3.488322198390960693e-01 1.587895117700099945e-02
5.979186892509460449e-01 3.646838963031768799e-01 2.229604311287403107e-02
6.089282631874084473e-01 4.062665998935699463e-01 1.891818270087242126e-02
5.406396985054016113e-01 6.414716243743896484e-01 -3.340974450111389160e-03
5.908250212669372559e-01 3.836867809295654297e-01 2.104815654456615448e-02
6.277973055839538574e-01 4.120218157768249512e-01 7.826190441846847534e-02
6.074740886688232422e-01 3.968968689441680908e-01 4.433768987655639648e-02
5.631771087646484375e-01 4.687311947345733643e-01 1.121838227845728397e-03
5.270789861679077148e-01 5.381775498390197754e-01 -2.312095463275909424e-02
5.090846419334411621e-01 5.525127053260803223e-01 -3.169543296098709106e-02
5.317788124084472656e-01 5.319009423255920410e-01 -2.777032554149627686e-02
5.252285003662109375e-01 5.571777224540710449e-01 -1.596701145172119141e-02
5.224885940551757812e-01 5.518762469291687012e-01 -3.379150480031967163e-02
5.427373051643371582e-01 5.562207102775573730e-01 -2.675694413483142853e-02
5.320073962211608887e-01 5.822498798370361328e-01 -1.339294761419296265e-02
5.120792984962463379e-01 4.729979336261749268e-01 -6.393906474113464355e-02
5.079500079154968262e-01 4.658746719360351562e-01 -6.544158607721328735e-02
6.041594147682189941e-01 3.369534909725189209e-01 2.339007332921028137e-02
5.327827930450439453e-01 4.259983003139495850e-01 -1.024382840842008591e-02
5.282667279243469238e-01 4.725557565689086914e-01 -3.173846751451492310e-02
5.473417043685913086e-01 4.706703126430511475e-01 -3.358247503638267517e-02
5.914360880851745605e-01 4.631850123405456543e-01 1.944773830473423004e-02
5.173533558845520020e-01 4.386391043663024902e-01 -6.588324904441833496e-02
5.882531404495239258e-01 3.243229091167449951e-01 1.352580171078443527e-02
5.887175202369689941e-01 3.423401117324829102e-01 1.967513374984264374e-02
6.190362572669982910e-01 3.143402934074401855e-01 5.150009691715240479e-02
5.334604978561401367e-01 3.302127718925476074e-01 -9.815706871449947357e-03
5.499150156974792480e-01 3.565295636653900146e-01 1.028364524245262146e-02
5.438172817230224609e-01 5.654991269111633301e-01 1.360030379146337509e-02
5.981453657150268555e-01 5.704650878906250000e-01 9.145748615264892578e-02
5.315890312194824219e-01 4.904197752475738525e-01 -2.321027591824531555e-02
5.067582130432128906e-01 4.834472239017486572e-01 -3.163684532046318054e-02
5.410091876983642578e-01 5.670256614685058594e-01 3.052098443731665611e-03
5.437666773796081543e-01 5.791664719581604004e-01 1.458570593968033791e-03
6.104372143745422363e-01 3.192104697227478027e-01 1.237552240490913391e-02
5.396665334701538086e-01 4.928667247295379639e-01 -3.099632449448108673e-02
5.616297721862792969e-01 3.314313888549804688e-01 -7.982940413057804108e-03
5.761356353759765625e-01 3.015835583209991455e-01 -8.930933661758899689e-03
5.749078392982482910e-01 2.485268265008926392e-01 7.700260262936353683e-03
6.189667582511901855e-01 3.214412331581115723e-01 2.739449776709079742e-02
5.689882040023803711e-01 2.887249290943145752e-01 5.860266275703907013e-03
6.140674948692321777e-01 3.450047075748443604e-01 4.016361758112907410e-02
6.192963719367980957e-01 3.479565680027008057e-01 4.236116260290145874e-02
5.191359519958496094e-01 5.455871820449829102e-01 -2.884841896593570709e-02
5.273918509483337402e-01 5.495705008506774902e-01 -2.795905992388725281e-02
5.431321859359741211e-01 5.502372980117797852e-01 -2.138547785580158234e-02
5.265315771102905273e-01 4.893983602523803711e-01 -3.757418319582939148e-02
5.413829684257507324e-01 5.726112127304077148e-01 8.556278422474861145e-03
5.286917090415954590e-01 5.705060362815856934e-01 -2.969304332509636879e-03
5.319111347198486328e-01 5.576086044311523438e-01 -8.039114996790885925e-03
5.260686278343200684e-01 4.849899113178253174e-01 -4.991016536951065063e-02
5.380241870880126953e-01 5.478381514549255371e-01 -4.957563243806362152e-03
5.187498927116394043e-01 5.475476980209350586e-01 -3.022750467061996460e-02
5.098503232002258301e-01 5.445770025253295898e-01 -3.937841206789016724e-02
5.107479691505432129e-01 6.230414509773254395e-01 -1.151816453784704208e-03
5.074056386947631836e-01 5.941759943962097168e-01 -1.937696523964405060e-02
5.181756019592285156e-01 5.861463546752929688e-01 -3.177163004875183105e-02
5.049629211425781250e-01 5.866667032241821289e-01 -3.664579242467880249e-02
5.099855661392211914e-01 5.718958973884582520e-01 -3.134674206376075745e-02
5.237566828727722168e-01 5.756305456161499023e-01 -1.781205274164676666e-02
5.262333154678344727e-01 5.569712519645690918e-01 -3.133020829409360886e-03
5.329452753067016602e-01 5.775086283683776855e-01 -8.719916455447673798e-03
5.336090922355651855e-01 5.895029306411743164e-01 -2.096952311694622040e-02
5.456345081329345703e-01 5.405849218368530273e-01 -1.984117180109024048e-02
6.302236914634704590e-01 4.900588393211364746e-01 1.216117814183235168e-01
5.271961688995361328e-01 5.566602945327758789e-01 -4.395410884171724319e-03
5.366793274879455566e-01 5.812780261039733887e-01 -5.623896606266498566e-03
5.165073275566101074e-01 4.976410567760467529e-01 -2.176167815923690796e-02
5.231816768646240234e-01 4.992514848709106445e-01 -1.715239323675632477e-02
5.166438221931457520e-01 4.869445264339447021e-01 -1.928693987429141998e-02
5.581936836242675781e-01 4.363253116607666016e-01 -8.364028763025999069e-04
5.632121562957763672e-01 4.513018727302551270e-01 -1.187987509183585644e-03
5.368061065673828125e-01 4.788930714130401611e-01 -2.131540328264236450e-02
6.018740534782409668e-01 2.679049074649810791e-01 3.058182448148727417e-02
5.941929817199707031e-01 2.927052974700927734e-01 2.966202609241008759e-02
5.851324796676635742e-01 3.099054396152496338e-01 1.930644619278609753e-03
5.526372194290161133e-01 6.029455065727233887e-01 -2.588903531432151794e-03
5.349466800689697266e-01 3.242646455764770508e-01 -1.623057015240192413e-02
5.445686578750610352e-01 2.799949944019317627e-01 -1.500952523201704025e-02
5.548112988471984863e-01 2.522562444210052490e-01 5.355859640985727310e-03
5.923187136650085449e-01 4.029987752437591553e-01 2.356407977640628815e-02
6.123687028884887695e-01 4.237993955612182617e-01 1.768316701054573059e-02
5.448370575904846191e-01 3.818527460098266602e-01 2.358677610754966736e-02
5.858201384544372559e-01 3.751675486564636230e-01 3.193541616201400757e-02
5.256175994873046875e-01 4.124513864517211914e-01 1.921929884701967239e-03
5.280558466911315918e-01 4.728924930095672607e-01 -3.188176080584526062e-02
6.220638155937194824e-01 4.349239170551300049e-01 4.963261634111404419e-02
5.993942022323608398e-01 4.325093924999237061e-01 7.701590191572904587e-03
5.807389616966247559e-01 4.348706901073455811e-01 2.711113356053829193e-02
5.668651461601257324e-01 4.411717355251312256e-01 7.088237442076206207e-03
5.486626029014587402e-01 4.278505146503448486e-01 2.152278553694486618e-03
5.424624085426330566e-01 3.960101604461669922e-01 1.672080485150218010e-03
5.163061618804931641e-01 3.892457187175750732e-01 -2.132970839738845825e-02
6.106970906257629395e-01 4.744699597358703613e-01 4.523164778947830200e-02
6.202856302261352539e-01 3.831855058670043945e-01 2.347075939178466797e-02
5.079272389411926270e-01 4.847888648509979248e-01 -5.143089592456817627e-02
5.243005752563476562e-01 4.481482803821563721e-01 -1.272847037762403488e-02
6.147040128707885742e-01 3.976031243801116943e-01 1.013370305299758911e-01
5.327856540679931641e-01 3.956221342086791992e-01 3.394007217139005661e-04
5.439257025718688965e-01 4.786272346973419189e-01 -1.774511300027370453e-03
6.013966798782348633e-01 3.949219584465026855e-01 2.971725352108478546e-02
5.343217849731445312e-01 4.615401923656463623e-01 -4.004109278321266174e-02
6.265190839767456055e-01 5.348880290985107422e-01 1.234468072652816772e-01
5.281153321266174316e-01 3.886554241180419922e-01 8.061969652771949768e-03
5.322629213333129883e-01 4.539863467216491699e-01 -5.796208232641220093e-02
5.776379108428955078e-01 6.053168773651123047e-01 4.186370968818664551e-02
5.902347564697265625e-01 6.293876171112060547e-01 5.963749438524246216e-02
6.257060766220092773e-01 4.790107309818267822e-01 7.405324280261993408e-02
6.062125563621520996e-01 5.730903744697570801e-01 6.553605198860168457e-02
6.295080780982971191e-01 3.673754930496215820e-01 7.458168268203735352e-02
5.411261916160583496e-01 6.517693996429443359e-01 1.046029571443796158e-02
4.985968172550201416e-01 4.853512644767761230e-01 -4.640215635299682617e-02
5.422474741935729980e-01 4.618895351886749268e-01 -9.097116068005561829e-03
6.202003955841064453e-01 4.123912751674652100e-01 6.286546587944030762e-02
5.928414463996887207e-01 3.914233148097991943e-01 1.873246021568775177e-02
5.651354789733886719e-01 3.924151062965393066e-01 7.380905561149120331e-03
5.305073857307434082e-01 5.653627514839172363e-01 -1.260278047993779182e-03
6.097484230995178223e-01 4.968597590923309326e-01 3.303104266524314880e-02
4.977956116199493408e-01 6.869105696678161621e-01 1.583725912496447563e-03
5.497301816940307617e-01 6.649979948997497559e-01 2.072668820619583130e-02
5.615243315696716309e-01 6.416364312171936035e-01 3.941341489553451538e-02
5.513589382171630859e-01 3.997648060321807861e-01 6.636993959546089172e-03
5.508759617805480957e-01 3.931245803833007812e-01 7.196063175797462463e-03
5.503364205360412598e-01 3.716810941696166992e-01 4.194469656795263290e-03
6.203373074531555176e-01 3.576411306858062744e-01 4.762038961052894592e-02
5.463182330131530762e-01 3.889608979225158691e-01 9.076278656721115112e-03
5.613966584205627441e-01 3.605372309684753418e-01 4.033579025417566299e-03
5.680242180824279785e-01 3.673530519008636475e-01 4.090297501534223557e-03
5.885672569274902344e-01 3.690108954906463623e-01 1.695178635418415070e-02
5.767536759376525879e-01 3.858292698860168457e-01 2.328464575111865997e-02
6.343861818313598633e-01 3.588475286960601807e-01 9.790357947349548340e-02
5.745282173156738281e-01 3.888948559761047363e-01 1.520813908427953720e-02
5.484877824783325195e-01 5.094637274742126465e-01 -1.835450157523155212e-02
5.433686375617980957e-01 4.837730526924133301e-01 -2.204362303018569946e-02
5.112153291702270508e-01 5.178534388542175293e-01 -3.616850078105926514e-02
5.706420540809631348e-01 6.248469352722167969e-01 2.072530053555965424e-02
5.446435213088989258e-01 6.275467276573181152e-01 2.315273322165012360e-02
5.106325149536132812e-01 6.725054383277893066e-01 -2.476170193403959274e-03
5.848718285560607910e-01 5.978462696075439453e-01 8.864919841289520264e-02
5.481541752815246582e-01 3.820603191852569580e-01 4.840854555368423462e-03
5.319522619247436523e-01 4.202292859554290771e-01 -2.054081298410892487e-02
5.368275642395019531e-01 6.727964878082275391e-01 2.135419845581054688e-02
6.111975908279418945e-01 5.176532268524169922e-01 6.393563002347946167e-02
5.115439891815185547e-01 5.711221098899841309e-01 -1.059615425765514374e-02
5.271552205085754395e-01 5.842420458793640137e-01 -1.451634336262941360e-02
5.229972600936889648e-01 5.819277167320251465e-01 -1.146154291927814484e-02
5.264621376991271973e-01 6.029760241508483887e-01 -1.436865609139204025e-02
5.337870717048645020e-01 6.107645034790039062e-01 -1.423720642924308777e-02
5.393711328506469727e-01 5.621973276138305664e-01 -1.168821007013320923e-02
5.316822528839111328e-01 5.552445650100708008e-01 -6.419848650693893433e-04
5.403846502304077148e-01 5.531533956527709961e-01 -6.749737542122602463e-03
5.488901138305664062e-01 5.418282151222229004e-01 1.264517894014716148e-03
5.895021557807922363e-01 5.075619816780090332e-01 2.457746118307113647e-02
5.193737149238586426e-01 4.132038652896881104e-01 -5.403148476034402847e-03
5.457552671432495117e-01 3.738020360469818115e-01 1.393891591578722000e-02
5.434030890464782715e-01 3.666302263736724854e-01 9.061278775334358215e-03
5.332325696945190430e-01 5.670251250267028809e-01 -2.005121484398841858e-02
5.973305702209472656e-01 5.511287450790405273e-01 2.645093947649002075e-02
5.118770003318786621e-01 3.589439988136291504e-01 -9.690446779131889343e-03
5.387082099914550781e-01 6.185860633850097656e-01 -6.483654957264661789e-03
5.114374160766601562e-01 4.105671346187591553e-01 -2.136044949293136597e-02
5.294202566146850586e-01 4.425435960292816162e-01 -1.162646524608135223e-02
5.171982049942016602e-01 6.281326413154602051e-01 -1.835513673722743988e-02
5.564079284667968750e-01 5.890331864356994629e-01 1.333057135343551636e-02
5.591223835945129395e-01 4.908691346645355225e-01 3.069245954975485802e-03
5.457378029823303223e-01 6.064005494117736816e-01 -6.139640696346759796e-03
5.751194357872009277e-01 4.919554889202117920e-01 7.352171465754508972e-03
5.639331340789794922e-01 5.181242227554321289e-01 5.414036102592945099e-03
5.765590071678161621e-01 5.166847705841064453e-01 -7.746805436909198761e-03
5.122005343437194824e-01 6.559635996818542480e-01 -1.648446172475814819e-02
5.321723818778991699e-01 4.513964951038360596e-01 -2.657315321266651154e-02
5.722742676734924316e-01 6.040166616439819336e-01 2.585948258638381958e-02
5.509606003761291504e-01 6.161000132560729980e-01 9.216421749442815781e-04
5.722675323486328125e-01 5.693439841270446777e-01 1.244449429214000702e-02
6.018025279045104980e-01 5.328376293182373047e-01 4.384898394346237183e-02
5.917094945907592773e-01 5.639609098434448242e-01 1.093463227152824402e-02
6.053304076194763184e-01 5.494399070739746094e-01 6.609213352203369141e-02
5.666570663452148438e-01 5.422546863555908203e-01 -1.443487964570522308e-02
5.297310352325439453e-01 4.350074529647827148e-01 -3.216288238763809204e-02
5.283809900283813477e-01 4.767717123031616211e-01 -6.762348115444183350e-02
5.250573158264160156e-01 4.888972342014312744e-01 -2.333209663629531860e-02
5.272950530052185059e-01 4.541569650173187256e-01 -4.811070114374160767e-02
5.410633087158203125e-01 3.575387299060821533e-01 1.106848567724227905e-02
5.506833791732788086e-01 3.393666744232177734e-01 -4.690029658377170563e-03
5.851362943649291992e-01 3.423126041889190674e-01 7.373758126050233841e-05
5.993849039077758789e-01 3.412005603313446045e-01 2.972466871142387390e-03
5.949292182922363281e-01 3.548621833324432373e-01 1.169523689895868301e-02
6.024142503738403320e-01 3.834552466869354248e-01 2.780842967331409454e-02
6.325796842575073242e-01 4.441247582435607910e-01 7.783349603414535522e-02
6.054952740669250488e-01 4.171839952468872070e-01 2.199115231633186340e-02
5.975133180618286133e-01 4.234838187694549561e-01 1.457192376255989075e-02
5.643467903137207031e-01 4.185172319412231445e-01 8.184093050658702850e-03
5.467839837074279785e-01 4.046258628368377686e-01 7.899786345660686493e-03
5.359148383140563965e-01 4.005561769008636475e-01 5.891420878469944000e-03
5.424028038978576660e-01 3.989450931549072266e-01 1.468757726252079010e-02
6.342372894287109375e-01 4.473471939563751221e-01 1.162000969052314758e-01
5.304000377655029297e-01 4.984755218029022217e-01 -2.658708021044731140e-02
5.224504470825195312e-01 4.207261800765991211e-01 -3.349883481860160828e-02
5.274795293807983398e-01 4.653728604316711426e-01 -4.975222423672676086e-02
5.078985095024108887e-01 4.716374278068542480e-01 -3.913056850433349609e-02
5.318953394889831543e-01 4.874724149703979492e-01 -5.007331073284149170e-02
5.354484319686889648e-01 4.924626350402832031e-01 -3.076705150306224823e-03
5.203100442886352539e-01 4.854013919830322266e-01 -4.751790687441825867e-02
5.071853995323181152e-01 4.903032481670379639e-01 -3.969001397490501404e-02
5.329390168190002441e-01 3.845011591911315918e-01 1.948226802051067352e-02
5.363534688949584961e-01 3.749820291996002197e-01 7.475010119378566742e-03
5.260915756225585938e-01 3.858461081981658936e-01 -1.733623631298542023e-02
5.825211405754089355e-01 3.897481560707092285e-01 1.932730711996555328e-02
5.906434655189514160e-01 3.637309074401855469e-01 2.163930423557758331e-02
4.511859714984893799e-01 3.696736097335815430e-01 1.102201268076896667e-02
4.549961388111114502e-01 3.651092350482940674e-01 6.808979436755180359e-03
4.392814934253692627e-01 3.463361263275146484e-01 2.406569384038448334e-02
4.256855547428131104e-01 3.614556193351745605e-01 9.587489068508148193e-03
4.492159187793731689e-01 3.785410225391387939e-01 6.289698183536529541e-03
5.692551732063293457e-01 3.756906688213348389e-01 1.402657711878418922e-03
5.819551348686218262e-01 3.841123580932617188e-01 1.486856397241353989e-02
5.720664858818054199e-01 3.690389990806579590e-01 1.862563379108905792e-02
5.461018681526184082e-01 3.810682296752929688e-01 1.337906066328287125e-02
5.738618969917297363e-01 3.915487825870513916e-01 1.879887469112873077e-02
