-1.763590934701164681e-02 -2.430321542276390190e-01 -4.674027345703986036e-01
2.052085818993276689e-02 -4.337177653556203438e-01 -1.883255053969667969e-01
2.193316437771097860e-02 -2.744126829880402241e-01 -2.482039938803088930e-01
-3.056424114913824930e-02 -3.933107720311506128e-01 1.201339875607763119e-01
2.033574999500842306e-02 -4.648233390512626073e-01 -1.018585627199330990e-01
1.938456082336154074e-02 -4.563732900562644801e-01 2.097302196139361197e-02
2.142843297690699700e-02 -3.354786555628335165e-01 3.337351319902914781e-01
-4.023375626532725846e-01 -1.061114394738189581e-01 4.196981007456521695e-01
2.185425582221900420e-02 -3.210869361619437257e-01 5.714343809245079342e-01
2.095474530393409696e-02 -3.464980201909675372e-01 6.861034210315786197e-01
1.967813772819082541e-02 -3.358464100624365400e-01 1.089413058593475370e+00
-1.674784108718566089e-02 -2.308384901584041859e-01 -4.937439599342408059e-01
-1.494015735235877662e-02 -2.082913637297096887e-01 -5.167759537630542965e-01
-1.182337646407864706e-02 -1.777113178935605386e-01 -5.300572814842592351e-01
-1.344243727419720813e-02 -1.810397971899033731e-01 -5.532320286828369404e-01
-1.417674228613668985e-02 -1.841493853296258809e-01 -5.903789310952634040e-01
-1.591110200919257367e-02 -1.926584068929977356e-01 -6.336213752904527041e-01
-1.569312609811313042e-02 -1.821143502249238377e-01 -6.757570160013308680e-01
1.202539551640791071e-02 -1.235436063218859903e-01 -7.415682486996368894e-01
1.954342463701319588e-02 -3.980600329839489859e-01 -2.264903683060870421e-01
-3.778716635423484682e-02 -3.162784805243132880e-01 -2.095074027994021648e-01
-6.242210672592722887e-01 1.290554008636650707e-01 7.998946534804574071e-01
-2.390272385491964968e-01 -1.597342005694484257e-01 3.211200320518710072e-01
-3.002394531715548709e-01 -1.532038929072117028e-01 3.150186090626432289e-01
-3.572376972537565365e-01 -1.363033740812760186e-01 3.261439292982473148e-01
-4.268972675211006873e-01 -9.364923882734998983e-02 3.952694199999111646e-01
-1.850872653502895204e-01 -1.556378677022269841e-01 3.438057427838749902e-01
-3.254026367765252559e-01 -2.078630186151455561e-01 5.980687717222696875e-01
-2.554948855278347253e-01 -2.072383016909267184e-01 5.847957509690182576e-01
-3.872422336173855228e-01 -1.856188653089771989e-01 5.841677622872563092e-01
-4.264314863033398240e-01 -1.570919400401447064e-01 5.500006872837275296e-01
-4.782767906973290906e-01 -5.566404693050164276e-02 3.455756782978589570e-01
-2.079568380680241191e-01 -2.441772786604526346e-02 -8.366394851896812312e-01
-4.219133916576218724e-01 -9.068597158851043893e-02 4.549590643187109151e-01
-6.439937352603575249e-01 1.997645920754056448e-01 4.342453999677804433e-01
-5.436260470501164122e-01 -3.652606936888666556e-03 4.241411631191036591e-01
-2.796768480564306714e-01 -1.674204603901108257e-01 -4.185104000284756154e-02
-8.468875466834313581e-02 -2.380275772182898208e-01 -4.454786693747170290e-01
-7.382297967019801899e-02 -2.004035095741354411e-01 -5.077478565074313721e-01
-1.448009855644656341e-01 -2.005993744708680637e-01 -4.589360802602211464e-01
-1.867748723912112663e-01 -1.537888503504867277e-01 -4.699175832044941714e-01
-1.233140017565874658e-01 -1.770502336195092230e-01 -5.009668121965615839e-01
-1.631224842182017465e-01 -1.358426762816105082e-01 -4.942412265267064342e-01
-2.695602135812071865e-01 -4.980935968851241125e-02 -5.641301403470491138e-01
-3.032166075831688179e-02 -4.272968443581373066e-01 -1.820934326905527811e-01
-3.927977449652564346e-02 -4.561303554962963247e-01 -9.787126830687564727e-02
-5.059741361066283361e-01 -1.485943365839910157e-01 6.294735721319426602e-01
-1.570718381101046113e-01 -2.056524235367795939e-01 1.687085833647312683e-01
-1.684401879549430880e-01 -2.841965332705820302e-01 -1.256301348331314571e-01
-1.731449513955274355e-01 -2.727340089506355980e-01 -7.460907786243620166e-02
-4.552999339648842181e-01 -9.225814465663906283e-02 -7.073526165383259290e-03
-3.545808263590666254e-02 -4.368447069000485072e-01 1.709624601109160924e-02
-3.696521330211002265e-01 -2.594603103621642148e-01 7.085750501908734122e-01
-4.502687000303549070e-01 -2.099413028741548004e-01 6.853390012035145418e-01
-5.646213276224330002e-01 -3.675692449764095260e-03 9.291089625458202050e-01
-1.071207443352180100e-01 -3.043388721689987975e-01 6.063789139909978587e-01
-1.935752456912949171e-01 -1.869906221371424593e-01 5.411087807048726717e-01
-3.197696832092034036e-01 -4.152372392920172794e-02 -4.741797269469856246e-01
-5.699409183426595860e-01 4.561084723029305010e-01 -3.437564984914169841e-01
-1.235141875715486393e-01 -2.562725580378932833e-01 -1.753035814612404764e-01
-7.684460192241360232e-02 -2.573999617766444814e-01 -2.034704657219936763e-01
-2.363235576484050693e-01 -5.121167839056295357e-02 -4.869945209319359591e-01
-2.229068990852471899e-01 -6.733028838888338585e-02 -4.921312892059752642e-01
-4.799464993706106242e-01 -1.890433195710343739e-01 7.462899181909001811e-01
-1.720471307082016565e-01 -2.467651213251436104e-01 -1.575423213307640680e-01
-2.586209671088361972e-01 -2.923533804468512187e-01 6.908338414366035352e-01
-2.677766738070701535e-01 -3.127522242700786492e-01 7.588827328360725488e-01
-3.243090244485937745e-01 -2.515344546133198023e-01 1.078754799257101382e+00
-5.213541185719456905e-01 -1.099938754608928981e-01 8.262636723305405440e-01
-2.889549899573093938e-01 -2.852599662419281756e-01 9.110290083650696147e-01
-5.384452760784430581e-01 -1.036964443796719593e-01 6.787335176144502213e-01
-5.805871137154365869e-01 6.811161414355060284e-03 7.235249949885211862e-01
-8.104383743437038046e-02 -2.251812189153750143e-01 -4.818925106847462558e-01
-1.344902556674441030e-01 -1.909899037540652156e-01 -4.821350931556178665e-01
-1.757523588553147054e-01 -1.493301529086847879e-01 -4.830301657775875057e-01
-1.099625873236740325e-01 -2.414186074285318284e-01 -1.897101424444240791e-01
-2.294061870261749903e-01 -5.943824616641396608e-02 -4.896150929138229912e-01
-2.025572092748424424e-01 -9.654952765794910796e-02 -5.221492201673365585e-01
-2.150728992825632346e-01 -6.981930932040208981e-02 -4.942847589997816371e-01
-9.624222648207880759e-02 -3.429209024336792311e-01 -1.621006321342628453e-01
-1.533238481644099149e-01 -1.243887848647200478e-01 -5.027736669357212307e-01
-1.130875039587155850e-01 -1.510309678668615430e-01 -5.117245656307423118e-01
-6.607092322752905478e-02 -1.720736256607231507e-01 -5.219793577960114561e-01
-6.794998183880845977e-02 -1.183043360475246608e-01 -7.343939674892583369e-01
-8.469966054690925006e-02 -1.781328575688072569e-01 -6.637378224849070918e-01
-8.201421944218711957e-02 -1.884765341824947704e-01 -6.211766662769999670e-01
-7.509374498696508304e-02 -1.788239341144228778e-01 -5.783037759409959122e-01
-6.737980736157422879e-02 -1.756030652145206261e-01 -5.437278733021475574e-01
-1.503786784594047798e-01 -1.277120407490985876e-01 -5.195617173051632065e-01
-1.623730756440986411e-01 -1.338733519818928741e-01 -5.351868714374612424e-01
-1.744593406473089470e-01 -1.402385470108491461e-01 -5.556385306507136690e-01
-1.828565290872810056e-01 -1.273716290263382511e-01 -5.780090461497611187e-01
-2.424909816157114761e-01 -1.470714581871088722e-01 -3.574890868020674795e-01
-6.374883971971936347e-01 4.842935101790857289e-01 9.897937128124589812e-02
2.273905409854315440e-02 -3.178975343173187085e-01 -2.348310078265702927e-01
-1.795228265632162756e-01 -9.559624609695138719e-02 -5.075706996937894289e-01
-1.910691945460829544e-01 -9.906995134185159202e-02 -5.144892239675087353e-01
-5.767198936077089222e-02 -2.577216237796422504e-01 -2.379262806791473395e-01
-1.512256111353491583e-01 -1.979542015274349254e-01 -2.028277051851219426e-01
-6.694085724360299139e-02 -2.586532294477468241e-01 -2.211082132269348577e-01
-2.191929321108494477e-01 -1.783210651161377669e-01 1.256449322449193495e-01
-3.168749295228376894e-01 -1.520241494903435964e-01 7.638350440757024629e-02
-1.829454488922910294e-01 -2.344879898835898757e-01 -1.068127695119398535e-01
-4.699707237050745334e-01 -1.372208525406914958e-01 1.025098890317309497e+00
-4.285701745475218871e-01 -2.046903364677845616e-01 8.931517298746864952e-01
-3.884663611979988218e-01 -2.578618912970220833e-01 7.775514640008456269e-01
-2.124567323289006104e-01 -7.767720350217888203e-02 -6.336524148621522912e-01
-1.239639733619326556e-01 -3.404636255997548488e-01 7.211363857568073854e-01
-1.441701444642244923e-01 -3.299355448473111352e-01 8.997850020634370338e-01
-1.668874716728230290e-01 -3.168516432675225758e-01 1.096097841101212111e+00
-4.030405831179546539e-01 -1.126118958400854630e-01 3.521938021052859469e-01
-5.450552059004198924e-01 -1.347753735192425140e-02 2.923628913390823314e-01
-1.492056148138773963e-01 -1.512559836222377996e-01 3.661050744270690771e-01
-4.810164887744754481e-01 -1.034668151804509773e-01 5.174841597205208643e-01
-1.154789248446386196e-01 -2.343325050318352254e-01 2.192318084556488245e-01
-1.335258989646335159e-01 -3.466852641282844871e-01 -1.047519500821592064e-01
-5.982849483122159029e-01 5.808205079500217138e-02 2.437909049934363637e-01
-5.076892950613682842e-01 -5.952704029717392764e-02 2.200700664315382582e-01
-4.335493931599376793e-01 -1.107017566495465122e-01 1.753118353721667688e-01
-3.186225209006430248e-01 -1.403414351987510855e-01 1.787094467466694425e-01
-2.332117205923389669e-01 -1.592424397463600982e-01 2.079773537695146501e-01
-1.692965750638180111e-01 -1.803864156839418698e-01 2.426659120363376942e-01
-3.530337285810936088e-02 -3.099537774957878966e-01 3.195260839938125486e-01
-5.870035151167343201e-01 6.427472192077665625e-02 5.998462229691936543e-02
-5.289678823881089897e-01 -7.671880564892430421e-02 5.376194123985218454e-01
-1.204476557886582921e-02 -3.945083074557622638e-01 -2.213597669908828891e-01
-1.526102477031874294e-01 -2.191487162814800271e-01 7.564011202391673905e-02
-6.602815450142127673e-01 3.892366031900724721e-01 4.746422837410069206e-01
-1.195044029675247366e-01 -1.953414941290816387e-01 2.828783738623483757e-01
-1.866070301783522289e-01 -1.761105542049596906e-01 -1.019077583035101764e-01
-4.457836550337468395e-01 -7.910002150725747860e-02 4.551548741590414338e-01
-1.367276047639505165e-01 -3.319445875664195356e-01 -4.291160962673035151e-02
-6.111450212836864182e-01 4.855166838649029870e-01 -1.146603358859279442e-01
-1.458256990220765381e-01 -1.413843788795752232e-01 3.987487823547049004e-01
-8.848421413374363276e-02 -3.968005961424658778e-01 -4.155369066719982740e-03
-4.565207509694406696e-01 1.738448296185284292e-01 -6.059206517086881405e-01
-4.507485091127634291e-01 2.907334987487981692e-01 -6.848414182164166419e-01
-6.334658228422895831e-01 2.759666178602868669e-01 7.526475414619016036e-02
-5.251897856582843360e-01 2.325373589173898026e-01 -4.749821502947213503e-01
-6.147135417156750492e-01 1.182092523082003410e-01 5.938601109106755871e-01
-2.196011933114578873e-01 2.025941610087136913e-02 -9.136925950979444266e-01
-2.028851194123798551e-03 -3.134636322729598135e-01 -2.298791663650234796e-01
-2.065590865125517261e-01 -1.880065481506552061e-01 1.888436923640218756e-02
-5.948115368025383987e-01 5.689558122364890558e-02 4.207721687570762370e-01
-3.475539256187261117e-01 -1.371046176542209949e-01 3.734050781391946572e-01
-2.972409690473885036e-01 -1.514371675220269609e-01 3.616456713689943925e-01
-2.120785899634631821e-01 -8.502375114658944355e-02 -5.311816196890752906e-01
-5.726389817175316921e-01 1.061876739731177910e-01 -1.103197356738545576e-01
-1.079932073769791501e-01 4.787621467671387965e-02 -1.024362371311848818e+00
-2.864301754355405016e-01 1.558396772361354543e-01 -8.971254399787751410e-01
-3.629346375330051444e-01 2.160433401041830237e-01 -8.116437195718333442e-01
2.019209589360099200e-02 -3.451546557608491383e-01 8.840998293748452141e-01
1.777545427884097418e-02 2.961842647200563228e-02 -1.042791282102605521e+00
-2.456944020589357791e-01 -1.554517740498111422e-01 3.676423972123989969e-01
-1.951426772034303703e-01 -1.505361858314371304e-01 3.829730840504748102e-01
-1.616055738249047025e-01 -1.408468872177355280e-01 3.916670946331191061e-01
-5.702578919722380846e-01 -1.966858819046080065e-02 5.687935432374402467e-01
-2.065557619086302310e-01 -1.695727556630011179e-01 4.768600784393957071e-01
-2.623161311028638920e-01 -1.810169401441248382e-01 5.112509276041734552e-01
-3.156192111910378628e-01 -1.781471476502360929e-01 5.196419509957390659e-01
-3.658234237556268198e-01 -1.616212289218514897e-01 5.074602936133345565e-01
-3.955897108660799688e-01 -1.399687709465213814e-01 4.854992079597266752e-01
-6.528675379906321297e-01 2.700941048271081613e-01 6.580526295446169627e-01
-3.804651477602671861e-01 -1.202652883738783984e-01 3.951748788845481641e-01
1.910510904475348770e-02 -2.525625139254703555e-01 -3.160087337013921527e-01
-1.786836480839730790e-01 -1.876668604027691423e-01 -3.243537709502892774e-01
-1.230538875871864946e-01 -2.800521586593420764e-01 -1.648009202111238025e-01
-6.556506090471847514e-02 -2.457412519483801461e-01 -3.153320360096225627e-01
2.173247466876343514e-02 -3.062160810161485003e-01 4.556808466015267456e-01
-3.786938842776201852e-01 1.299317761861882303e-01 -7.270151464737661939e-01
-3.028691273741443979e-01 7.960073522744948171e-02 -8.214521098624105733e-01
-1.150800579349311459e-01 -3.309217074290926597e-02 -9.817822307131898185e-01
-5.148774534641216150e-01 3.817534668495081718e-01 -5.368697224326766104e-01
-1.652423257905395459e-01 -1.534796807261846752e-01 4.285840826274771587e-01
-7.559388305822811738e-02 -3.111895201483294571e-01 1.773668614315901948e-01
1.307094860026952743e-02 -4.941090876303455559e-02 -9.987018000352101410e-01
-2.045958728272472271e-01 9.135356461215371482e-02 -9.723492936566735523e-01
-6.121790432425946449e-01 2.916199192403992058e-01 -1.164786488122255825e-01
-1.124686279541274869e-01 -1.548517162700726590e-01 -5.311433417669633172e-01
-1.248391845043523851e-01 -1.604823567763205006e-01 -5.572562218631347264e-01
-1.349306405420578336e-01 -1.676833533507271490e-01 -5.906386367861413689e-01
-1.408755305796443036e-01 -1.562261015549939458e-01 -6.283597852376940907e-01
-1.489349680781222318e-01 -1.051640389060570779e-01 -6.930363845157421210e-01
-1.954917164228904269e-01 -9.857050345407891712e-02 -4.890143646751696771e-01
-2.074987773944194647e-01 -9.949470587183728565e-02 -4.824281123367359925e-01
-2.175448187292763347e-01 -1.005947544674594685e-01 -4.752824157960682250e-01
-2.946108424109716850e-01 -9.424373568873589679e-02 -4.071131579099471764e-01
-4.993828914003621833e-01 -5.318798214745124042e-03 -1.790322217423154783e-01
-7.433967272187791409e-02 -2.684206369615855792e-01 2.757447546593398968e-01
-1.042545008910851223e-01 -1.889567957018876143e-01 4.638363126769977640e-01
-1.411793476098850419e-01 -1.671659949254022948e-01 4.591138580104487943e-01
-1.832049499864791819e-01 -9.317357288285699202e-02 -4.950815264218211276e-01
-5.032952067391356366e-01 1.077622034470226975e-01 -3.714247220537076899e-01
-5.548684687540128557e-02 -2.649035707371245607e-01 4.537279265641087633e-01
-1.807305938411296609e-01 -6.105031904850677371e-02 -7.629689843138560690e-01
2.005852431990906570e-02 -4.147470045008017081e-01 1.276237733846681266e-01
-3.413641583986759542e-02 -3.568372578295244679e-01 2.140924566364192927e-01
2.091927760165557260e-02 -3.731979283123596502e-01 2.268345833219322927e-01
-1.180759314825889916e-01 -2.915749181260940404e-01 4.168980025405677470e-02
1.140076257590055819e-02 -9.252865575910185214e-02 -9.219335787698454965e-01
1.177043486129536465e-02 -1.066378949558921541e-01 -8.268354440207055234e-01
-8.721375542328246855e-02 -9.204154656751450947e-02 -8.162616966064861757e-01
-3.195291320442334992e-01 -1.111171052950792049e-02 -5.902189544259037746e-01
-2.395586701735084034e-01 -1.527413942097783917e-01 -1.625307395541470967e-01
-2.554729058469011882e-01 -3.224805350227621936e-02 -6.887574314303579470e-01
-3.746499245263095190e-01 -1.295180959512034491e-01 -1.322719902273732373e-01
-2.965478286784097861e-01 -1.309651263010680466e-01 -2.400370295386062836e-01
-4.246407452138782901e-01 -6.441815683679896765e-02 -2.588661461271479780e-01
-1.073194984241737648e-01 -7.435807158094720482e-02 -9.068331890800216399e-01
-1.534379478288578902e-01 -2.426258066672604130e-01 8.245859397186805495e-04
-3.636255089764932613e-01 5.209309127705658016e-02 -6.433688260360099775e-01
-2.868016715175185638e-01 2.273176495455520030e-02 -7.441045360895728322e-01
-3.697512727399097088e-01 -1.589055281353338178e-02 -4.791421824736539214e-01
-5.552996432296879448e-01 1.460840782610217659e-01 -2.544596010611082093e-01
-4.353824271687440906e-01 4.203684100352733655e-02 -4.815108235239646817e-01
-5.810272519966215299e-01 2.889154035987582247e-01 -2.981637219839115005e-01
-3.466987193532653500e-01 -8.642303343309565289e-02 -3.389056439314703795e-01
-1.130001731056680114e-01 -2.626653688211320059e-01 1.281339387661741824e-01
-1.148074109639551921e-01 -3.555010848119826150e-01 -1.478541851299484122e-01
-1.496094209256249030e-01 -2.868407612646315386e-01 -1.568828515292146619e-01
-8.990619071734751167e-02 -4.039953195858743129e-01 -9.817358295563960446e-02
-1.533633336167969929e-01 -2.170648208766117193e-01 5.534180005051485551e-01
-2.538709638047631501e-01 -2.318290923068140330e-01 6.204420951853748534e-01
-3.404802907029562675e-01 -2.272784249593842176e-01 6.351475720070673958e-01
-4.108459114537463819e-01 -2.005075077871456557e-01 6.193093341104436433e-01
-4.582406793981608217e-01 -1.597622001872851527e-01 5.815160705423689791e-01
-4.876569993413841786e-01 -5.119429230635952344e-02 4.391699276827996101e-01
-6.476593285157079549e-01 2.395842008871671425e-01 2.577861972148678404e-01
-4.477193881322065749e-01 -8.186435959752857983e-02 3.002575709025263606e-01
-3.895240060809737059e-01 -1.144048813878906223e-01 2.638003321823836345e-01
-3.106691144256306103e-01 -1.396087878839331609e-01 2.550126533967969067e-01
-2.342368769407898732e-01 -1.548854972097144511e-01 2.703481946009613779e-01
-1.735752701714590174e-01 -1.598887315264070352e-01 2.970405427017830391e-01
-1.314955338912606742e-01 -1.675970431502955549e-01 3.221057202605912551e-01
-6.514517336674732206e-01 4.550383984563932671e-01 2.925714015192051320e-01
-1.492829657488536910e-01 -2.549740351904521418e-01 -1.749001707222790358e-01
-7.625054143024967424e-02 -3.466982539309482192e-01 8.942713934624335614e-02
-7.415911306206557363e-02 -4.002599611279231695e-01 -1.633180927973896246e-01
-4.399359292374005470e-02 -3.709654514006528458e-01 -2.025151486170102544e-01
-7.432953057573765676e-02 -3.702028895889775129e-01 -1.726263981590827612e-01
-1.335975697813291951e-01 -2.318557872815469878e-01 -1.978184715590423082e-01
-3.174375657877026580e-02 -3.857595583582273946e-01 -2.135817121194172330e-01
-2.305355885830540075e-02 -3.140688818209254052e-01 -2.231247381777885508e-01
-1.262654128917568563e-01 -1.485764370287006031e-01 3.943304495096890960e-01
-9.826193025382479185e-02 -1.804811318260428621e-01 3.678657089473702513e-01
-8.211028910659901037e-02 -2.190246819022654279e-01 3.462507139077288798e-01
-4.110177808514094977e-01 -1.180807851237570816e-01 4.685507588906077103e-01
-4.487664840609664196e-01 -1.189208017145881868e-01 5.098971168578607660e-01
7.080190136919695121e-02 -3.929523320336736347e-01 1.157260819296079823e-01
4.301025784816321362e-01 -1.152404090620344768e-01 3.880443832418700723e-01
8.061347744208990918e-02 -3.197163426100848582e-01 -2.147812398193593708e-01
6.327883330912662529e-01 1.108568276104229255e-01 7.333511213939960527e-01
2.624587664306012869e-01 -1.621776301452362290e-01 3.087933627037711126e-01
3.204843552081388935e-01 -1.578365110399131410e-01 2.993269219884213683e-01
3.756902309685798969e-01 -1.431261907771457231e-01 3.025894646044804404e-01
4.488277577737473933e-01 -1.025725038083722396e-01 3.591291557826719050e-01
2.144622732321255221e-01 -1.576767056058470118e-01 3.323734910447049273e-01
3.515106251212447575e-01 -2.153524113833427123e-01 5.696762715617200712e-01
2.829976363987416477e-01 -2.132271337777638109e-01 5.590685360862273079e-01
4.133146472973585617e-01 -1.962529125509693273e-01 5.529631686464537843e-01
4.514667357827235605e-01 -1.698325797720050545e-01 5.146113394663704987e-01
4.918594109210712162e-01 -6.710969030954871961e-02 3.016439667825112636e-01
2.297779891252358375e-01 -3.434886763308009350e-02 -8.475570351147387882e-01
4.509534842709950198e-01 -1.003877340288226172e-01 4.194166146848368193e-01
6.644988261304263233e-01 1.829227658351557650e-01 3.701100866903876963e-01
5.532268859493498780e-01 -1.788067725712749745e-02 3.705524573994454229e-01
3.087237862677518763e-01 -1.752010716283933789e-01 -6.889980000735884680e-02
5.248899434545678533e-02 -2.377819908566700668e-01 -4.512766398435514859e-01
4.793018940483900758e-02 -1.994417064982967336e-01 -5.125800181910129538e-01
1.219641681284802104e-01 -1.991758017626481525e-01 -4.705163297661472122e-01
1.717860960466517373e-01 -1.519955389465601492e-01 -4.863961294831007365e-01
1.040923191649779644e-01 -1.751283572273782951e-01 -5.108458060007077250e-01
1.515116510890095469e-01 -1.347529467699566386e-01 -5.091424608572037158e-01
2.886678980788657256e-01 -5.616080472482204433e-02 -5.790766336620825072e-01
6.953226739566664705e-02 -4.302847157297264857e-01 -1.867518733720423540e-01
7.709960599377851942e-02 -4.594328234473774586e-01 -1.033703176372819943e-01
5.215946122834651533e-01 -1.623881322821389972e-01 5.882238030793711658e-01
1.920912238623544432e-01 -2.074745870430518835e-01 1.526825052339875199e-01
2.048932355020482987e-01 -2.905745806281991861e-01 -1.406962192196017369e-01
2.083575429275694724e-01 -2.790577422780708972e-01 -9.021144392827062930e-02
4.766748646660250444e-01 -1.027489743456397875e-01 -5.036074936844991967e-02
7.412322978429686238e-02 -4.374711913352129500e-01 1.248265514713281510e-02
3.984672186855249265e-01 -2.726939173134725891e-01 6.773777525519832921e-01
4.730126380981900525e-01 -2.241660626300081560e-01 6.505480836038204373e-01
5.769721329957349099e-01 -2.148509138447662892e-02 8.666980949450486804e-01
1.488013036990025739e-01 -3.076496165602220501e-01 5.894861104906183868e-01
2.249310582007035819e-01 -1.899554954976130361e-01 5.176122310853448205e-01
3.359512386693115360e-01 -4.871779274041254659e-02 -4.925458067986734356e-01
6.081377837719799118e-01 4.380088513314284171e-01 -3.909255861493798889e-01
1.630203952307129889e-01 -2.627766526119827972e-01 -1.867160637162346148e-01
1.187039550999413606e-01 -2.651928590604004654e-01 -2.119547526190190823e-01
2.468204948372332286e-01 -4.872351656126633346e-02 -5.042779962596855015e-01
2.307090653784955592e-01 -6.666571331596787831e-02 -5.080568313826341331e-01
5.003276400286527092e-01 -2.038236388783936093e-01 7.036615386474363021e-01
2.070171103211624342e-01 -2.541328867557286486e-01 -1.726780034541981479e-01
2.949304114055433246e-01 -3.037153335854103631e-01 6.642306700207907255e-01
3.041707341833319589e-01 -3.247318242890742113e-01 7.273197562705782104e-01
3.507137862977991460e-01 -2.635089204338543212e-01 1.038674945500396518e+00
5.392554133175746500e-01 -1.248825600226552979e-01 7.739983742199694206e-01
3.201158712595741918e-01 -2.953532673574823519e-01 8.781205356849994814e-01
5.528983533593017086e-01 -1.176202572724356354e-01 6.261005205647656169e-01
5.968906346776972072e-01 -8.227567929818907499e-03 6.660460434896045001e-01
5.065275451384576577e-02 -2.244530902736836531e-01 -4.872056043587305041e-01
1.129382475463719393e-01 -1.893134368762374731e-01 -4.930029289104389534e-01
1.615419971617453321e-01 -1.482235846550528091e-01 -4.986927484805656619e-01
1.501448312957940345e-01 -2.486722043064473198e-01 -2.000019855761596688e-01
2.386188958286135087e-01 -5.850382179579882713e-02 -5.063029150755573582e-01
2.010705231906333434e-01 -9.633394095441916161e-02 -5.403163951647931285e-01
2.224837761310267670e-01 -6.855273225393276881e-02 -5.092036795228094270e-01
1.340126097564486862e-01 -3.450253277986048417e-01 -1.721274779871073690e-01
1.435806250502542625e-01 -1.229679783906592050e-01 -5.162532676807982668e-01
9.831937600378481967e-02 -1.487130324478576071e-01 -5.204147158733878342e-01
4.603995235932578645e-02 -1.698055837060805651e-01 -5.259523843881535043e-01
8.825029860014332872e-02 -1.211873828893830218e-01 -7.400053071710166464e-01
5.534074862702675901e-02 -1.779729827915670359e-01 -6.697924653603983813e-01
5.178381650680052850e-02 -1.870882843977956789e-01 -6.268208486390545175e-01
4.883793331202707089e-02 -1.768008472844637691e-01 -5.837781722742017010e-01
4.358521432481438085e-02 -1.729034739667609788e-01 -5.486611929995968140e-01
1.397581429715899493e-01 -1.255183620870334860e-01 -5.333414820460093964e-01
1.504048564155613388e-01 -1.334427654107170902e-01 -5.500236573030496956e-01
1.605530062604032526e-01 -1.404295129785200213e-01 -5.714736338578045860e-01
1.710109430236923522e-01 -1.276894185939110304e-01 -5.944907225360491765e-01
2.630593124322784249e-01 -1.535178556661882521e-01 -3.753698661619502275e-01
6.707174907516506579e-01 4.648793382869360613e-01 3.652505257634164337e-02
1.778517118678084596e-01 -9.273038059393434729e-02 -5.237270517993168895e-01
1.887403717502098566e-01 -9.813905081239826522e-02 -5.320295825668859280e-01
9.964156275044722122e-02 -2.619502602553493986e-01 -2.445934144603043592e-01
1.887796312795675391e-01 -2.071459723900144212e-01 -2.164514801104964192e-01
1.089515772745917044e-01 -2.650145300304806995e-01 -2.290316769155351651e-01
2.514321914800383695e-01 -1.812948321427949594e-01 1.038956681133980098e-01
3.450274510842241682e-01 -1.586981866537602315e-01 4.511091588432780686e-02
2.183879992095021372e-01 -2.415025113777344856e-01 -1.232969624258011265e-01
4.885548387902929335e-01 -1.542593774990308475e-01 9.703260266828124259e-01
4.521652673307183790e-01 -2.189377652529085339e-01 8.477220974330332837e-01
4.172651184279736469e-01 -2.716711737577410801e-01 7.405002256706012531e-01
2.287207561147339696e-01 -8.215247439899475701e-02 -6.473803377002145254e-01
1.677486282556781561e-01 -3.457073816836961910e-01 6.953212992259309999e-01
1.799000415608782433e-01 -3.358393961301127106e-01 8.816745232492131379e-01
1.995218679334072043e-01 -3.250177402263227933e-01 1.073639566469061890e+00
4.222646493883992491e-01 -1.210950085120581221e-01 3.211751858332307918e-01
5.515464599874775331e-01 -2.857081484704215857e-02 2.403916728320156793e-01
1.829821738419386001e-01 -1.509143209508794214e-01 3.551454939685445567e-01
5.008426871070561504e-01 -1.161113220936231816e-01 4.757544183534117010e-01
1.526281332306131944e-01 -2.350004558348981476e-01 2.070989949394017593e-01
1.700491419464356113e-01 -3.519107559324545775e-01 -1.182510553448503643e-01
6.199197311780899611e-01 4.233355285286022340e-02 1.852562169521059232e-01
5.138460126323085575e-01 -7.223710622916357238e-02 1.735708656974441766e-01
4.415562177435283786e-01 -1.210620430301361239e-01 1.369328321482612409e-01
3.330411457459270252e-01 -1.464022302312306678e-01 1.526265034432274792e-01
2.530755277677823045e-01 -1.628496209733176769e-01 1.912465241526764004e-01
1.936670580654138440e-01 -1.829401603873188620e-01 2.311664327466131930e-01
7.732925616592534190e-02 -3.103390387704711983e-01 3.141260850024565343e-01
6.108576183927851844e-01 5.027555481165635332e-02 4.235957550597746479e-03
5.413589196772203849e-01 -9.022261732907588261e-02 4.876991772348895360e-01
5.006957666110245508e-02 -3.952159476582224329e-01 -2.239119304597521065e-01
1.888020402990946423e-01 -2.212914445506806160e-01 6.058106599106971579e-02
6.816156265734996111e-01 3.719720890567748128e-01 4.069057084445688588e-01
1.497449300981212872e-01 -1.963298974721556789e-01 2.758585552023000709e-01
2.253256199496482814e-01 -1.832342405417923814e-01 -1.190010691561020906e-01
4.717794204612850706e-01 -8.908300055016127317e-02 4.159274417744329710e-01
1.719298998433411718e-01 -3.372301466870109010e-01 -5.622012537525722387e-02
6.487731409687320649e-01 4.652578100751298962e-01 -1.699831548711330242e-01
1.830003258987926706e-01 -1.395717262655340463e-01 3.865737933101383028e-01
1.240722825048772293e-01 -3.996531904742965935e-01 -1.346445470074614237e-02
4.813004409517489535e-01 1.567648663480198934e-01 -6.361599666050175017e-01
4.818396438720000674e-01 2.725136031412915827e-01 -7.116941739510096454e-01
6.670278256805648454e-01 2.589929582990473378e-01 1.553450300468417478e-02
5.531323381416246576e-01 2.149767451680784092e-01 -5.147827934334792133e-01
6.335884263793101212e-01 1.025040969952890624e-01 5.321809933923535851e-01
2.437081125362858813e-01 1.005133061266103023e-02 -9.221401099334407547e-01
4.790846949813021283e-02 -3.150409468668913249e-01 -2.321780604429983796e-01
2.397179144929886263e-01 -1.930352851252772339e-01 -1.340618441178054177e-03
5.983224307665544472e-01 4.218675485959533233e-02 3.571056667162082476e-01
3.734640649604550333e-01 -1.440755966564992718e-01 3.508456730623872311e-01
3.235911344473851869e-01 -1.562925762010625164e-01 3.445510322973945883e-01
2.138440954487552670e-01 -8.437947493066866311e-02 -5.495926608058123719e-01
5.985166886361952265e-01 9.178513895084239316e-02 -1.616632564043358755e-01
1.408810590960172249e-01 4.254316442697125833e-02 -1.026652504382767006e+00
3.182671109219299410e-01 1.432234599906125894e-01 -9.066984382139615661e-01
3.947685196696060217e-01 2.009533694371068435e-01 -8.275923355585081964e-01
2.741387593164521519e-01 -1.587320218632903845e-01 3.527268574767772336e-01
2.277703120332543740e-01 -1.511591071889810678e-01 3.690171887866600109e-01
1.979124790781106036e-01 -1.395229092965601936e-01 3.781968566913995744e-01
5.782514742516013939e-01 -3.310601654256906112e-02 5.082178126644105731e-01
2.367717543039580264e-01 -1.706379755928857378e-01 4.517461000821918482e-01
2.876333967731241614e-01 -1.851704225319208419e-01 4.810604176075603533e-01
3.401961983881118812e-01 -1.846793069906063067e-01 4.875563609621531569e-01
3.910256048243176963e-01 -1.704466635748209669e-01 4.736930039777766943e-01
4.212444308483043187e-01 -1.496491758940363681e-01 4.504872208671075740e-01
6.673877245759651800e-01 2.518942132300736603e-01 5.901974360021409183e-01
4.072673470706700272e-01 -1.284080149101756163e-01 3.675452935902705498e-01
2.082128121287600830e-01 -1.923795230804206113e-01 -3.382831212191987902e-01
1.623550545772998177e-01 -2.864758881341638030e-01 -1.767118339174551522e-01
1.006266288610765391e-01 -2.482708858503723803e-01 -3.220238819147134279e-01
4.032086458352575065e-01 1.138383238527587160e-01 -7.485492366904660244e-01
3.268228142215376941e-01 6.523152559835654341e-02 -8.357431796826793047e-01
1.390683784262467526e-01 -3.897283079017022089e-02 -9.860004977008607341e-01
5.505097446785569559e-01 3.638282964027643729e-01 -5.741222320139165447e-01
1.999248884847344421e-01 -1.517644095485275457e-01 4.118824193697303571e-01
1.147969181211987433e-01 -3.125616978124341472e-01 1.686417823977945929e-01
2.361882231903447149e-01 8.220738991681897367e-02 -9.768057779208589864e-01
6.461919577621042521e-01 2.743336621923821994e-01 -1.713712120780188641e-01
9.518818706484533099e-02 -1.515942383109591951e-01 -5.402669005470679409e-01
1.050445199651577344e-01 -1.585115734579836122e-01 -5.673703171577448856e-01
1.120626383123618508e-01 -1.661430558556775683e-01 -6.014965380749544011e-01
1.192267470761918524e-01 -1.551429772170118682e-01 -6.392320861470865978e-01
1.646039195421291623e-01 -1.071536676638897845e-01 -7.024714594250447419e-01
1.918774372145841678e-01 -9.816061028326361626e-02 -5.055430809801264580e-01
2.037071006577881871e-01 -9.814458040634621572e-02 -4.995826206747371323e-01
2.138241119247235034e-01 -9.919536102397574773e-02 -4.930761947126987010e-01
3.089329763012749197e-01 -1.013321777304903026e-01 -4.264988467003809625e-01
5.191696912165744138e-01 -1.852487805875593918e-02 -2.228220160774274650e-01
1.145177636147103328e-01 -2.690639828900565078e-01 2.666200894985744085e-01
1.437034233795322358e-01 -1.907158618729747346e-01 4.487881413230656591e-01
1.762466946313652194e-01 -1.659497790604502754e-01 4.423197436205423827e-01
1.806773131208418981e-01 -9.078925990264230528e-02 -5.104987525704078877e-01
5.263350858274113975e-01 9.292119169234414056e-02 -4.103713282812320173e-01
9.291394024611365765e-02 -2.651498439288788589e-01 4.446570915155740877e-01
1.989446334934301674e-01 -6.825755562729762804e-02 -7.736221077925415912e-01
7.457912837141345008e-02 -3.582471143380727696e-01 2.091550410606535237e-01
1.547970936067049053e-01 -2.954164208041261119e-01 2.916709916362775212e-02
1.084756196416176710e-01 -9.737002833333974205e-02 -8.217130748505336868e-01
3.406800012117940923e-01 -2.113253846881660292e-02 -6.106958303204494953e-01
2.712700048845473333e-01 -1.615485365272473217e-01 -1.846434798242961861e-01
2.722909319709838627e-01 -4.232357279992365884e-02 -7.058027177995374046e-01
3.960810863693837724e-01 -1.411165045381426175e-01 -1.669633969921326955e-01
3.198439348513262281e-01 -1.395024128472268643e-01 -2.659482483566586453e-01
4.421771282041739859e-01 -7.531694870727911884e-02 -2.929233981299499412e-01
1.290439118979840316e-01 -7.969680688227731569e-02 -9.125756109935476701e-01
1.891728949567847984e-01 -2.474869667708015086e-01 -1.378269778320412309e-02
3.854507853414128604e-01 3.790923397092899050e-02 -6.668523085053337240e-01
3.083677503979251888e-01 9.415662447830444592e-03 -7.612145000675667461e-01
3.892269046609992955e-01 -2.401072861295450167e-02 -5.024649757059109767e-01
5.814541954615064512e-01 1.300511554581904594e-01 -3.014541610229941604e-01
4.551767347063817581e-01 2.958746083173119379e-02 -5.098424546696174176e-01
6.141476576557884925e-01 2.729615692464344434e-01 -3.470259448491175291e-01
3.636262391703470875e-01 -9.451580243889201594e-02 -3.642952604928222371e-01
1.507422832188405337e-01 -2.637967441606949848e-01 1.160477550315857087e-01
1.511006951605882165e-01 -3.594048170889436733e-01 -1.593637384413497671e-01
1.863772818111528728e-01 -2.941631063904841525e-01 -1.707101156751802407e-01
1.276090017677096178e-01 -4.083897445768585044e-01 -1.081139872915954925e-01
1.911231468951548607e-01 -2.202382605286636874e-01 5.342306120205595477e-01
2.874136643012832337e-01 -2.403962459158908160e-01 5.965022766210479332e-01
3.711758396791289272e-01 -2.384944883056077103e-01 6.068654862520830306e-01
4.378416391848283240e-01 -2.131044741292846822e-01 5.868630630177049667e-01
4.811680458241287539e-01 -1.730464477299715753e-01 5.444566536468471440e-01
5.053628578767419555e-01 -6.317446038500218464e-02 3.931306200928856853e-01
6.740007966396230898e-01 2.242527548335306875e-01 1.945787991281884288e-01
4.622461958696533202e-01 -9.189238905887719966e-02 2.611757384287765049e-01
4.041582672616215177e-01 -1.230272065886266475e-01 2.320939830560204697e-01
3.282624133750555728e-01 -1.453724446874460341e-01 2.339222334084931632e-01
2.561048170827149306e-01 -1.580587124159320567e-01 2.566674567486528780e-01
2.010570774404469852e-01 -1.625856726721073287e-01 2.866349128404834801e-01
1.631280740865737044e-01 -1.687846702270956456e-01 3.140873689699867910e-01
6.783448896522514815e-01 4.384632419230953815e-01 2.265802300801409430e-01
1.856977639052561635e-01 -2.626247851244452036e-01 -1.880902835648230464e-01
1.156042077038068605e-01 -3.478101305386509523e-01 8.082113522166922692e-02
1.112545947264396151e-01 -4.042643956613396483e-01 -1.715425168309359094e-01
8.090096793712131529e-02 -3.749125880028474356e-01 -2.079907986779083728e-01
1.111966947151064034e-01 -3.738942435268430842e-01 -1.810752080409914200e-01
1.707012481145664395e-01 -2.401391014630744891e-01 -2.094799981017017032e-01
6.896659375374980527e-02 -3.888555003457359049e-01 -2.179317718129194503e-01
6.691660463535975545e-02 -3.171868159388484543e-01 -2.268189311673483033e-01
1.629680722624025080e-01 -1.482276201463719190e-01 3.830884397029281629e-01
1.334866770550786619e-01 -1.810715085376042310e-01 3.595756518658612677e-01
1.155956226506424933e-01 -2.202953539377796588e-01 3.399982313419340763e-01
4.379228885768675639e-01 -1.281405035313447627e-01 4.332030772064636714e-01
4.732421339638257507e-01 -1.317160098399279278e-01 4.717588327745643184e-01
-3.037723428273384485e-01 -1.443139020211336998e-01 4.510415529234768073e-01
-2.437149581342339388e-01 -1.499104589009636612e-01 4.493744927551457380e-01
-3.030282487749680342e-01 -1.520769223171480888e-01 5.298464613457323225e-01
-3.646407625429120003e-01 -1.386684159494127044e-01 4.531192857657302397e-01
-3.050570146717710429e-01 -1.365532384063801175e-01 3.729208574678750665e-01
3.290069002076361215e-01 -1.502766142239968516e-01 4.230949540670376763e-01
3.878001498501522093e-01 -1.556038361025917638e-01 4.199744436300787420e-01
3.281587755110386695e-01 -1.581719172836386633e-01 5.010516256010735248e-01
2.697465226723529952e-01 -1.449728188793635297e-01 4.268329816508593666e-01
3.300767773885837642e-01 -1.423965734810916928e-01 3.450866471911484545e-01
