-2.201324023159356713e-02 -3.142433877061852066e-01 -5.951295113514409874e-01
2.632988427361837580e-02 -5.564822348531315299e-01 -2.416272579259861608e-01
2.831247021650507012e-02 -3.517721774680440117e-01 -3.179569206898757994e-01
-3.921633904972721130e-02 -5.046488317056891937e-01 1.541414087328631943e-01
2.609237581732742894e-02 -5.964051118924826866e-01 -1.306925933134605589e-01
2.487192487029696308e-02 -5.855630306264147933e-01 2.691004653660991619e-02
2.749437451518188524e-02 -4.304456517111883151e-01 4.282085720463404410e-01
-5.162309181000708236e-01 -1.361493703427745228e-01 5.377133803983713545e-01
2.804073890863734153e-02 -4.119799373235846218e-01 7.331955116326618338e-01
2.688659576169219467e-02 -4.445843681694459093e-01 8.803249605008023337e-01
2.524860726135574884e-02 -4.309175098238475776e-01 1.397803127600523609e+00
-2.081830300674837597e-02 -2.990015072835829901e-01 -6.283700075854521394e-01
-1.843647982518872852e-02 -2.704203313473525494e-01 -6.576424208107669589e-01
-1.441829559653205750e-02 -2.311398046486357050e-01 -6.748397247483126637e-01
-1.709077215356843982e-02 -2.325366821610352908e-01 -7.202390055230023513e-01
-1.801921074714801785e-02 -2.365361786031128233e-01 -7.676124435051008277e-01
-2.025112053955541169e-02 -2.474406816965628586e-01 -8.220917416279878154e-01
-1.997176535824873866e-02 -2.338898325507741127e-01 -8.746252899480557730e-01
1.555167848506888717e-02 -1.586876064744831005e-01 -9.560371366311333219e-01
2.507575970946396282e-02 -5.106365025926160595e-01 -2.904570458186749304e-01
-4.846737868841155539e-02 -4.055363898036639103e-01 -2.685301669789125212e-01
-8.009250056683443475e-01 1.655882876912402324e-01 1.026328112708210227e+00
-3.066908543001600762e-01 -2.049516144308145549e-01 4.056620794511813788e-01
-3.852309675947038770e-01 -1.965727131477206235e-01 3.974654591454691577e-01
-4.583642233578606451e-01 -1.748880106497860965e-01 4.124346507892970859e-01
-5.477429621373604007e-01 -1.201593811435355263e-01 5.049536867399562201e-01
-2.374816019918895016e-01 -1.996956953390354172e-01 4.358951506631043582e-01
-4.175173225873871630e-01 -2.667046950105986802e-01 7.743706326847052956e-01
-3.278201479775102456e-01 -2.659031337812285400e-01 7.572164827387419805e-01
-4.968624168946931263e-01 -2.381636867888583531e-01 7.560438967557998602e-01
-5.471453279913145451e-01 -2.015613851668431877e-01 7.112696238946005778e-01
-6.136669545329347386e-01 -7.142137553328681276e-02 4.411451491566189542e-01
-2.665221219818432186e-01 -3.130951295467843121e-02 -1.074344161766731087e+00
-5.413482551760377959e-01 -1.163572746275483571e-01 5.852879963915114114e-01
-8.262949027472421548e-01 2.563137731682383347e-01 5.571711983166729443e-01
-6.975152196108558300e-01 -4.686583545154363734e-03 5.441249601019269022e-01
-3.588475187138504552e-01 -2.148136937698885696e-01 -5.369819477365433968e-02
-1.080742309079074093e-01 -3.069540234335919049e-01 -5.677442683021356462e-01
-9.398278501793672080e-02 -2.596121852894377469e-01 -6.465385598693320635e-01
-1.853639807445172094e-01 -2.580469866513286359e-01 -5.850933843812795576e-01
-2.397949036312035931e-01 -1.973650673004967437e-01 -5.998838021850594338e-01
-1.576713704613915690e-01 -2.285358136128987638e-01 -6.386738844236106161e-01
-2.093128637372112522e-01 -1.745983209959811600e-01 -6.316432634666575563e-01
-3.461704042025859351e-01 -6.363811420107867711e-02 -7.261759801834224426e-01
-3.890508909410497762e-02 -5.482439834441050763e-01 -2.336318456130102028e-01
-5.039905773993047511e-02 -5.852513263696619283e-01 -1.255765786798018202e-01
-6.492048395747529455e-01 -1.906582877655176311e-01 8.081153342022249220e-01
-2.015355928005233555e-01 -2.638683266652552817e-01 2.164664584450595175e-01
-2.161220848968163910e-01 -3.646412670103209575e-01 -1.611928943158317251e-01
-2.221586685415544160e-01 -3.499393069571112846e-01 -9.572934853392522925e-02
-5.841858298578674891e-01 -1.183744975376758712e-01 -9.075893465739698351e-03
-4.549552465804099222e-02 -5.605063137107864080e-01 2.193583558096376396e-02
-4.742929264389426081e-01 -3.329081017081612082e-01 9.091578382356217958e-01
-5.777303587453266331e-01 -2.693712981088181024e-01 8.793454497627339883e-01
-7.244538253282541973e-01 -4.716204194670246819e-03 1.192120294206387765e+00
-1.374443883167535407e-01 -3.904908464356737774e-01 7.780321116968682560e-01
-2.483723521752838614e-01 -2.399237593064325047e-01 6.997177755327110837e-01
-4.114267873033945477e-01 -5.251333157662030349e-02 -6.075943234021479178e-01
-7.312792810060919635e-01 5.852232495087938968e-01 -4.410667789724116439e-01
-1.584673567820583662e-01 -3.286411094198138372e-01 -2.248506915888801583e-01
-9.851836675272074295e-02 -3.299516888822953131e-01 -2.608764497445829056e-01
-3.042671868759333487e-01 -6.492146023786998787e-02 -6.258996909917295959e-01
-2.868261323610060698e-01 -8.571369280678903246e-02 -6.334839086492669580e-01
-6.158093228360170812e-01 -2.425575324840885116e-01 9.575489971552162416e-01
-2.207500777612403375e-01 -3.165619349388602011e-01 -2.021241912984492739e-01
-3.318311579214334728e-01 -3.751125124943879285e-01 8.863944640604035641e-01
-3.435786538388292399e-01 -4.012858426840915094e-01 9.737065764608572316e-01
-4.161141314650604883e-01 -3.227386018410043356e-01 1.384127737795305180e+00
-6.689385736463986376e-01 -1.411308428179138819e-01 1.060161649702884290e+00
-3.707521086809597577e-01 -3.660111009748594491e-01 1.168922280839570504e+00
-6.908678806511625581e-01 -1.330507406089829203e-01 8.708687914515014228e-01
-7.449391917917465022e-01 8.739259303462379447e-03 9.283398019777275856e-01
-1.033199764833707679e-01 -2.909722528309697243e-01 -6.137009918054689983e-01
-1.720703948872521760e-01 -2.460791979909126015e-01 -6.145286396156102171e-01
-2.255595340804991134e-01 -1.918125985672445299e-01 -6.168538530153166999e-01
-1.410390807781534139e-01 -3.095263649709625309e-01 -2.433201656775956234e-01
-2.952826027632461381e-01 -7.553040949060108034e-02 -6.297460174292042190e-01
-2.601905511283809647e-01 -1.235739882081292595e-01 -6.752480973487067217e-01
-2.766612190651782655e-01 -8.897151116897433765e-02 -6.366637067285312312e-01
-1.234863894119043737e-01 -4.398998194680223683e-01 -2.079244944433550346e-01
-1.966890852544601609e-01 -1.599002407419133354e-01 -6.429328019028852648e-01
-1.445799898368921310e-01 -1.951873243543480463e-01 -6.528912739832111178e-01
-8.403039093129488490e-02 -2.233427528232090342e-01 -6.649513285515054051e-01
-8.690180370784728048e-02 -1.519153414155272053e-01 -9.466147743988075902e-01
-1.083822584755442797e-01 -2.287227819910651050e-01 -8.591987118915049848e-01
-1.049466374006935432e-01 -2.420116275553247931e-01 -8.059796306526996190e-01
-9.607014157938364995e-02 -2.296348980299565135e-01 -7.516354882262046289e-01
-8.620797098425403426e-02 -2.254961239406170215e-01 -7.074677173388512763e-01
-1.928628720495251248e-01 -1.637972195622117155e-01 -6.744959796087548476e-01
-2.081582369010517297e-01 -1.717266497413967308e-01 -6.945094011993004912e-01
-2.235472674306568930e-01 -1.799274563554362771e-01 -7.204432438626913182e-01
-2.342118169598841337e-01 -1.634354993927376043e-01 -7.487679065424504010e-01
-3.112056753000896903e-01 -1.884755849423424001e-01 -4.571062990877070575e-01
-8.179480394348734862e-01 6.213868815552459068e-01 1.269983619441318878e-01
2.921678294560807465e-02 -4.076099163920254842e-01 -3.009162888316827544e-01
-2.306313646433836295e-01 -1.223655075161965144e-01 -6.569284299439579478e-01
-2.454402365005319275e-01 -1.268166459463729301e-01 -6.657070773900697347e-01
-7.383701925639551966e-02 -3.303606226328477113e-01 -3.049069372294069824e-01
-1.939391215837048543e-01 -2.538373067314479981e-01 -2.602113291720329347e-01
-8.577122108809787093e-02 -3.315463598848853444e-01 -2.834237121934536363e-01
-2.812418702306067608e-01 -2.288000318797416277e-01 1.612123861790549784e-01
-4.065755996325917110e-01 -1.950590090252517506e-01 9.800607764626090290e-02
-2.347334820569202396e-01 -3.008666392040666437e-01 -1.370492320056387325e-01
-6.030096135654758882e-01 -1.760652080864799629e-01 1.315282962401184363e+00
-5.498894341805131702e-01 -2.626338928538949347e-01 1.145984320444092486e+00
-4.984330694100691517e-01 -3.308572036113854864e-01 9.976600352564992669e-01
-2.720412843948580850e-01 -9.966362293006358897e-02 -8.177175206476192670e-01
-1.590555834706195437e-01 -4.368417625835876450e-01 9.252750253781840684e-01
-1.849816993187998193e-01 -4.233334021987795737e-01 1.154495333359278231e+00
-2.141298270857838748e-01 -4.065457215250614098e-01 1.406380232329475177e+00
-5.171329489657265910e-01 -1.444899700518778030e-01 4.473746687315296455e-01
-6.993489434633781698e-01 -1.729274600266672568e-02 3.751247157214394612e-01
-1.914426060870479951e-01 -1.940733914539509719e-01 4.656520133727153343e-01
-6.171822038781744624e-01 -1.327561079307336134e-01 6.674841938566711264e-01
-1.481685950489564085e-01 -3.006671398402920303e-01 2.812773796134733217e-01
-1.713242903746794443e-01 -4.448246169521654636e-01 -1.344050381684002704e-01
-7.676469134919745585e-01 7.452386500203955766e-02 3.128030151578617968e-01
-6.514055241840992494e-01 -7.637790158852436617e-02 2.823673029460613826e-01
-5.562781655203297149e-01 -1.420391106287117178e-01 2.249389510786021784e-01
-4.088178976061609404e-01 -1.800691624772996491e-01 2.288731505860657212e-01
-2.992290842458934508e-01 -2.043206463961264596e-01 2.650662957294576128e-01
-2.172208972983931119e-01 -2.314500400290797621e-01 3.088164730897267063e-01
-4.529701990136236756e-02 -3.976952141133476282e-01 4.099772415344429266e-01
-7.531719423319813700e-01 8.246955240513731411e-02 7.696501574109138044e-02
-6.787076348772096424e-01 -9.843629641690715415e-02 6.916775141392208504e-01
-1.545438695658885725e-02 -5.060818838483516213e-01 -2.838869222860068708e-01
-1.958110193931574816e-01 -2.811851378240191046e-01 9.705224742231244317e-02
-8.471934510399306006e-01 4.994213508126437162e-01 6.090035966300262338e-01
-1.533336018990876237e-01 -2.506385886325972479e-01 3.598474428011897430e-01
-2.394315804808806458e-01 -2.259637715275579772e-01 -1.307557146350000754e-01
-5.719756912441109620e-01 -1.014915842155866277e-01 5.854819270435891454e-01
-1.754323321726363183e-01 -4.259111629242462449e-01 -5.505898924118329818e-02
-7.841474043562026708e-01 6.229563101481447873e-01 -1.471182809157031701e-01
-1.871059067721845270e-01 -1.814073417174579816e-01 5.094482487137594884e-01
-1.135322459041451237e-01 -5.091265520883236917e-01 -5.331666953745817228e-03
-5.857522346422934234e-01 2.230566676625795886e-01 -7.774441249397598952e-01
-5.783459917513305015e-01 3.730340761418764473e-01 -8.787057110635396739e-01
-8.127867583487535796e-01 3.540869988828891923e-01 9.657063256688946939e-02
-6.738600379224379822e-01 2.983638243707986692e-01 -6.094396702877560301e-01
-7.887260983432016204e-01 1.516718211557441798e-01 7.619694970976986781e-01
-2.816798276128384959e-01 2.600038215183377022e-02 -1.172389186898954883e+00
-2.557499804496234791e-03 -4.019114228336420069e-01 -2.945820519529607218e-01
-2.650316469809215203e-01 -2.412272727423117047e-01 2.423013943573244788e-02
-7.631902517754909354e-01 7.300153144672066885e-02 5.398839759230136259e-01
-4.459391783562054457e-01 -1.759160695328678692e-01 4.752541436569350797e-01
-3.813836752809587338e-01 -1.943058647291686647e-01 4.593881780566908546e-01
-2.724192989975442458e-01 -1.087759494220501000e-01 -6.862639201843609982e-01
-7.347411097349763054e-01 1.362471854873829602e-01 -1.415489469951419221e-01
-1.385638274118421442e-01 6.142897009855527446e-02 -1.314337950257948862e+00
-3.675125597977606517e-01 1.999546336482711517e-01 -1.151082895677427942e+00
-4.656738483685689545e-01 2.772006955580603726e-01 -1.041403093863763729e+00
2.590805624206990454e-02 -4.428607253444267755e-01 1.134370016090386013e+00
2.280731389209073035e-02 3.800278425608477617e-02 -1.337983700543748711e+00
-3.152453524610043800e-01 -1.994569224628324200e-01 4.674790504590884410e-01
-2.503834907904123330e-01 -1.931498339517854212e-01 4.881634429650951734e-01
-2.073527343446532889e-01 -1.807176973993067648e-01 4.998935283381771288e-01
-7.316859832457032198e-01 -2.523635419727271456e-02 7.298210732986953886e-01
-2.650273812511114713e-01 -2.175752588532464671e-01 6.148371740864573276e-01
-3.365723456161333615e-01 -2.322590527864725196e-01 6.612378181695612867e-01
-4.049644136845902409e-01 -2.285768820139821855e-01 6.725591127103469624e-01
-4.693803895974424378e-01 -2.073728210723664311e-01 6.561234365382233591e-01
-5.075728904967480304e-01 -1.795910047636550821e-01 6.264932141389882858e-01
-8.376806935749216976e-01 3.465521001409463953e-01 8.443335761834820374e-01
-4.881668796672178345e-01 -1.543098780620701937e-01 5.046262854774525852e-01
2.489638856334805417e-02 -3.244858773873287028e-01 -4.042633508853648028e-01
-2.288866798871461716e-01 -2.407667935425394923e-01 -4.152286143380266026e-01
-1.578878714331235500e-01 -3.591797568107595318e-01 -2.113770016238464278e-01
-8.373635047989907987e-02 -3.155942000495257638e-01 -4.034808702255876511e-01
2.788448405576934852e-02 -3.928994538752550447e-01 5.846745709011673675e-01
-4.858552302874192819e-01 1.667154466699733995e-01 -9.327945060531108723e-01
-3.884813133794970952e-01 1.021426108688429646e-01 -1.053998934967517176e+00
-1.476535599056281178e-01 -4.245964682316466510e-02 -1.259725532713774854e+00
-6.606285000037841471e-01 4.898198949657617263e-01 -6.888463206961183971e-01
-2.120189747864880125e-01 -1.969265707344951544e-01 5.497024791599691707e-01
-9.699293149898757793e-02 -3.992807696847688881e-01 2.275757120670112155e-01
1.677106097640443383e-02 -6.339810438450665941e-02 -1.281451507825951630e+00
-2.625126885309376767e-01 1.172138490322135462e-01 -1.247601057351230835e+00
-7.854741363214277072e-01 3.741714227419568051e-01 -1.494513204819173380e-01
-1.439918598228240310e-01 -1.987951430181764678e-01 -6.904152610136029544e-01
-1.598098525574291884e-01 -2.060247916329922546e-01 -7.237760232840853014e-01
-1.727284061121880931e-01 -2.152635737371668689e-01 -7.665411989051982289e-01
-1.803211868992857791e-01 -2.005532074510840701e-01 -8.141451214701218575e-01
-1.906163302825394368e-01 -1.349939016491636945e-01 -8.942419616964580875e-01
-2.515194455797084006e-01 -1.261062991814168033e-01 -6.267263267861351572e-01
-2.670669518856737534e-01 -1.271774690008470321e-01 -6.180365588877738681e-01
-2.800594646952099254e-01 -1.284945021461934012e-01 -6.086455456202517489e-01
-3.789405997152210936e-01 -1.201472670457882086e-01 -5.204486806444845737e-01
-6.407477512440014067e-01 -6.824439082416755564e-03 -2.297125020841730425e-01
-9.538368042843159422e-02 -3.444049095040617736e-01 3.536657483083449627e-01
-1.337667712558325839e-01 -2.424465155158674889e-01 5.965728673115509029e-01
-1.811442703803116672e-01 -2.144871944502502181e-01 5.907086379414423494e-01
-2.356301591261364958e-01 -1.192685186525456187e-01 -6.347541577231656795e-01
-6.457675612908513330e-01 1.382674308453169520e-01 -4.765672983809570162e-01
-7.119401359413057850e-02 -3.398922353353888148e-01 5.823626853791683544e-01
-2.314632857519831610e-01 -7.833180339407119774e-02 -9.818932982668333587e-01
2.573667334740720181e-02 -5.321532135870077340e-01 1.637513974000317507e-01
-4.379972173974522320e-02 -4.578504279014992129e-01 2.746975567453131539e-01
2.684108789414585416e-02 -4.788424622728095770e-01 2.910467131950142949e-01
-1.515007599907032265e-01 -3.741136837598779685e-01 5.349131154766526008e-02
1.462788966160055715e-02 -1.187261993308075247e-01 -1.183753717881430134e+00
1.515021465234696330e-02 -1.368902946429268463e-01 -1.063868631331422954e+00
-1.117008986752633382e-01 -1.181319935102931318e-01 -1.050067922486242367e+00
-4.099416691527446588e-01 -1.415070265790663306e-02 -7.583090500818108204e-01
-3.073727231108094315e-01 -1.959792907349049429e-01 -2.085397951566041463e-01
-3.272862125004465383e-01 -4.134627800189752400e-02 -8.862151679090124468e-01
-4.807054882693435616e-01 -1.661819620880953252e-01 -1.697154262796125579e-01
-3.804401784221544958e-01 -1.680386164882041733e-01 -3.079802725381843853e-01
-5.448476655245144684e-01 -8.265359074820799457e-02 -3.321457419957796198e-01
-1.376018362864368516e-01 -9.540435840085853547e-02 -1.164225640764307901e+00
-1.968730241261200664e-01 -3.113081018451890891e-01 1.058008986051905964e-03
-4.663940396328909443e-01 6.685107238907844751e-02 -8.259346512330387746e-01
-3.676432630083921183e-01 2.919061685052418142e-02 -9.555416519946184906e-01
-4.749398541603890855e-01 -2.003604857042323717e-02 -6.143880015030753761e-01
-7.124933668998352232e-01 1.874374277737511640e-01 -3.264917961148889880e-01
-5.586303651588782060e-01 5.393753988805702337e-02 -6.178451425994753166e-01
-7.455039240217891106e-01 3.707013172588247141e-01 -3.825676402889968131e-01
-4.449840849544053345e-01 -1.106192309604900892e-01 -4.344666675054600358e-01
-1.449881604966556381e-01 -3.370204452336480472e-01 1.644059799389847587e-01
-1.473069896227663378e-01 -4.561038372864996138e-01 -1.896932828313654396e-01
-1.919607212697993504e-01 -3.679712581489640311e-01 -2.012632985316730183e-01
-1.153567543403689610e-01 -5.183579513744689393e-01 -1.259644727910901874e-01
-1.967772881900033966e-01 -2.785113351818164773e-01 7.140193618789258956e-01
-3.257365279533308566e-01 -2.974550632921850735e-01 8.006993885356168406e-01
-4.368631452292177642e-01 -2.916161971240858186e-01 8.192268127240263098e-01
-5.271478026281242180e-01 -2.572669927916146904e-01 7.986929081057114743e-01
-5.879590388640254517e-01 -2.049875401552907483e-01 7.501288844863807093e-01
-6.257025042050985419e-01 -6.568632678942537551e-02 5.638253170708626971e-01
-8.309981488451505527e-01 3.074054810359330148e-01 3.307600831237185179e-01
-5.744593899274370585e-01 -1.050384488985092180e-01 3.821274410822281808e-01
-4.997901114554634816e-01 -1.467905123362711617e-01 3.342527094128011633e-01
-3.986130479780465308e-01 -1.791291180194125587e-01 3.217807204988065717e-01
-3.005444409316250232e-01 -1.987303444840473610e-01 3.411210372409343439e-01
-2.227108015696264154e-01 -2.051498898721120234e-01 3.757404256230632011e-01
-1.687191713820765937e-01 -2.150402634190400342e-01 4.084610140355351415e-01
-8.358641046370793859e-01 5.838502591128102992e-01 3.753922507758553628e-01
-1.915374474673469107e-01 -3.270370906151149892e-01 -2.243660195799640489e-01
-9.783547613248211317e-02 -4.448412838964865834e-01 1.147420942933026766e-01
-9.515200810248203300e-02 -5.135426589759466420e-01 -2.095367895118035451e-01
-5.644725964877139734e-02 -4.758389328208518787e-01 -2.596891989521752375e-01
-9.537066725268195100e-02 -4.749143313673154232e-01 -2.214263455556372273e-01
-1.713505597424097582e-01 -2.972977570696724303e-01 -2.537490226103535917e-01
-4.072975052063845802e-02 -4.948472462566810837e-01 -2.739054334928736623e-01
-2.954480993372123054e-02 -4.026925312201565799e-01 -2.859503175179554102e-01
-1.620085124330510329e-01 -1.906353212202112068e-01 5.035602804422127932e-01
-1.260778286102948176e-01 -2.315715683315162643e-01 4.688743796786638551e-01
-1.053539959118631186e-01 -2.810259919042703558e-01 4.418670678914657923e-01
-5.273683246603297903e-01 -1.515069875962486989e-01 6.034730834699357782e-01
-5.758028968301429629e-01 -1.525847953282544189e-01 6.582872404781578979e-01
9.084443994246060861e-02 -5.041889248360420517e-01 1.484857176428898695e-01
5.518556296423264840e-01 -1.478625604330903176e-01 4.961967104307654086e-01
1.034522267070890900e-01 -4.099692768650393671e-01 -2.752987823709082127e-01
8.119174854082213955e-01 1.422380786859509527e-01 9.409474994102366985e-01
3.367553580241864353e-01 -2.080867278537410492e-01 3.888012495070047869e-01
4.112067782952282258e-01 -2.025167286556945889e-01 3.759296627139694369e-01
4.820402837238297877e-01 -1.836422241607245098e-01 3.804313462230390908e-01
5.758815158504395626e-01 -1.316086359514270221e-01 4.570310024074002442e-01
2.751720606903862443e-01 -2.023116856430529076e-01 4.206674911426222518e-01
4.510159367959625243e-01 -2.763141783490219439e-01 7.381319156368091328e-01
3.631083528339908995e-01 -2.735872790699431789e-01 7.248137289129525929e-01
5.303153859944149673e-01 -2.518080105617892528e-01 7.163115800710488923e-01
5.792675333811807548e-01 -2.179086337373887794e-01 6.664302942435866850e-01
6.310945306758801721e-01 -8.610704134794849862e-02 3.843704226851241135e-01
2.948164125981675987e-01 -4.408866625841967313e-02 -1.088567868196776978e+00
5.786089910930369840e-01 -1.288054035072663250e-01 5.388358512334412431e-01
8.526045563022677243e-01 2.347043779003681330e-01 4.748805172211318926e-01
7.098338553524392580e-01 -2.294232317055247550e-02 4.747927529913611444e-01
3.961170380745091535e-01 -2.247968334410401781e-01 -8.840389318571723054e-02
6.808431015168470157e-02 -3.068565688041997586e-01 -5.749177523767046161e-01
6.241963299426767087e-02 -2.584225542769589268e-01 -6.524387172627379439e-01
1.576663551034940269e-01 -2.563733331011927019e-01 -5.994708211348067639e-01
2.222453914782327455e-01 -1.953587628909224660e-01 -6.202198362715578561e-01
1.348201360874612953e-01 -2.260439558797305848e-01 -6.506659454738792370e-01
1.962170018901346902e-01 -1.733905090432543705e-01 -6.496134829803066335e-01
3.725087209494175600e-01 -7.188612067391264571e-02 -7.448320247365556313e-01
8.921539912538078987e-02 -5.520763997592754713e-01 -2.396077012585868804e-01
9.892489312916075139e-02 -5.894886539786972079e-01 -1.326322944534156778e-01
6.692471461015188083e-01 -2.083568187462709886e-01 7.556795605051442877e-01
2.464682347814657337e-01 -2.662063065783613069e-01 1.959037315208012053e-01
2.628942283643276312e-01 -3.728217222383019003e-01 -1.805226027496125152e-01
2.673392088206985040e-01 -3.580531570284635201e-01 -1.157484178521520635e-01
6.116115567211695137e-01 -1.318350616096988226e-01 -6.461682451079042711e-02
9.510596701870943637e-02 -5.613101427965112578e-01 1.601623438220685369e-02
5.112649606422152715e-01 -3.498878662153512842e-01 8.691292376342794057e-01
6.069126303496510388e-01 -2.876227900652015279e-01 8.347277337509981798e-01
7.403008855805666144e-01 -2.756707123021906458e-02 1.112042214326151690e+00
1.909238429453381514e-01 -3.947387933720842845e-01 7.563573085719106359e-01
2.886043398941517957e-01 -2.437279263517182493e-01 6.708332908554914820e-01
4.334646892308100519e-01 -6.207028847006057504e-02 -6.304845952505377937e-01
7.802888807538437277e-01 5.620000031009819708e-01 -5.015884495493083683e-01
2.091819574258477754e-01 -3.370071668119372088e-01 -2.394868367299279877e-01
1.523883016144925717e-01 -3.399961269374967010e-01 -2.717521371673589092e-01
3.197485065820796502e-01 -6.217197891717402003e-02 -6.468585340085755142e-01
2.990316571888863573e-01 -8.524882883333612105e-02 -6.524947984261708633e-01
6.419599384644536499e-01 -2.615218512902490744e-01 9.028534162771815197e-01
2.656193277574105949e-01 -3.260180066915421282e-01 -2.215383469574663255e-01
3.784190470595545364e-01 -3.896907971105401103e-01 8.522604928166432892e-01
3.902751121002170365e-01 -4.166566171041949929e-01 9.332087788567964282e-01
4.499935295549075676e-01 -3.381027886783631864e-01 1.332702115077669447e+00
6.919073508114577109e-01 -1.602342028172500932e-01 9.931011400154541313e-01
4.107339842418511466e-01 -3.789616046941288729e-01 1.126698107305109886e+00
7.094123220522225992e-01 -1.509160936830905020e-01 8.033364929255188969e-01
7.658578988075879224e-01 -1.055662042954173124e-02 8.545897585601966995e-01
6.583417013167849885e-02 -2.901963817716204375e-01 -6.202141577163311492e-01
1.461444193901734745e-01 -2.440042994331207415e-01 -6.279317217046072042e-01
2.090814210444801313e-01 -1.906119228625926532e-01 -6.359944213083521536e-01
1.927018355455695220e-01 -3.188724301525009963e-01 -2.565179985093379855e-01
3.092264501165666868e-01 -7.474583010602353639e-02 -6.498418427508592110e-01
2.597007741328788422e-01 -1.236205824250089513e-01 -6.986618751736854982e-01
2.884014724289729603e-01 -8.770158640746072987e-02 -6.542424438991529811e-01
1.719487788197826550e-01 -4.425974769009710652e-01 -2.207796079600745642e-01
1.860036878867883381e-01 -1.582893920581672775e-01 -6.589700782916521060e-01
1.274354271400093275e-01 -1.921292344199432289e-01 -6.631254538205195725e-01
6.000582286911501639e-02 -2.203670619838627998e-01 -6.697090957428424307e-01
1.132716254859187366e-01 -1.556726378543968892e-01 -9.541253445221999918e-01
7.108232121030355621e-02 -2.286111656855420726e-01 -8.670869690558635767e-01
6.652457620692997509e-02 -2.403295608492923563e-01 -8.134681308630242746e-01
6.277899454468791052e-02 -2.271397865928350690e-01 -7.591275917234079351e-01
5.607927906134010931e-02 -2.221245946908481095e-01 -7.143180498655610222e-01
1.800301976965197337e-01 -1.612302335971240730e-01 -6.930325250664473025e-01
1.936351330727790199e-01 -1.714073178019930310e-01 -7.143592856774612088e-01
2.065640995208248842e-01 -1.803791244234331792e-01 -7.415284811647779861e-01
2.199259959545465382e-01 -1.640260237567332524e-01 -7.705125707212125974e-01
3.385978211584808051e-01 -1.968672482324994588e-01 -4.797551057850497624e-01
8.605835949125344442e-01 5.964769633414350736e-01 4.686453161567571968e-02
2.297520689731080701e-01 -1.190299810737169839e-01 -6.779155900916458144e-01
2.437645211854445604e-01 -1.259621285227209841e-01 -6.884871279211899342e-01
1.280218151219321698e-01 -3.358372508609217544e-01 -3.134432354511985652e-01
2.423134929244320501e-01 -2.656748184349736475e-01 -2.776757998488142976e-01
1.399209156948295063e-01 -3.397597012618167600e-01 -2.935742170428065068e-01
3.226073901519104226e-01 -2.326156102022407524e-01 1.333063604181066175e-01
4.426975116823275158e-01 -2.036223266274754806e-01 5.788087351422541160e-02
2.802090776473560307e-01 -3.098668251351912595e-01 -1.581997556784759951e-01
6.268545032378511905e-01 -1.979269833686814195e-01 1.245005045781766739e+00
5.801638046116499581e-01 -2.809144709679705088e-01 1.087694508501989343e+00
5.353841529403506883e-01 -3.485756053335324900e-01 9.501203636824655518e-01
2.939883253822506148e-01 -1.055166806432850102e-01 -8.352335239287813629e-01
2.152347590997463200e-01 -4.435699164244923942e-01 8.921522273655320134e-01
2.308259835566155438e-01 -4.309085103938685712e-01 1.131258154473192334e+00
2.560023388943848399e-01 -4.170234698678592089e-01 1.377564489509335743e+00
5.417989466293864353e-01 -1.553744746308667324e-01 4.056926659859887430e-01
7.076777359203489937e-01 -3.665861504485887212e-02 3.084415314128361452e-01
2.347806030722903170e-01 -1.936350112208136132e-01 4.514700403920237637e-01
6.426207846066720464e-01 -1.489800109943201778e-01 6.140255190072920755e-01
1.958339679396039479e-01 -3.015241735560527658e-01 2.656497407565332480e-01
2.181865001374205804e-01 -4.515293362774048802e-01 -1.517254577584190578e-01
7.954060512371388114e-01 5.431729654966518939e-02 2.376983802612238073e-01
6.593050798287913850e-01 -9.268592130362485193e-02 2.227051512882660678e-01
5.665515548071642371e-01 -1.553321773099654024e-01 1.756956541331555766e-01
4.273181338071641022e-01 -1.878456419175988934e-01 1.955766855382813363e-01
3.247159205982717012e-01 -2.089489452411696924e-01 2.436437969359204203e-01
2.484901547137090549e-01 -2.347266964867160688e-01 2.940448223426852525e-01
9.921955246553337826e-02 -3.981895348032344906e-01 4.030486136699928945e-01
7.837786437133829054e-01 6.450751378496696886e-02 5.435068919721994241e-03
6.946063158598816401e-01 -1.157627549646084719e-01 6.279992079994605181e-01
6.424322752477348852e-02 -5.069876535616759661e-01 -2.871536146849902327e-01
2.422479520928106922e-01 -2.839344276848856374e-01 7.773029992804952881e-02
8.745667652230348921e-01 4.772696125358522057e-01 5.220922094870112939e-01
1.921345902569937536e-01 -2.519067883052388268e-01 3.508838964832434737e-01
2.891105938281908205e-01 -2.351040245868758483e-01 -1.526877848049341679e-01
6.053303145730222212e-01 -1.143005362408828773e-01 5.340738032253633527e-01
2.205996612885712249e-01 -4.326929533678258721e-01 -7.213486766054916233e-02
8.324272583258167657e-01 5.969625725831022578e-01 -2.181018335001780883e-01
2.348038935970759855e-01 -1.790815650314034890e-01 4.941309201005343876e-01
1.591945526683553602e-01 -5.127866562585055021e-01 -1.727596024110665540e-02
6.175488301550879910e-01 2.011417237480621623e-01 -8.162415188949267986e-01
6.182383769805106510e-01 3.496565088694509882e-01 -9.131599207450058486e-01
8.558494627709380964e-01 3.323084530504665235e-01 1.993199652404811784e-02
7.097125430363222520e-01 2.758321688793463622e-01 -6.605070436967874770e-01
8.129440683847866111e-01 1.315208648510083900e-01 6.828303124696453175e-01
3.126967858863896055e-01 1.289665221268296996e-02 -1.183315005144018883e+00
6.151687768525665456e-02 -4.039456808248877984e-01 -2.975318453314675926e-01
3.075770461690527924e-01 -2.476795400577800343e-01 -1.720119378099044249e-03
7.676950064457823686e-01 5.412894349016950102e-02 4.581948167272693606e-01
4.791839366439329950e-01 -1.848603870026828133e-01 4.454985859585494090e-01
4.151930218078492274e-01 -2.005357381309957887e-01 4.369304563332594427e-01
2.762387276572343398e-01 -1.082434563595120469e-01 -7.098703863292401550e-01
7.679442546584809293e-01 1.177675932984184048e-01 -2.074267456568006374e-01
1.807615426221644839e-01 5.458624553508764632e-02 -1.317276372139254192e+00
4.083618784902647292e-01 1.837670282556733703e-01 -1.163365816784212470e+00
5.065192372348059635e-01 2.578390685565201679e-01 -1.061866429722667426e+00
3.517417127933066823e-01 -2.036657398776942074e-01 4.480592090302428776e-01
2.922473271485135360e-01 -1.939490913270809358e-01 4.702332528046495597e-01
2.539373656891219522e-01 -1.790189289987496046e-01 4.827284187253708669e-01
7.419423816087373780e-01 -4.247763781002103500e-02 6.526306688627836472e-01
3.037968896029510368e-01 -2.189420202830181239e-01 5.828420418089776955e-01
3.690564000865954597e-01 -2.375882992337206012e-01 6.227440505263706072e-01
4.364986323173480898e-01 -2.369581591465905746e-01 6.315861884797335790e-01
5.017167814208089993e-01 -2.186965518309107459e-01 6.127156871662473581e-01
5.404899255423600835e-01 -1.920117300389203585e-01 5.811284807903593919e-01
8.563112415220208717e-01 3.232002006034875308e-01 7.572699974839944836e-01
5.225562214573953312e-01 -1.647576403041779436e-01 4.682297406173616672e-01
2.678584148262971310e-01 -2.468523742691223211e-01 -4.329187542930488242e-01
2.083143774344899946e-01 -3.674316746339114648e-01 -2.266516237393282340e-01
1.295473670838622193e-01 -3.186195505481832502e-01 -4.120461213150483637e-01
5.173486995283083090e-01 1.460635736999537082e-01 -9.604478886434115736e-01
4.193392477199022750e-01 8.369680722296846120e-02 -1.072401481091259434e+00
1.784357299383900752e-01 -5.000522468518919794e-02 -1.265171463821754827e+00
7.063475481740120188e-01 4.668204823803876469e-01 -7.366442371914967424e-01
2.565194461409785465e-01 -1.947257421342691863e-01 5.285804688151951591e-01
1.472935264755177442e-01 -4.010413821681417801e-01 2.163807465132729924e-01
3.030481730264176221e-01 1.054785836803258658e-01 -1.253319079173571993e+00
8.291153960981025861e-01 3.519917875928968432e-01 -2.198828206930234508e-01
1.224735377504430067e-01 -1.947563302899930626e-01 -7.028811135496559892e-01
1.350493137761872298e-01 -2.036484403821345879e-01 -7.375087283397845361e-01
1.439540292276255684e-01 -2.134451289367436111e-01 -7.810663911895936451e-01
1.530885306034164284e-01 -1.993160206331383577e-01 -8.283511034473018952e-01
2.112552621744034909e-01 -1.376496295770217593e-01 -9.066660898000962199e-01
2.486759512240610537e-01 -1.260331503656607621e-01 -6.464528050746487509e-01
2.639878149155909792e-01 -1.259408934997230944e-01 -6.385806600446874981e-01
2.770437444497764190e-01 -1.272345003723480694e-01 -6.299196180105135490e-01
3.981879012760112246e-01 -1.296546365032015813e-01 -5.446910168309551104e-01
6.661168854453212163e-01 -2.372518963126019065e-02 -2.858381772639027041e-01
1.469353491623532904e-01 -3.452303732194561547e-01 3.419219377279583139e-01
1.843828592491367768e-01 -2.447035365568823728e-01 5.778243616373253122e-01
2.261384504634504911e-01 -2.129266932918905120e-01 5.698368882065498742e-01
2.341675023095630692e-01 -1.166031469475681259e-01 -6.531385685037678357e-01
6.753389026646470228e-01 1.193462757607801072e-01 -5.262971821929882665e-01
1.192159349011163716e-01 -3.402082233208116868e-01 5.708294974406926681e-01
2.552644872388620811e-01 -8.764525366768682879e-02 -9.958406818900091828e-01
9.569092096791487201e-02 -4.596593853227193271e-01 2.683624620081714873e-01
1.986169156685919646e-01 -3.790426355616598464e-01 3.742369543024319511e-02
1.391988462895342726e-01 -1.249980311564280466e-01 -1.057346294263148412e+00
4.385092635504754810e-01 -2.700418307790147798e-02 -7.844293512257878298e-01
3.480608739364532411e-01 -2.072795509800640090e-01 -2.369121900582578100e-01
3.495762415701628711e-01 -5.435947655881345764e-02 -9.083626663837716109e-01
5.082026709007338994e-01 -1.810620349548806018e-01 -2.142250409890054108e-01
4.104219300202505138e-01 -1.789104089138633391e-01 -3.410576620977143758e-01
5.673494550204836173e-01 -9.640151063196000791e-02 -3.754049868811892843e-01
1.655747465712396060e-01 -1.022610413901001714e-01 -1.171765805225601031e+00
2.427237879535206755e-01 -3.175453547795989984e-01 -1.768429103737749475e-02
4.949191902860583525e-01 4.864317268471685107e-02 -8.558614785682325810e-01
3.957077749489936735e-01 1.206427663449071569e-02 -9.776154490118966756e-01
5.009573723665718958e-01 -3.042243397425017926e-02 -6.437162339803372824e-01
7.460515449182478775e-01 1.668663397541885196e-01 -3.867889562756485766e-01
5.845462680691726476e-01 3.821760409772750888e-02 -6.534873501832043630e-01
7.880000243324953857e-01 3.502312858240166360e-01 -4.452617372651057615e-01
4.671764349871394550e-01 -1.209259675070450957e-01 -4.664231702098526888e-01
1.934142732022885447e-01 -3.384720892869816922e-01 1.488984501809202943e-01
1.938741440742157707e-01 -4.611076157183191526e-01 -2.044549971005895639e-01
2.391367951524883129e-01 -3.773651612518913456e-01 -2.189970716457958488e-01
1.637324432398294949e-01 -5.239963462403558481e-01 -1.387187975960806341e-01
2.452261154569033152e-01 -2.825831092769579556e-01 6.895245840125183712e-01
3.687744659442131478e-01 -3.084473990411824573e-01 7.695239575627401685e-01
4.762479626075819539e-01 -3.060072935966746677e-01 7.824702496380546712e-01
5.617854566902824587e-01 -2.734298970384703154e-01 7.567863109153369905e-01
6.173766635611608322e-01 -2.220322805469292504e-01 7.024731625492131037e-01
6.484205212532225815e-01 -8.105782982319054142e-02 5.034529931882019138e-01
8.647963360788670784e-01 2.877340230197420468e-01 2.496599906166800942e-01
5.930984333364364147e-01 -1.179052039223940085e-01 3.315998139653459909e-01
5.185670261317412155e-01 -1.578536376014834097e-01 2.935198215071934680e-01
4.211866421738674759e-01 -1.865243456080811768e-01 2.947527174242325909e-01
3.286027384084846403e-01 -2.028018305974295110e-01 3.232371507694993262e-01
2.579721341281897562e-01 -2.086102786921997243e-01 3.615948953817211819e-01
2.093062226113362456e-01 -2.165640829008053103e-01 3.975623604196536487e-01
8.703701510352246373e-01 5.625830221727419200e-01 2.907203578662556076e-01
2.382719677970605021e-01 -3.368668717516283273e-01 -2.412821537908714786e-01
1.483293428672414205e-01 -4.462679095344785907e-01 1.036999090008184909e-01
1.427484453594903835e-01 -5.186796842253398321e-01 -2.200875268896292924e-01
1.038023411931727757e-01 -4.809111293896064510e-01 -2.667143245596169665e-01
1.426741550650136858e-01 -4.796500352045434123e-01 -2.322594345396533644e-01
2.190926718923699168e-01 -3.079610888300883254e-01 -2.686980204555410312e-01
8.848959509757392539e-02 -4.988207873125387604e-01 -2.794808186822463902e-01
8.589497059826617376e-02 -4.067124325770983262e-01 -2.906936843140267568e-01
2.091009276146551521e-01 -1.901877615684952616e-01 4.894416986362519761e-01
1.712739655622368407e-01 -2.323290683517091892e-01 4.585226762333556305e-01
1.483183275649471167e-01 -2.826563646369870675e-01 4.342256473499110925e-01
5.618897060871592686e-01 -1.644144020447786403e-01 5.576016836585024894e-01
6.072070916985641276e-01 -1.690020594640366802e-01 6.094897271651289472e-01
-3.897639444774094741e-01 -1.851661516356495341e-01 5.796063229139747364e-01
-3.127055693300491157e-01 -1.923469768044983041e-01 5.775808455529134466e-01
-3.888092129497966454e-01 -1.951267207364137946e-01 6.859402565573682331e-01
-4.678629417121022982e-01 -1.779225464432672155e-01 5.826373212220505859e-01
-3.914122800723642825e-01 -1.752086063433582197e-01 4.747042776892287375e-01
4.221418776695591291e-01 -1.928167830471223532e-01 5.437161481121393081e-01
4.975782675529432098e-01 -1.996520301047772783e-01 5.395519378219941764e-01
4.210536665964976777e-01 -2.029470813972906740e-01 6.496207610650599484e-01
3.461061257495732235e-01 -1.860115940855973093e-01 5.488439200855583788e-01
4.235146147208368461e-01 -1.827060674565883502e-01 4.377226496112973653e-01
