-1.906787671558592134e-02 -2.469097589381673563e-01 -4.878675603217349499e-01
2.113975169070325677e-02 -4.468162734836176320e-01 -1.940191230428135460e-01
2.233947394182830837e-02 -2.831692270316060744e-01 -2.564506522949713263e-01
-3.148603545365050160e-02 -4.051727262603611601e-01 1.237571374034803773e-01
2.094906077317941484e-02 -4.788420579996930382e-01 -1.049305392497487388e-01
1.996918445838837680e-02 -4.701371619434369098e-01 2.160555181283661808e-02
2.207469824409791226e-02 -3.455964370734000424e-01 3.438003316613786886e-01
-4.144717580332741846e-01 -1.093116799140538276e-01 4.316820701913197666e-01
2.251336358308167473e-02 -3.307706743435381291e-01 5.886684079421735660e-01
2.158672451059651803e-02 -3.569481373713121464e-01 7.067957792264789596e-01
2.027161541974363546e-02 -3.459752827694616562e-01 1.122268929209489396e+00
-1.817827855028054246e-02 -2.338779161408983676e-01 -5.153942092515613194e-01
-1.625552824801842350e-02 -2.102729744945414092e-01 -5.389877374202960425e-01
-1.286371102940907923e-02 -1.789249381840739561e-01 -5.520039787702242240e-01
-1.344775898177541507e-02 -1.871328312628408597e-01 -5.618770708520652857e-01
-1.416920016384286274e-02 -1.903608007137788105e-01 -6.001721504163837206e-01
-1.597266479589704025e-02 -1.990926825371351905e-01 -6.453761740985048956e-01
-1.574894383334762837e-02 -1.881745636749105888e-01 -6.897766113989933778e-01
1.269946349549050391e-02 -1.277065153582350732e-01 -7.597132508354726976e-01
2.013283948402866397e-02 -4.102238891692238099e-01 -2.335426867001885176e-01
-3.895156232499860649e-02 -3.262271934224861836e-01 -2.162516738828109686e-01
-6.430471006539335566e-01 1.329476137572289662e-01 8.240188688401728356e-01
-2.462361185617190085e-01 -1.645516627666044895e-01 3.253968927687318491e-01
-3.092944470964151815e-01 -1.578244059839760682e-01 3.187985501466495952e-01
-3.680117149392854170e-01 -1.404141803434320046e-01 3.308499259861132913e-01
-4.397721649508341546e-01 -9.647362875909193392e-02 4.053128779094035128e-01
-1.906693567297267355e-01 -1.603317876106029605e-01 3.497237545244269441e-01
-3.352165332115861762e-01 -2.141320094185886758e-01 6.220587596567572763e-01
-2.632004172687465449e-01 -2.134884515063057986e-01 6.082801659315064668e-01
-3.989211653361000032e-01 -1.912169893395051501e-01 6.073213375547090731e-01
-4.392923361252303316e-01 -1.618297136661019930e-01 5.713286426466439583e-01
-4.927012555317071829e-01 -5.734283194129277672e-02 3.540799976919846159e-01
-2.134563275617648581e-01 -2.510223547271250855e-02 -8.598259949905171506e-01
-4.346379791757519762e-01 -9.342099200733297582e-02 4.699892746720983894e-01
-6.634160973078218060e-01 2.057893404838415652e-01 4.473419099848527924e-01
-5.600213958340150011e-01 -3.762767016918595192e-03 4.368634711646594004e-01
-2.881116894249566851e-01 -1.724697343469999700e-01 -4.311323559030866281e-02
-8.813560344518259204e-02 -2.429474256913926045e-01 -4.645088210329425538e-01
-7.690143101869539866e-02 -2.030153267102575709e-01 -5.294296745734268228e-01
-1.505823138847938725e-01 -2.053215990068550934e-01 -4.775006348669287304e-01
-1.954823663041563853e-01 -1.568545160327823318e-01 -4.857208296828203764e-01
-1.283635514973616720e-01 -1.800894739503805519e-01 -5.208037980325526117e-01
-1.707415294550686524e-01 -1.382155652769028187e-01 -5.100371090166029298e-01
-2.785508710946051902e-01 -5.062009829172875452e-02 -5.778113159224385065e-01
-3.123613921088554124e-02 -4.402012561504722310e-01 -1.875978535367907041e-01
-4.046442266877198213e-02 -4.698869006616092081e-01 -1.008229918186655805e-01
-5.212339318469438876e-01 -1.530758289422516905e-01 6.488414377069848804e-01
-1.618090054771160191e-01 -2.118547444712448602e-01 1.737967046248687364e-01
-1.735202161208711513e-01 -2.927757156179874309e-01 -1.294198018466922173e-01
-1.783668716543246324e-01 -2.809594595636824010e-01 -7.685923099736668984e-02
-4.690314342473791420e-01 -9.504057986761418886e-02 -7.286858531787607229e-03
-3.652747167203050649e-02 -4.500196115479966341e-01 1.761185637431174345e-02
-3.808005606626372330e-01 -2.672854363049873561e-01 7.299451356576884820e-01
-4.638484621177842993e-01 -2.162729731527324173e-01 7.060094059893298191e-01
-5.816498781259085149e-01 -3.786548495850462076e-03 9.571301803347032067e-01
-1.103514246436705926e-01 -3.135175014579832942e-01 6.246668415912872696e-01
-1.994133281125830548e-01 -1.926301173119827626e-01 5.620471223664249560e-01
-3.327833579986896329e-01 -4.082606553712048170e-02 -4.856267153364519640e-01
-5.871299036628974122e-01 4.698643559802008207e-01 -3.541239334590408072e-01
-1.272559197262986830e-01 -2.642662540320067643e-01 -1.807068588783026231e-01
-7.928092476341985773e-02 -2.656311737822986130e-01 -2.098947388442209405e-01
-2.473613202228160390e-01 -5.069649139606749455e-02 -4.972130534006216074e-01
-2.330988957478441481e-01 -6.756074405352971435e-02 -5.022458844322070792e-01
-4.944213213507040461e-01 -1.947447225417926475e-01 7.687974554383179004e-01
-1.772359415286844930e-01 -2.542930378927690249e-01 -1.623162325304974285e-01
-2.664207790964829847e-01 -3.011705364065178081e-01 7.116688655189382651e-01
-2.758526149564728414e-01 -3.221845938698658651e-01 7.817700567959093849e-01
-3.340899383662641053e-01 -2.591205427651498416e-01 1.111289224864736358e+00
-5.370777629048322233e-01 -1.133112072224223277e-01 8.511831572758143949e-01
-2.976696530403335483e-01 -2.938631902154630327e-01 9.385049514797261239e-01
-5.546843767437847905e-01 -1.068238504016614243e-01 6.992036051185270829e-01
-5.980971802040719876e-01 7.016580211096155872e-03 7.453459564232989276e-01
-8.440728910169181809e-02 -2.290667889705524374e-01 -5.027872513606039817e-01
-1.399551066187902371e-01 -1.949058091750409671e-01 -5.016304668284541357e-01
-1.839273114072570436e-01 -1.521619216131554486e-01 -4.991114263062867984e-01
-1.133562342458108163e-01 -2.490480653147693069e-01 -1.955707863249400713e-01
-2.400463135705155349e-01 -5.928159905600219326e-02 -4.997664937422361398e-01
-2.098303485300826443e-01 -9.867951727224250069e-02 -5.326437931202085974e-01
-2.247381521205021881e-01 -7.029991680744321347e-02 -5.044394234321747383e-01
-9.914481895253704491e-02 -3.534050660123857490e-01 -1.670844177346927362e-01
-1.604397655371522791e-01 -1.265145354880768958e-01 -5.183555693270891496e-01
-1.177860916533434166e-01 -1.532004524520819144e-01 -5.309761443670628633e-01
-6.877531555467206181e-02 -1.737850236986154817e-01 -5.435079992960034634e-01
-6.927681830336809843e-02 -1.221821040492502286e-01 -7.524903329924146345e-01
-8.650435623494978632e-02 -1.839239042360325538e-01 -6.776076683013312341e-01
-8.376344918478195734e-02 -1.946231075571478453e-01 -6.329114576726913022e-01
-7.664195835875414753e-02 -1.847006028002637912e-01 -5.883324886604590631e-01
-6.878567655082457044e-02 -1.813669303496191487e-01 -5.527559664014360941e-01
-1.547028722543976054e-01 -1.313918333964356755e-01 -5.292285956547748693e-01
-1.668131183241430282e-01 -1.378001000453267233e-01 -5.453774071246639821e-01
-1.789615328139500527e-01 -1.444433255809052241e-01 -5.667038657056955309e-01
-1.873322902035951532e-01 -1.312324973634027003e-01 -5.899972962336070825e-01
-2.516758782979193754e-01 -1.508256637487916940e-01 -3.690638967821224803e-01
-6.567145631884139245e-01 4.988994347043185229e-01 1.019645150910934162e-01
2.336381148162088028e-02 -3.279008354793943036e-01 -2.424977771595425713e-01
-1.861223086487006073e-01 -9.773484724884048958e-02 -5.174797733809106681e-01
-1.979981695703098010e-01 -1.012982751410108351e-01 -5.246257618628751285e-01
-5.965187174767036526e-02 -2.659682007224858369e-01 -2.456577102034316340e-01
-1.559291026058685081e-01 -2.041542426124173248e-01 -2.089937199972320414e-01
-6.913814883701996372e-02 -2.669422517459036914e-01 -2.281892025932089618e-01
-2.258036245021054489e-01 -1.836990930343361805e-01 1.294342887484090654e-01
-3.264316367825272902e-01 -1.566090824014775285e-01 7.868717365348870674e-02
-1.884629447137145530e-01 -2.415599696031751620e-01 -1.100341619104657498e-01
-4.841446838660665719e-01 -1.413593292565085147e-01 1.056015094454213710e+00
-4.414955255828727498e-01 -2.108636415867968239e-01 9.200885048298494961e-01
-4.001822116750197722e-01 -2.656388101345785735e-01 8.010018227167619020e-01
-2.174429754325596376e-01 -8.001383809292106353e-02 -6.489124121179157267e-01
-1.277026326681513502e-01 -3.507317500213649186e-01 7.428853115660096762e-01
-1.485182065476038371e-01 -3.398861503477841328e-01 9.269218314709266604e-01
-1.719206710947165928e-01 -3.264076482314339778e-01 1.129155319681659719e+00
-4.151959810613419233e-01 -1.160081851082927495e-01 3.589743980643508303e-01
-5.614936570300310681e-01 -1.388401039824510574e-02 3.011803341400366429e-01
-1.537055428593855355e-01 -1.558177492340860892e-01 3.736692013231378562e-01
-4.955235808225073590e-01 -1.065872961370446237e-01 5.360763906728884809e-01
-1.189616815305832853e-01 -2.413997954463569240e-01 2.258314511036698669e-01
-1.375529386863099668e-01 -3.571410284435974081e-01 -1.079111889777647770e-01
-6.163287680536773117e-01 5.983376209692842229e-02 2.511434535686910552e-01
-5.230008186933758907e-01 -6.132233025459180031e-02 2.267072125278660755e-01
-4.466249136477362658e-01 -1.140404371933188277e-01 1.805991087138525408e-01
-3.282319341892772080e-01 -1.445740263179626783e-01 1.837376559390345721e-01
-2.402452097529917396e-01 -1.640450708105037902e-01 2.127320050558070275e-01
-1.744024312146637001e-01 -1.858267330069690582e-01 2.478222663576649110e-01
-3.636809577636820889e-02 -3.193017480658254525e-01 3.291627465516808737e-01
-6.047070953994246878e-01 6.621319872776099125e-02 6.179371220310397872e-02
-5.449211520562817768e-01 -7.903258619501499216e-02 5.554229619061838985e-01
-1.240802660980440744e-02 -4.065612653672849852e-01 -2.282381261012456086e-01
-1.572128568913749302e-01 -2.257580751568969424e-01 7.792135961248186637e-02
-6.801951350359238813e-01 4.009756835807014586e-01 4.889571315903016302e-01
-1.231085650169629342e-01 -2.012328452620764097e-01 2.887672833749369561e-01
-1.922349565109908176e-01 -1.814219147925987263e-01 -1.049812192885441753e-01
-4.592281515697371752e-01 -8.148561846926491437e-02 4.701422606409401128e-01
-1.408512055013620978e-01 -3.419557842697612537e-01 -4.420579156560530687e-02
-6.295766910608437961e-01 5.001594983796995297e-01 -1.181184041735755808e-01
-1.502236913737975965e-01 -1.456484243882552043e-01 4.089229079469485217e-01
-9.115283084271849634e-02 -4.087678008169226551e-01 -4.280692219335441306e-03
-4.702890701657820305e-01 1.790878576730882132e-01 -6.241947584665183957e-01
-4.643427418777816840e-01 2.995018003064868761e-01 -7.054957153646965740e-01
-6.525706710454537429e-01 2.842895630109579796e-01 7.753468273373337327e-02
-5.410291107979325886e-01 2.395505105957672631e-01 -4.893072512762977055e-01
-6.332528353593531723e-01 1.217743535972085622e-01 6.117704809160473545e-01
-2.260052746827552750e-01 2.088558845461956776e-02 -9.409661657001091584e-01
-2.158407572964361060e-03 -3.233473496028840266e-01 -2.373676032914584511e-01
-2.127887517139039342e-01 -1.936766828826332887e-01 1.945390756720179887e-02
-6.127506010903562839e-01 5.861150837357234633e-02 4.334623378590981568e-01
-3.580358881049843234e-01 -1.412395888141234623e-01 3.813897302623612262e-01
-3.062055309679225790e-01 -1.560043975027133323e-01 3.686144111828729697e-01
-2.196465358468314699e-01 -8.678176983369792485e-02 -5.422370673339331759e-01
-5.899093385804174972e-01 1.093902132110770309e-01 -1.136468955088561772e-01
-1.112502005082781631e-01 4.932012552253363380e-02 -1.055256362594814146e+00
-2.950686610882700123e-01 1.605396853869011098e-01 -9.241820438275052396e-01
-3.738804706114611243e-01 2.225590416845709685e-01 -8.361222778433692326e-01
2.080107417315534696e-02 -3.555642580900471028e-01 9.107636058843719962e-01
1.831154848233849941e-02 3.051169534716038911e-02 -1.074241075341274332e+00
-2.531043586602910178e-01 -1.601400815149379708e-01 3.751292027112654859e-01
-2.010280321689164595e-01 -1.550762428884836508e-01 3.917843270591523375e-01
-1.664794752184431958e-01 -1.450947223860314939e-01 4.012294268947944609e-01
-5.874564369764543326e-01 -2.026177825209382610e-02 5.859597986315168150e-01
-2.127853268424526600e-01 -1.746869412110041431e-01 4.937823424623919433e-01
-2.702273864306974360e-01 -1.864762736060908699e-01 5.311442616811572481e-01
-3.251380469393532202e-01 -1.835199303497248025e-01 5.402601975276890567e-01
-3.768563804329960742e-01 -1.664956024612264107e-01 5.270261529364521635e-01
-4.075203961600704083e-01 -1.441901227948633180e-01 5.031678208595651292e-01
-6.725575271902386465e-01 2.782399394439124540e-01 6.778989971682620741e-01
-3.919396877156200443e-01 -1.238923981494041149e-01 4.050402506324470853e-01
1.910800679037368000e-02 -2.595386979264777683e-01 -3.273367191353254713e-01
-1.846893300950206984e-01 -1.933447889636271677e-01 -3.355097335765051536e-01
-1.267650993975002471e-01 -2.887218099915812575e-01 -1.698843691895505215e-01
-6.812441223964110781e-02 -2.527204498902507757e-01 -3.265112254992562635e-01
2.238790960251076795e-02 -3.154513254985297221e-01 4.694238349199019167e-01
-3.900156347273806556e-01 1.338573034681819207e-01 -7.488816286620025853e-01
-3.116879871228119825e-01 8.202328274200024194e-02 -8.459091700451368823e-01
-1.185424809446242733e-01 -3.408963071338630413e-02 -1.011352272893611293e+00
-5.304057664953247819e-01 3.932668615303247517e-01 -5.530613055964375135e-01
-1.702259088618428562e-01 -1.581085113541534914e-01 4.413357236817354590e-01
-7.787373717006509932e-02 -3.205747597784230907e-01 1.827161127987717570e-01
1.346515848480450001e-02 -5.090110425181815224e-02 -1.028764860471975684e+00
-2.107663289945905793e-01 9.410871950652838214e-02 -1.001674610012990296e+00
-6.306418983368620168e-01 3.004149560745704717e-01 -1.199915556601320321e-01
-1.150593675406553773e-01 -1.597976197818699040e-01 -5.406971637219930571e-01
-1.276643003842630186e-01 -1.656110560903532036e-01 -5.675719368522131880e-01
-1.379846898920918941e-01 -1.730275311110268666e-01 -6.019287505946120387e-01
-1.440196880595005502e-01 -1.611997383874606005e-01 -6.412024637852336006e-01
-1.522055526207903853e-01 -1.084889770151545307e-01 -7.096018530496230881e-01
-2.053568613603563575e-01 -9.945593854639966924e-02 -5.003399929906215959e-01
-2.180946920617943818e-01 -1.001843140917156871e-01 -4.935469024941050442e-01
-2.287169746809262771e-01 -1.011565565037568226e-01 -4.862616212214652123e-01
-3.071462818935584149e-01 -9.504141234753693546e-02 -4.180565020286923783e-01
-5.144439002053098342e-01 -5.479208753257053255e-03 -1.844316976043521850e-01
-7.658170080233833721e-02 -2.765159995507436852e-01 2.839448766219493381e-01
-1.073987374737060962e-01 -1.946555891784531589e-01 4.790446877542100523e-01
-1.454372095311589064e-01 -1.722075943971007606e-01 4.743456521154620908e-01
-1.923024128477294203e-01 -9.414449009199146734e-02 -5.065927102659497638e-01
-5.184742080039366208e-01 1.110122300520907934e-01 -3.826266096344764778e-01
-5.716028804397191299e-02 -2.728928612795898934e-01 4.675768507416747655e-01
-1.850892419419841728e-01 -6.289005875086184361e-02 -7.833988607566177986e-01
2.066347418222665155e-02 -4.272554592239818927e-01 1.314728079730052013e-01
-3.516594422056940061e-02 -3.675991985660868044e-01 2.205493225603439855e-01
2.155018712934919645e-02 -3.844532944474290392e-01 2.336757421111294031e-01
-1.216370119167321517e-01 -3.003685962532814946e-01 4.294713278468616224e-02
1.174411518209358962e-02 -9.533101480754502255e-02 -9.484262507750282900e-01
1.224732163290346079e-02 -1.100208427256729460e-01 -8.495165891276479364e-01
-8.933100182079803386e-02 -9.490771927865709889e-02 -8.386389021853108972e-01
-3.290652335102144388e-01 -1.117532057125789069e-02 -6.064552619976628645e-01
-2.467835777602847003e-01 -1.573479586770203387e-01 -1.674325432435673777e-01
-2.618884768877622893e-01 -3.314281034440662299e-02 -7.072682067240436687e-01
-3.859490817646378247e-01 -1.334242633772662057e-01 -1.362612130136726662e-01
-3.055725257275869744e-01 -1.349149350636996703e-01 -2.472856792157310801e-01
-4.374475876442858180e-01 -6.636095953193515973e-02 -2.666733525278136563e-01
-1.103074338148679612e-01 -7.659318590258837323e-02 -9.328710561461053263e-01
-1.580655198243326454e-01 -2.499432167616993938e-01 8.494548255223444144e-04
-3.741683433378191204e-01 5.369353798338075134e-02 -6.617070141786580706e-01
-2.945693955345547455e-01 2.347843190880431752e-02 -7.645121328998267796e-01
-3.822281667277003248e-01 -1.547041692289943815e-02 -4.924057199597500212e-01
-5.720470588101740361e-01 1.504898631343926096e-01 -2.621339094086329036e-01
-4.485139240240225700e-01 4.330705785075185388e-02 -4.959880369754232632e-01
-5.985505927216043798e-01 2.976288712797204861e-01 -3.071561134323310682e-01
-3.578229120239695416e-01 -8.834534759042639296e-02 -3.487963493787235025e-01
-1.164081725213721441e-01 -2.705871568933595483e-01 1.319983595550302535e-01
-1.182699153011634863e-01 -3.662708861853326558e-01 -1.523363037220556437e-01
-1.541215274568386029e-01 -2.955936328266237645e-01 -1.616589373298693566e-01
-9.261769316032505972e-02 -4.161795116561677332e-01 -1.011344232939040133e-01
-1.579886553042932906e-01 -2.236113310489957762e-01 5.734589037554840285e-01
-2.615275192996102671e-01 -2.388208816944819013e-01 6.430849609399476030e-01
-3.507489177314244699e-01 -2.341329696753416956e-01 6.579441219022816867e-01
-4.232367121728699555e-01 -2.065546619693245933e-01 6.414477975772481244e-01
-4.720608703299078446e-01 -1.645805068316540387e-01 6.024532594873057700e-01
-5.023643641457316011e-01 -5.273827291173463494e-02 4.527002731975273697e-01
-6.671922420723346292e-01 2.468098784608809826e-01 2.655608316688364834e-01
-4.612222649085735426e-01 -8.433332652038877386e-02 3.066545657436329231e-01
-4.012717543245567509e-01 -1.178552457387402330e-01 2.681648987053536493e-01
-3.200386590142907384e-01 -1.438192829164557374e-01 2.580946941688959662e-01
-2.413012840384732294e-01 -1.595567261953386717e-01 2.736067177719607724e-01
-1.788101685177815314e-01 -1.647108542598839653e-01 3.014195303274949111e-01
-1.354613393440546321e-01 -1.726516427091461248e-01 3.277167765774977592e-01
-6.710990232837652503e-01 4.687620110265455775e-01 3.013951328288625442e-01
-1.537918214057484301e-01 -2.628356359645407370e-01 -1.802419840253569605e-01
-7.855019985996211651e-02 -3.571544100088458462e-01 9.212419283296910399e-02
-7.639569560029160766e-02 -4.123652229654931611e-01 -1.682634629416659422e-01
-4.532040628037650731e-02 -3.823616664496548578e-01 -2.088529893793662495e-01
-7.657125277677179209e-02 -3.814955415143539419e-01 -1.779329303916427074e-01
-1.377250940329599049e-01 -2.391351006940937163e-01 -2.038858939349021959e-01
-3.270112436143444989e-02 -3.975625813325289748e-01 -2.202279294588715963e-01
-2.380081908810860458e-02 -3.239640796073429696e-01 -2.303574819233912274e-01
-1.300734818666278714e-01 -1.530573895499655057e-01 4.041852056272697835e-01
-1.012254350305059891e-01 -1.859243057159943868e-01 3.763020135307137970e-01
-8.458667307670950097e-02 -2.256302999949890697e-01 3.546527762260291983e-01
-4.234137650210598736e-01 -1.216420119400323241e-01 4.846250554384690101e-01
-4.623009404554465629e-01 -1.225073627933875864e-01 5.287178133194514462e-01
7.293723295201964829e-02 -4.048034759847368713e-01 1.192162919317862335e-01
4.430741456560254310e-01 -1.187159722930895556e-01 3.978137434696658037e-01
8.301664139318998270e-02 -3.297360521764266528e-01 -2.216817738449634589e-01
6.518727487179822866e-01 1.142001853535110634e-01 7.554684313398258855e-01
2.703743235316111715e-01 -1.670687843230126424e-01 3.096578038792306975e-01
3.301499200057282923e-01 -1.625967403618434615e-01 2.990782499477264711e-01
3.870207630592643611e-01 -1.474427680100349747e-01 3.027992416267677456e-01
4.623640621368776404e-01 -1.056660126361804730e-01 3.656702527882963460e-01
2.209302925437614529e-01 -1.624321153172320065e-01 3.357871794563345169e-01
3.621119186600323392e-01 -2.218472765857049112e-01 5.950629515644085821e-01
2.915326302220757615e-01 -2.196579022213427379e-01 5.844688717218021745e-01
4.257799032149240936e-01 -2.021717513714949011e-01 5.774166936701531361e-01
4.650826297187320435e-01 -1.749546014178416931e-01 5.371405326082617782e-01
5.066935172676172439e-01 -6.913366723355643395e-02 3.077034721323583799e-01
2.366902694016267406e-01 -3.542649070227238406e-02 -8.713205831978867444e-01
4.645538989311404077e-01 -1.034153518590552046e-01 4.328544560325563451e-01
6.845396061482666994e-01 1.884395775528001638e-01 3.812723258668494486e-01
5.699117887441813579e-01 -1.841994509419390968e-02 3.809803280056222041e-01
3.180346612363291747e-01 -1.804850029121265464e-01 -7.097776603433045284e-02
5.356042375116989995e-02 -2.424183855913853991e-01 -4.702472155620748273e-01
4.899145673982141513e-02 -2.021275525709000931e-01 -5.337579287839679942e-01
1.261107620712522692e-01 -2.041069881153116938e-01 -4.889755515025393517e-01
1.790352194007435171e-01 -1.560579190552435769e-01 -5.031209329936312535e-01
1.077142979824726454e-01 -1.787655980474347484e-01 -5.306431070608075284e-01
1.579763933288670930e-01 -1.382467445905463110e-01 -5.262900799085321601e-01
3.027845559762998295e-01 -5.741446525768562070e-02 -5.909780411889242746e-01
7.162930778192716508e-02 -4.432811238880276505e-01 -1.923987234351716147e-01
7.942487156600122611e-02 -4.732889685384102929e-01 -1.064878875474740971e-01
5.373255097240754452e-01 -1.672856350445224294e-01 6.070388039860938889e-01
1.978845493121537680e-01 -2.137318630452309520e-01 1.572872936544361666e-01
2.110726599018653005e-01 -2.993507361508398468e-01 -1.449421681614760926e-01
2.146414482087649067e-01 -2.874739118864312326e-01 -9.293215333007337486e-02
4.910510166277000099e-01 -1.058478053908514793e-01 -5.187959208241782472e-02
7.635873011011287681e-02 -4.506649902780131001e-01 1.285912188828194219e-02
4.104846874303529347e-01 -2.809181587931856017e-01 6.978069512112581307e-01
4.872783400874416415e-01 -2.309267408614421591e-01 6.701944562434245523e-01
5.943731744108511350e-01 -2.213306617999072357e-02 8.928370483579459727e-01
1.532890380282942999e-01 -3.169280953860765804e-01 6.072645639646596649e-01
2.317148081176606533e-01 -1.956844090016683912e-01 5.408624151740241137e-01
3.520488252918554384e-01 -4.906920703838524300e-02 -5.016580481773054156e-01
6.264787575492896110e-01 4.512188656914495333e-01 -4.027156049835550755e-01
1.679161684401566101e-01 -2.709353898746114098e-01 -1.924739689287868760e-01
1.221616335048824054e-01 -2.735909442221358123e-01 -2.186503577520638730e-01
2.610241611666885286e-01 -4.931562528220398423e-02 -5.127826261429568877e-01
2.440901160243970081e-01 -6.794066564927897511e-02 -5.167061484365178536e-01
5.154171417348474282e-01 -2.099708050562250072e-01 7.248834333220155468e-01
2.132605891727881176e-01 -2.618790492072140541e-01 -1.779175582065470884e-01
3.038252886620902427e-01 -3.128751574241894762e-01 6.842633596388905115e-01
3.133442925583420635e-01 -3.345254895288860553e-01 7.492551678392165293e-01
3.612910477827404598e-01 -2.714561493821819882e-01 1.070000593152827584e+00
5.555189471068817664e-01 -1.286489232050449516e-01 7.973415744460854437e-01
3.297703228610782134e-01 -3.042608976284497668e-01 9.046039842522315411e-01
5.695733478606841427e-01 -1.211675952952974977e-01 6.449832368439829544e-01
6.148924029786948520e-01 -8.475705178199965245e-03 6.861334864081389817e-01
5.171315781197581563e-02 -2.281989584083657929e-01 -5.077859576941343711e-01
1.168205117402766613e-01 -1.936287981762571109e-01 -5.123587811078069709e-01
1.683463738765539341e-01 -1.521431887284456774e-01 -5.158703853027306607e-01
1.545920494502390774e-01 -2.564618614743360281e-01 -2.061841237017623119e-01
2.524479280388015057e-01 -5.945449431779198379e-02 -5.148438200689284816e-01
2.112608403064701323e-01 -9.928140493275067202e-02 -5.500345590761617220e-01
2.353705713808834088e-01 -6.996504586049548391e-02 -5.180444346424730728e-01
1.380543283060289839e-01 -3.555766813827804240e-01 -1.774288172494427052e-01
1.497476310266985244e-01 -1.261323746828487691e-01 -5.332996375231142672e-01
1.019261808930295166e-01 -1.516394713969146935e-01 -5.399839008900899628e-01
4.719945403419169294e-02 -1.717346036696739686e-01 -5.469532032377935060e-01
9.101259019921109639e-02 -1.253002684174934211e-01 -7.581840347171493466e-01
5.720293135981308064e-02 -1.839976129404004013e-01 -6.834713556144795810e-01
5.355422565024214876e-02 -1.934458031260604116e-01 -6.381952146395366565e-01
5.060673418427370784e-02 -1.828731427665011289e-01 -5.932211361240309344e-01
4.529741474376934585e-02 -1.788211251277962432e-01 -5.569507369258337448e-01
1.457817742510206238e-01 -1.297634137341776572e-01 -5.419765259328570561e-01
1.566077377220059796e-01 -1.379508971840872622e-01 -5.592397214944975214e-01
1.668276298852219841e-01 -1.451668600413473786e-01 -5.816347490582041146e-01
1.774570238422608637e-01 -1.320258311332654921e-01 -6.058333887206472923e-01
2.725098181652609863e-01 -1.577261492666229836e-01 -3.863174929493162768e-01
6.909458209724077538e-01 4.788997461297921365e-01 3.762662042723630140e-02
1.869287291740477919e-01 -9.565342446357577577e-02 -5.329365441495999001e-01
1.982781810218994245e-01 -1.012058290208056877e-01 -5.414384119026052211e-01
1.023865248270332540e-01 -2.702481043499841418e-01 -2.525531037708121929e-01
1.943319457816825579e-01 -2.135577575227516345e-01 -2.230521916011860561e-01
1.120467493983277885e-01 -2.734186354896688265e-01 -2.363754692689264969e-01
2.590151954534207768e-01 -1.867625466164273274e-01 1.070290825719187877e-01
3.554332170169662852e-01 -1.634844034579023830e-01 4.647142666458799198e-02
2.249744154356684844e-01 -2.487860437392005464e-01 -1.270155051886718844e-01
5.032892817506571248e-01 -1.589117231896164384e-01 9.995903228435381038e-01
4.658022284477938424e-01 -2.255407620054865614e-01 8.732887491701368798e-01
4.298495175551013681e-01 -2.798645700684198045e-01 7.628331501879319632e-01
2.369483003643160224e-01 -8.490688327057638318e-02 -6.628601129274969139e-01
1.728077995062029526e-01 -3.561336538070222213e-01 7.162916616277010817e-01
1.853256902096754866e-01 -3.459680573022648753e-01 9.082651573827091873e-01
2.055392959660297669e-01 -3.348200284736956300e-01 1.106019720539992868e+00
4.349998305729667614e-01 -1.247471420169145029e-01 3.235591646691543533e-01
5.681806824113078136e-01 -2.943248949329492492e-02 2.476417031464431817e-01
1.885007772599568976e-01 -1.554657822759965002e-01 3.610534819413506735e-01
5.159477222420414400e-01 -1.196131510235080297e-01 4.942043528047115331e-01
1.572312818327267214e-01 -2.420878911384407584e-01 2.132597751744392811e-01
1.751776949430094987e-01 -3.625241171126742934e-01 -1.218174173817013761e-01
6.386160395427045167e-01 4.361030122681831822e-02 1.908434037835627928e-01
5.293432181912349765e-01 -7.441572250075934036e-02 1.788056297006275219e-01
4.548732179808934184e-01 -1.247131823210896329e-01 1.410626238952943368e-01
3.430854138113059726e-01 -1.508176103264385892e-01 1.569384490470175364e-01
2.607080935157577439e-01 -1.677610418842018225e-01 1.950284754838603751e-01
1.995079094781889162e-01 -1.884574967114481803e-01 2.352175020622506718e-01
7.966144781295822486e-02 -3.196986285280102313e-01 3.235998907062569430e-01
6.292806203169885038e-01 5.179182718026560661e-02 4.363710342697786626e-03
5.576858936210651319e-01 -9.294366258150202342e-02 5.049664060280206757e-01
5.157963688509774325e-02 -4.072935233613259598e-01 -2.308791380942548654e-01
1.944961664702233861e-01 -2.279654264836447064e-01 6.240814456305524005e-02
7.021726362952906975e-01 3.831904863182676868e-01 4.191776771404231994e-01
1.542611234830804090e-01 -2.022510580994467677e-01 2.806819663629591677e-01
2.321212695493483635e-01 -1.887604461000748080e-01 -1.225900510399875465e-01
4.860079295430348445e-01 -9.176967620277487470e-02 4.289347031070852578e-01
1.771151750699574978e-01 -3.474007518399113703e-01 -5.791568204346517201e-02
6.683396462631834289e-01 4.792896323397304315e-01 -1.751097177476221844e-01
1.885194767690621664e-01 -1.437811035477879473e-01 3.960946814254053816e-01
1.278142083326040401e-01 -4.117064272277222159e-01 -1.387053271313305053e-02
4.958219429056349714e-01 1.614927756797817082e-01 -6.553408699659559744e-01
4.963715616527215602e-01 2.807324064824907595e-01 -7.331583298219657152e-01
6.871448784044755786e-01 2.668039877509770230e-01 1.600301125405910463e-02
5.698143894463687520e-01 2.214602805626453286e-01 -5.303082515900370275e-01
6.526969722120534723e-01 1.055955423486716616e-01 5.482311650334870112e-01
2.510581641539002540e-01 1.035447115870692311e-02 -9.497471420652989771e-01
4.928372007767739538e-02 -3.249566105864244436e-01 -2.397356350418077264e-01
2.469476247675204128e-01 -1.988570827459060775e-01 -1.381050663826807745e-03
6.163673809503769085e-01 4.345907535221538165e-02 3.678757039685276453e-01
3.847274575747436920e-01 -1.484208072497912312e-01 3.561055002305891781e-01
3.333503973477391913e-01 -1.610062416206192726e-01 3.490601360399582243e-01
2.248031187331753222e-01 -8.686799457398697299e-02 -5.597180711042346601e-01
6.165674974898589511e-01 9.455330942267489713e-02 -1.665388974606695216e-01
1.451299248622142102e-01 4.382623339617829072e-02 -1.057615564340169456e+00
3.278658053154819285e-01 1.475429707891199316e-01 -9.340437746212209014e-01
4.066744384606713059e-01 2.070139704680895587e-01 -8.525518919778349858e-01
2.824065761338536706e-01 -1.635192591116596539e-01 3.582110419995554462e-01
2.346396916898519369e-01 -1.557179510811641521e-01 3.764442162863047558e-01
2.038813691649252191e-01 -1.437308142960983526e-01 3.867186812196929946e-01
5.956910996275439629e-01 -3.410446905132762108e-02 5.241693673153269284e-01
2.439126106243157954e-01 -1.757842873651136451e-01 4.690396684190714094e-01
2.963082016092473125e-01 -1.907550218688117694e-01 5.018501146729055229e-01
3.504562574080860582e-01 -1.902490946556931739e-01 5.091207837847862017e-01
4.028186401457811705e-01 -1.755872055218542505e-01 4.936040363819796939e-01
4.339488430163918053e-01 -1.541624814049099568e-01 4.676306510647518788e-01
6.875156315772767979e-01 2.594911514286071252e-01 6.079973394983795298e-01
4.195502210053347891e-01 -1.322807031349660933e-01 3.747967770062125004e-01
2.147101155973052400e-01 -1.981321333788277350e-01 -3.491238799960916239e-01
1.672515597412224109e-01 -2.953246585979428795e-01 -1.821665146235891264e-01
1.031333886310669135e-01 -2.556562194543541278e-01 -3.333369384243370925e-01
4.153693999965428763e-01 1.172716020123302783e-01 -7.711249314691310808e-01
3.366788413959300730e-01 6.719783917321864308e-02 -8.608295856818082292e-01
1.432625751198781661e-01 -4.014822177330645836e-02 -1.015655453127053409e+00
5.671127005558860290e-01 3.748010830616917977e-01 -5.914373225794551381e-01
2.059544713111567948e-01 -1.563415089002463398e-01 4.244217056888044404e-01
1.182591060022371021e-01 -3.219883212789325100e-01 1.737278904990410267e-01
2.433114806554124154e-01 8.468670275052034291e-02 -1.006265498458612129e+00
6.656806165310305001e-01 2.826073586400722482e-01 -1.765396377058651156e-01
9.892466229629140462e-02 -1.568008210950838643e-01 -5.485044704780104308e-01
1.088980691504111142e-01 -1.639691531146856285e-01 -5.764985403297131494e-01
1.158726945262786301e-01 -1.718432692021854002e-01 -6.119402941769940263e-01
1.231059812348000437e-01 -1.604728461211493151e-01 -6.516782345424654288e-01
1.697095167436655228e-01 -1.108008816475539726e-01 -7.192774388051597079e-01
2.016805513536319983e-01 -1.004783870559897707e-01 -5.180761049559177156e-01
2.142622506832373985e-01 -1.003678517128360204e-01 -5.116789617641881449e-01
2.249257289212982514e-01 -1.013783529350880119e-01 -5.050282026279531156e-01
3.220382874227478709e-01 -1.034371266947378964e-01 -4.365250328663650148e-01
5.347792844206811225e-01 -1.897218395438091121e-02 -2.293889556780981387e-01
1.179715324078052241e-01 -2.771787483039012123e-01 2.744640797431592283e-01
1.480374095093956455e-01 -1.964677074495370102e-01 4.645978613491996700e-01
1.815621611108882427e-01 -1.709546983851789603e-01 4.582903381617888794e-01
1.898391231746398011e-01 -9.300630912616825174e-02 -5.231802521336401668e-01
5.422327991481461495e-01 9.603218939289617784e-02 -4.221316541403792311e-01
9.571615413098460978e-02 -2.731465618838032627e-01 4.584090575156696268e-01
2.049517545584274014e-01 -7.048290680476498871e-02 -7.946810769026286803e-01
7.682837825243643559e-02 -3.690515752763773305e-01 2.154629982799732835e-01
1.594656564067904458e-01 -3.043259557350895816e-01 3.004675663253628809e-02
1.117880684463293528e-01 -1.004712791890064461e-01 -8.443002381605941853e-01
3.544979411282165316e-01 -2.148808729006609908e-02 -6.258768182463063656e-01
2.794513022466327268e-01 -1.664207177191989739e-01 -1.902121869692520173e-01
2.810267537836834695e-01 -4.374019577014987004e-02 -7.250518961364780246e-01
4.080248238696397856e-01 -1.453683850617302209e-01 -1.719932667412014116e-01
3.295471880787743668e-01 -1.435000873936901344e-01 -2.735210215681510570e-01
4.555159724409076905e-01 -7.698656658063296465e-02 -3.006388224114654451e-01
1.329388378615951605e-01 -8.210992157827695648e-02 -9.387635197888954952e-01
1.948782058227859770e-01 -2.549509857627066944e-01 -1.419837414219119603e-02
3.979815863576781076e-01 3.905924446922354187e-02 -6.860865451331124021e-01
3.177891327809236888e-01 9.656898472850426046e-03 -7.826471997460626717e-01
4.049132894692901719e-01 -2.375278404311835512e-02 -5.135146092305802323e-01
5.989899501747537602e-01 1.339744706762104887e-01 -3.105443171628009535e-01
4.702263949638563201e-01 3.112874064625573145e-02 -5.234831886987472149e-01
6.326698846659168929e-01 2.811938813976603280e-01 -3.574919838362794478e-01
3.760950919568206707e-01 -9.648607566391964596e-02 -3.727868444812514337e-01
1.552885560165938594e-01 -2.717526536540690874e-01 1.195476656964877815e-01
1.556577773903493611e-01 -3.702998641720114392e-01 -1.642018867803711757e-01
1.919982791074930639e-01 -3.031386776498837810e-01 -1.759147472162653214e-01
1.314575923628432119e-01 -4.207064691680324486e-01 -1.113746230534067294e-01
1.968872758787196808e-01 -2.268804792312448804e-01 5.549797836568417519e-01
2.960818421729065619e-01 -2.476464141510554828e-01 6.192434993949504918e-01
3.823702211564659059e-01 -2.456873009753203219e-01 6.295193307793460757e-01
4.510466105534782777e-01 -2.195315432510054343e-01 6.088916899066663113e-01
4.956797087176953998e-01 -1.782653971930130421e-01 5.653177219596703384e-01
5.206042179298100425e-01 -6.507975413953637212e-02 4.038865111866289936e-01
6.943281488728272333e-01 2.310160476359943704e-01 2.004471479590984595e-01
4.761871901366454551e-01 -9.466379373564226540e-02 2.650487719485014049e-01
4.163473737100833461e-01 -1.267376137202836928e-01 2.342162186656326917e-01
3.381625585007952406e-01 -1.497567672326072241e-01 2.348298918084470444e-01
2.638287438961786080e-01 -1.628256431626374789e-01 2.574630391246629513e-01
2.071208062260611604e-01 -1.674891331026525654e-01 2.882283320003617977e-01
1.680478929319140224e-01 -1.738750877167738462e-01 3.173573361698771578e-01
6.988032564320878492e-01 4.516869603583257842e-01 2.334137177687053422e-01
1.912877183948908377e-01 -2.706972738158747172e-01 -1.938416112833839522e-01
1.190907428256521849e-01 -3.582998199707483344e-01 8.325864004328559220e-02
1.146099488237077024e-01 -4.164918965548518592e-01 -1.767386972159097347e-01
8.334087969904213633e-02 -3.864163084346260435e-01 -2.144946288836293569e-01
1.145503025919982765e-01 -3.852991148444948610e-01 -1.866476296834164161e-01
1.757454903353135034e-01 -2.476155701896115557e-01 -2.159195738967668587e-01
7.104657385250678914e-02 -4.007500945679718374e-01 -2.247182922507151570e-01
6.888136317590679014e-02 -3.271470927885717916e-01 -2.341579625535851195e-01
1.678830655742210576e-01 -1.526980526153352002e-01 3.922563607779130379e-01
1.375125338737455682e-01 -1.865324877408818249e-01 3.671784681065437539e-01
1.190818988538033252e-01 -2.269392945342266765e-01 3.479488380638647849e-01
4.511303103654857871e-01 -1.320051238160808715e-01 4.482851388423940708e-01
4.875147573741203111e-01 -1.356884646799182415e-01 4.907623842241179979e-01
-3.129338860215649110e-01 -1.486662997232690575e-01 4.653965295205170216e-01
-2.510652162098843121e-01 -1.544316445089244372e-01 4.637756871336440323e-01
-3.121673506575928236e-01 -1.566634468166661076e-01 5.510172981721421781e-01
-3.756380510561436736e-01 -1.428505500784489346e-01 4.678473522219548375e-01
-3.142573025933272923e-01 -1.406715803868501258e-01 3.809516372120764771e-01
3.389294984909303476e-01 -1.548088427984651849e-01 4.368270695030874728e-01
3.994959078988007395e-01 -1.602967296437641798e-01 4.334295056299891646e-01
3.380557949974956067e-01 -1.629422622031935219e-01 5.238434641986964291e-01
2.778818729677543509e-01 -1.493450890136034381e-01 4.410561478429997351e-01
3.400316423552585121e-01 -1.466911460103570430e-01 3.497316542057409272e-01
