5.071190595626831055e-01 5.500449538230895996e-01 -3.850854188203811646e-02
4.968598783016204834e-01 4.798358380794525146e-01 -4.958586022257804871e-02
5.034101605415344238e-01 5.163726210594177246e-01 -3.843830525875091553e-02
4.982501566410064697e-01 4.443617463111877441e-01 -4.252098873257637024e-02
5.088149309158325195e-01 4.796639680862426758e-01 -6.432089954614639282e-02
5.086595416069030762e-01 4.467170834541320801e-01 -5.799741297960281372e-02
5.075294971466064453e-01 4.005416631698608398e-01 -3.471188247203826904e-02
4.301600754261016846e-01 3.815324306488037109e-01 8.703486062586307526e-03
5.000195503234863281e-01 3.608096539974212646e-01 -2.790537476539611816e-02
5.204815268516540527e-01 3.090005517005920410e-01 -2.075305208563804626e-02
5.238025784492492676e-01 2.501260340213775635e-01 -4.911432042717933655e-03
5.136764049530029297e-01 5.510990619659423828e-01 -3.803694993257522583e-02
4.989373981952667236e-01 5.644525885581970215e-01 -3.041193634271621704e-02
5.072565674781799316e-01 5.751934647560119629e-01 -2.865039557218551636e-02
5.107952952384948730e-01 5.744419097900390625e-01 -1.830159313976764679e-02
5.105294585227966309e-01 5.889089703559875488e-01 -1.864049769937992096e-02
4.984600543975830078e-01 5.947411060333251953e-01 -1.536224596202373505e-02
5.025810003280639648e-01 6.133319735527038574e-01 -1.780485734343528748e-02
4.924591779708862305e-01 6.265586614608764648e-01 -5.346932448446750641e-03
5.031487345695495605e-01 5.061881542205810547e-01 -5.231326073408126831e-02
4.876496493816375732e-01 4.851942062377929688e-01 -3.740662336349487305e-02
3.893164992332458496e-01 3.145019114017486572e-01 6.771482527256011963e-02
4.502909779548645020e-01 4.071455001831054688e-01 2.874116878956556320e-03
4.514585435390472412e-01 3.975706100463867188e-01 -4.203076474368572235e-03
4.327953755855560303e-01 4.040572643280029297e-01 5.581146571785211563e-03
4.287054240703582764e-01 3.928283751010894775e-01 3.763665445148944855e-03
4.628880321979522705e-01 3.995050489902496338e-01 2.073320094496011734e-03
4.447839260101318359e-01 3.490595817565917969e-01 6.423763930797576904e-03
4.525759816169738770e-01 3.540014028549194336e-01 5.750496406108140945e-03
4.282366931438446045e-01 3.394041657447814941e-01 3.139281645417213440e-03
4.129472970962524414e-01 3.672401309013366699e-01 7.518610917031764984e-03
4.068920910358428955e-01 3.983349502086639404e-01 2.842808328568935394e-02
4.476065635681152344e-01 6.429950594902038574e-01 2.883181441575288773e-03
4.183644354343414307e-01 3.831394910812377930e-01 1.416917145252227783e-02
3.784809708595275879e-01 3.875832557678222656e-01 5.844258144497871399e-02
4.029473960399627686e-01 3.848980665206909180e-01 4.347157478332519531e-02
4.452757835388183594e-01 4.813077151775360107e-01 -7.901103235781192780e-03
4.976956248283386230e-01 5.396524071693420410e-01 -2.872226946055889130e-02
4.990419745445251465e-01 5.635719895362854004e-01 -3.321502730250358582e-02
4.677302837371826172e-01 5.487004518508911133e-01 -2.532711625099182129e-02
4.636947512626647949e-01 5.588164329528808594e-01 -2.724162675440311432e-02
4.912023544311523438e-01 5.668866038322448730e-01 -2.644902840256690979e-02
4.790279865264892578e-01 5.550556778907775879e-01 -1.364229805767536163e-02
4.539203345775604248e-01 5.844534635543823242e-01 -6.821367423981428146e-03
5.012198090553283691e-01 4.881390035152435303e-01 -6.441175937652587891e-02
5.034499764442443848e-01 4.821908771991729736e-01 -5.360423773527145386e-02
4.146331846714019775e-01 3.382826745510101318e-01 1.766516827046871185e-02
4.708149433135986328e-01 4.416399300098419189e-01 -9.554132819175720215e-03
4.609299004077911377e-01 4.804211854934692383e-01 -4.314876347780227661e-02
4.679532349109649658e-01 4.704515635967254639e-01 -2.606622874736785889e-02
4.132421016693115234e-01 4.701111316680908203e-01 1.321457792073488235e-02
5.071352124214172363e-01 4.489466845989227295e-01 -4.741801321506500244e-02
4.416291117668151855e-01 3.060171604156494141e-01 -2.929942682385444641e-03
4.147744178771972656e-01 3.255797922611236572e-01 8.072017692029476166e-03
4.039652645587921143e-01 2.827668190002441406e-01 5.076738819479942322e-02
4.896241128444671631e-01 3.383794426918029785e-01 -2.667197724804282188e-03
4.734968543052673340e-01 3.475985825061798096e-01 7.984301075339317322e-03
4.485282003879547119e-01 5.750479698181152344e-01 -3.272401634603738785e-03
3.879365622997283936e-01 5.490145087242126465e-01 8.153552561998367310e-02
4.758686125278472900e-01 4.850194454193115234e-01 -2.937151677906513214e-02
4.880490303039550781e-01 4.950402677059173584e-01 -1.614071428775787354e-02
4.512677788734436035e-01 5.712500214576721191e-01 -5.287225358188152313e-03
4.653017222881317139e-01 5.756930708885192871e-01 1.277209259569644928e-03
4.229029715061187744e-01 3.108697533607482910e-01 1.150197465904057026e-03
4.647077918052673340e-01 4.809079468250274658e-01 -3.074077889323234558e-02
4.717218279838562012e-01 3.231112360954284668e-01 -1.319109834730625153e-02
4.568099677562713623e-01 2.988673448562622070e-01 -1.283474452793598175e-02
4.603361785411834717e-01 2.455894351005554199e-01 6.153728347271680832e-03
4.142200946807861328e-01 3.008375167846679688e-01 2.946536429226398468e-02
4.725046455860137939e-01 2.855704128742218018e-01 -4.060806706547737122e-03
4.072647094726562500e-01 3.207282721996307373e-01 2.174665406346321106e-02
3.945589363574981689e-01 3.321215510368347168e-01 3.668018803000450134e-02
4.932123124599456787e-01 5.535428524017333984e-01 -4.001271352171897888e-02
4.888564646244049072e-01 5.590630769729614258e-01 -2.829653024673461914e-02
4.667260050773620605e-01 5.535964369773864746e-01 -1.382939983159303665e-02
4.930191636085510254e-01 5.041327476501464844e-01 -2.674959041178226471e-02
4.724940657615661621e-01 5.773259401321411133e-01 -1.136043691076338291e-03
4.620136618614196777e-01 5.852985978126525879e-01 -1.138849277049303055e-02
4.696441590785980225e-01 5.744352936744689941e-01 -1.809830064303241670e-05
4.868984222412109375e-01 4.910070896148681641e-01 -4.129293933510780334e-02
4.872272014617919922e-01 5.602946877479553223e-01 -1.614082977175712585e-02
4.765229523181915283e-01 5.664965510368347168e-01 -1.657419651746749878e-02
4.980557262897491455e-01 5.574413537979125977e-01 -1.907209306955337524e-02
4.878292977809906006e-01 6.232970952987670898e-01 -9.594016708433628082e-03
4.714876711368560791e-01 6.119696497917175293e-01 -1.163190789520740509e-02
4.801796078681945801e-01 6.051612496376037598e-01 -2.546574920415878296e-02
4.778850972652435303e-01 5.913664102554321289e-01 -2.788572758436203003e-02
4.879409670829772949e-01 5.767939686775207520e-01 -8.943432010710239410e-03
4.778455495834350586e-01 5.680822730064392090e-01 -4.349854309111833572e-03
4.795753657817840576e-01 5.654945373535156250e-01 -1.296519674360752106e-02
4.733536839485168457e-01 5.957031250000000000e-01 -1.737036556005477905e-02
4.727129638195037842e-01 5.875909924507141113e-01 -1.309319213032722473e-02
4.444824159145355225e-01 5.284580588340759277e-01 -1.619871146976947784e-02
3.752028346061706543e-01 4.604929685592651367e-01 1.208657920360565186e-01
5.053105950355529785e-01 5.067304372787475586e-01 -4.444736614823341370e-02
4.709947407245635986e-01 5.631585717201232910e-01 -1.752786105498671532e-03
4.721930921077728271e-01 5.752652883529663086e-01 -5.184892099350690842e-03
4.975051581859588623e-01 5.034662485122680664e-01 -3.442883118987083435e-02
4.648172855377197266e-01 5.021398067474365234e-01 -1.531097292900085449e-02
4.907233715057373047e-01 5.103495121002197266e-01 -4.236614704132080078e-02
4.537851810455322266e-01 4.411666691303253174e-01 -1.506876200437545776e-03
4.419084191322326660e-01 4.492211043834686279e-01 4.317068494856357574e-03
4.679286181926727295e-01 4.830604791641235352e-01 -1.865231059491634369e-02
4.248824119567871094e-01 2.667115628719329834e-01 2.986554428935050964e-02
4.367908537387847900e-01 2.878014445304870605e-01 1.257709600031375885e-02
4.303846061229705811e-01 3.072605133056640625e-01 9.532928466796875000e-03
4.625430703163146973e-01 6.167576313018798828e-01 4.488681908696889877e-03
4.841967523097991943e-01 3.070154488086700439e-01 -1.226473413407802582e-02
4.732639491558074951e-01 2.889478504657745361e-01 -1.490811537951231003e-02
4.856338798999786377e-01 2.579756081104278564e-01 -4.887895658612251282e-03
4.229718148708343506e-01 3.918774127960205078e-01 1.513061579316854477e-02
4.058582484722137451e-01 4.193014502525329590e-01 3.477368503808975220e-02
4.735462665557861328e-01 3.833660483360290527e-01 1.134795509278774261e-02
4.033297002315521240e-01 3.592534661293029785e-01 1.898619718849658966e-02
4.882184565067291260e-01 4.261543154716491699e-01 4.150155000388622284e-04
4.745951294898986816e-01 4.724628627300262451e-01 -2.925242856144905090e-02
3.762036561965942383e-01 4.261201024055480957e-01 3.005697578191757202e-02
4.135396778583526611e-01 4.297647774219512939e-01 1.865461841225624084e-02
4.221775531768798828e-01 4.424215853214263916e-01 1.672415528446435928e-04
4.476788043975830078e-01 4.252547323703765869e-01 3.508548485115170479e-03
4.600881934165954590e-01 4.254546761512756348e-01 -7.356435060501098633e-03
4.829322695732116699e-01 4.184873104095458984e-01 4.998138640075922012e-03
5.028129220008850098e-01 4.085845351219177246e-01 -8.450829423964023590e-03
3.916538655757904053e-01 4.457231163978576660e-01 3.087759017944335938e-02
3.960317969322204590e-01 3.453115820884704590e-01 2.229009941220283508e-02
5.099802613258361816e-01 4.978231191635131836e-01 -5.285151675343513489e-02
4.748731553554534912e-01 4.461091756820678711e-01 -1.503313332796096802e-02
3.775285780429840088e-01 3.928096592426300049e-01 1.138586774468421936e-01
4.962587952613830566e-01 3.998029232025146484e-01 -1.358549296855926514e-02
4.673817753791809082e-01 4.765433371067047119e-01 -1.990651525557041168e-02
4.215005338191986084e-01 3.725321888923645020e-01 9.991619735956192017e-03
4.747607707977294922e-01 4.671231806278228760e-01 -2.421770803630352020e-02
3.758834004402160645e-01 5.048131346702575684e-01 1.109795272350311279e-01
4.735921025276184082e-01 3.847991824150085449e-01 1.138309575617313385e-02
4.944773018360137939e-01 4.534320831298828125e-01 -4.950727149844169617e-02
4.008136987686157227e-01 6.014554500579833984e-01 3.599694371223449707e-02
4.060322344303131104e-01 6.133674979209899902e-01 4.961837455630302429e-02
3.734202384948730469e-01 4.674641489982604980e-01 7.095430046319961548e-02
3.930202722549438477e-01 5.731958150863647461e-01 4.470643401145935059e-02
3.845846354961395264e-01 3.625884354114532471e-01 6.317201256752014160e-02
4.444432854652404785e-01 6.643677353858947754e-01 6.844894960522651672e-04
4.979759156703948975e-01 4.942437112331390381e-01 -3.437262028455734253e-02
4.689829945564270020e-01 4.686524868011474609e-01 -1.434195041656494141e-02
3.871705532073974609e-01 3.825925886631011963e-01 4.650329053401947021e-02
4.440524578094482422e-01 4.042511284351348877e-01 6.319040432572364807e-03
4.600150287151336670e-01 3.846234679222106934e-01 2.655062358826398849e-03
4.754235744476318359e-01 5.815212726593017578e-01 -4.501240793615579605e-03
3.955692052841186523e-01 4.915787279605865479e-01 4.004816338419914246e-02
4.699639081954956055e-01 6.939175128936767578e-01 1.932871527969837189e-02
4.352955222129821777e-01 6.586273908615112305e-01 2.983381040394306183e-02
4.205416440963745117e-01 6.396254301071166992e-01 3.807725012302398682e-02
5.217074155807495117e-01 2.920890748500823975e-01 -4.754744470119476318e-03
4.898821115493774414e-01 7.010077238082885742e-01 1.145277917385101318e-02
4.548407495021820068e-01 3.948688507080078125e-01 1.422334229573607445e-03
4.755442738533020020e-01 3.880555927753448486e-01 1.662562135607004166e-03
4.751102626323699951e-01 3.857329189777374268e-01 8.776433765888214111e-03
3.941937983036041260e-01 3.507506251335144043e-01 3.582088276743888855e-02
4.728690683841705322e-01 3.679369688034057617e-01 7.873954251408576965e-03
4.465391933917999268e-01 3.670565783977508545e-01 1.456493139266967773e-02
4.534613490104675293e-01 3.608114123344421387e-01 1.288859173655509949e-03
4.376510679721832275e-01 3.783939480781555176e-01 1.093208882957696915e-02
4.377015233039855957e-01 3.743028938770294189e-01 1.760862581431865692e-02
3.834075033664703369e-01 3.457891643047332764e-01 7.578039914369583130e-02
4.211209714412689209e-01 3.840403854846954346e-01 1.702969521284103394e-02
5.099163651466369629e-01 5.236468911170959473e-01 -3.679923340678215027e-02
4.618675708770751953e-01 5.289698243141174316e-01 -2.711784280836582184e-02
4.752139151096343994e-01 5.009081363677978516e-01 -3.208982944488525391e-02
4.897834658622741699e-01 5.196403264999389648e-01 -3.695921227335929871e-02
5.194196701049804688e-01 3.681179881095886230e-01 -2.332073636353015900e-02
4.197649955749511719e-01 6.220169663429260254e-01 2.985373325645923615e-02
4.246743619441986084e-01 6.373189687728881836e-01 2.509716525673866272e-02
4.630875587463378906e-01 6.688912510871887207e-01 -1.422979775816202164e-02
3.925730288028717041e-01 5.892366766929626465e-01 8.428759872913360596e-02
4.793157875537872314e-01 3.797741830348968506e-01 1.009808015078306198e-02
4.819968044757843018e-01 4.260030984878540039e-01 -1.606015115976333618e-02
5.021786689758300781e-01 6.829724907875061035e-01 -1.012413483113050461e-02
4.488436281681060791e-01 6.744565367698669434e-01 3.117088787257671356e-02
3.796666562557220459e-01 5.027902126312255859e-01 6.880769133567810059e-02
4.851462543010711670e-01 5.764088034629821777e-01 -1.063247956335544586e-02
4.849320352077484131e-01 5.868586301803588867e-01 -1.896642334759235382e-02
4.707230925559997559e-01 5.900313854217529297e-01 -2.647158503532409668e-02
4.800439476966857910e-01 6.067330837249755859e-01 -1.431280653923749924e-02
4.655840694904327393e-01 6.187075972557067871e-01 -1.949021220207214355e-02
4.694816470146179199e-01 5.592693090438842773e-01 -1.470584422349929810e-02
4.647817313671112061e-01 5.654952526092529297e-01 -1.135673560202121735e-02
4.588638246059417725e-01 5.658804178237915039e-01 -1.298869960010051727e-02
4.528145194053649902e-01 5.320481061935424805e-01 -3.098881570622324944e-03
4.087232649326324463e-01 4.997656047344207764e-01 1.965606585144996643e-02
4.919249117374420166e-01 3.977215290069580078e-01 -1.431363821029663086e-02
4.935623407363891602e-01 3.672829270362854004e-01 5.085520911961793900e-03
4.800869524478912354e-01 3.869684338569641113e-01 2.720055170357227325e-03
4.656032025814056396e-01 5.636460781097412109e-01 -3.252168418839573860e-03
3.998119533061981201e-01 5.473796725273132324e-01 3.758534789085388184e-02
4.947299659252166748e-01 3.777024447917938232e-01 -9.175648912787437439e-03
4.583842158317565918e-01 6.209388375282287598e-01 -3.070781938731670380e-03
5.133137702941894531e-01 4.301202595233917236e-01 -5.129750072956085205e-02
4.949206113815307617e-01 4.164116382598876953e-01 -3.541678190231323242e-02
5.044546723365783691e-01 4.080281257629394531e-01 -4.022305086255073547e-02
4.798753559589385986e-01 4.535259902477264404e-01 -2.507749572396278381e-02
4.918956160545349121e-01 6.685703992843627930e-01 -1.476266421377658844e-02
4.984425604343414307e-01 6.519373059272766113e-01 -1.050389744341373444e-02
4.685676395893096924e-01 6.482695341110229492e-01 -1.027317903935909271e-02
4.313782751560211182e-01 5.868025422096252441e-01 1.203691586852073669e-03
4.437543153762817383e-01 4.837457835674285889e-01 -7.426049094647169113e-03
4.438654482364654541e-01 6.098267436027526855e-01 5.785685963928699493e-03
4.202673733234405518e-01 4.956201314926147461e-01 1.485127490013837814e-03
4.445155262947082520e-01 5.258448719978332520e-01 -6.004066206514835358e-03
4.214611947536468506e-01 5.278514623641967773e-01 -1.363175688311457634e-03
4.646365344524383545e-01 6.543673276901245117e-01 -1.240717526525259018e-02
4.827457964420318604e-01 4.574883580207824707e-01 -9.696688503026962280e-03
4.412754774093627930e-01 6.019160151481628418e-01 1.739930734038352966e-02
4.375735521316528320e-01 6.331993341445922852e-01 7.276111282408237457e-03
4.190751016139984131e-01 5.757591724395751953e-01 6.477589253336191177e-03
3.886837959289550781e-01 5.199515223503112793e-01 4.450483620166778564e-02
4.125723242759704590e-01 5.689540505409240723e-01 2.400507591664791107e-02
3.811389207839965820e-01 5.336337089538574219e-01 7.179262489080429077e-02
4.339396357536315918e-01 5.340430736541748047e-01 4.073026124387979507e-03
4.809918403625488281e-01 4.249480366706848145e-01 -1.108314655721187592e-02
4.861688911914825439e-01 4.753247797489166260e-01 -5.164632573723793030e-02
4.785814583301544189e-01 4.927648007869720459e-01 -3.692508861422538757e-02
4.957903027534484863e-01 4.671680629253387451e-01 -4.024461656808853149e-02
4.806177020072937012e-01 3.643667101860046387e-01 -3.303642384707927704e-03
4.725652933120727539e-01 3.474779427051544189e-01 -7.228127215057611465e-03
4.396654665470123291e-01 3.353722691535949707e-01 -1.438063010573387146e-02
4.518028497695922852e-01 3.432193994522094727e-01 -1.699597388505935669e-02
4.168379902839660645e-01 3.495205044746398926e-01 1.520444918423891068e-02
4.039611816406250000e-01 3.750036358833312988e-01 2.267406880855560303e-02
3.763557970523834229e-01 4.161823987960815430e-01 6.799460947513580322e-02
4.194749593734741211e-01 4.118366241455078125e-01 2.180513367056846619e-02
4.302624166011810303e-01 4.148025214672088623e-01 -3.606398589909076691e-03
4.472891986370086670e-01 4.165619313716888428e-01 -7.113491185009479523e-03
4.664305448532104492e-01 4.070713222026824951e-01 7.279948331415653229e-03
4.762676656246185303e-01 4.117024540901184082e-01 2.898729406297206879e-03
4.880913794040679932e-01 3.939957022666931152e-01 8.283316157758235931e-03
3.585721254348754883e-01 4.175838232040405273e-01 1.104490160942077637e-01
4.698231518268585205e-01 4.921896457672119141e-01 -2.769575640559196472e-02
4.858507812023162842e-01 4.406257867813110352e-01 -3.355248644948005676e-02
4.895778894424438477e-01 4.807932376861572266e-01 -5.486020073294639587e-02
4.942300319671630859e-01 4.983886182308197021e-01 -5.047289654612541199e-02
4.776584804058074951e-01 4.922628104686737061e-01 -4.621551558375358582e-02
4.781209230422973633e-01 4.990014731884002686e-01 -2.057807147502899170e-02
4.949181675910949707e-01 4.926612973213195801e-01 -4.916805028915405273e-02
4.951776266098022461e-01 4.967930316925048828e-01 -3.750181943178176880e-02
4.885111451148986816e-01 3.884070813655853271e-01 4.499604925513267517e-03
4.900161623954772949e-01 3.927307426929473877e-01 -2.586294431239366531e-04
5.008251070976257324e-01 3.968954682350158691e-01 -2.910364419221878052e-03
4.365675449371337891e-01 3.699862360954284668e-01 5.881705787032842636e-03
4.400730133056640625e-01 3.520317375659942627e-01 2.179635129868984222e-02
5.147649049758911133e-01 4.374467432498931885e-01 -3.876975178718566895e-02
5.988001227378845215e-01 4.052264690399169922e-01 1.327806990593671799e-02
5.113610625267028809e-01 4.938534796237945557e-01 -3.204656019806861877e-02
6.340354084968566895e-01 3.430250585079193115e-01 7.843054831027984619e-02
5.657473802566528320e-01 4.149417579174041748e-01 -5.346456309780478477e-04
5.740248560905456543e-01 4.162518978118896484e-01 9.944817051291465759e-03
5.944824218750000000e-01 4.026854336261749268e-01 -1.355282496660947800e-03
6.089597940444946289e-01 4.098381102085113525e-01 2.418016828596591949e-02
5.508795976638793945e-01 3.838013708591461182e-01 1.381831057369709015e-02
5.794631838798522949e-01 3.531762361526489258e-01 1.309209968894720078e-02
5.651316046714782715e-01 3.589300811290740967e-01 1.007129251956939697e-02
5.942848920822143555e-01 3.615647554397583008e-01 8.785722777247428894e-03
6.063424944877624512e-01 3.729490637779235840e-01 2.088632434606552124e-02
6.162984967231750488e-01 4.134708046913146973e-01 2.530922368168830872e-02
5.388625264167785645e-01 6.526195406913757324e-01 7.330942898988723755e-04
5.960094332695007324e-01 3.895617723464965820e-01 2.458676137030124664e-02
6.460805535316467285e-01 4.233103394508361816e-01 6.739335507154464722e-02
6.230915784835815430e-01 4.030416011810302734e-01 3.204732760787010193e-02
5.663825869560241699e-01 4.796125292778015137e-01 1.490895287133753300e-03
5.214596986770629883e-01 5.519826412200927734e-01 -2.296587079763412476e-02
5.146667361259460449e-01 5.657263994216918945e-01 -3.534929454326629639e-02
5.367522239685058594e-01 5.508785247802734375e-01 -2.433067187666893005e-02
5.310257673263549805e-01 5.678337812423706055e-01 -1.861438900232315063e-02
5.236362814903259277e-01 5.671550631523132324e-01 -3.417125716805458069e-02
5.412386655807495117e-01 5.696101188659667969e-01 -2.387250401079654694e-02
5.395173430442810059e-01 6.046118140220642090e-01 1.550109009258449078e-03
5.150529146194458008e-01 4.844805002212524414e-01 -6.410572677850723267e-02
5.182604789733886719e-01 4.722098708152770996e-01 -5.741982161998748779e-02
6.150911450386047363e-01 3.507669568061828613e-01 2.453366667032241821e-02
5.328178405761718750e-01 4.378370642662048340e-01 -1.017546001821756363e-02
5.356674194335937500e-01 4.919195473194122314e-01 -3.791955485939979553e-02
5.478895306587219238e-01 4.818557500839233398e-01 -3.155906125903129578e-02
5.991476178169250488e-01 4.809573292732238770e-01 1.494190283119678497e-02
5.182762145996093750e-01 4.585165679454803467e-01 -6.485813111066818237e-02
5.895346403121948242e-01 3.299218118190765381e-01 4.261874593794345856e-03
5.983905196189880371e-01 3.421679139137268066e-01 1.060885749757289886e-02
6.281371116638183594e-01 3.170870542526245117e-01 4.623892903327941895e-02
5.292318463325500488e-01 3.375992476940155029e-01 -1.740168780088424683e-02
5.569322109222412109e-01 3.611546754837036133e-01 9.944513440132141113e-04
5.555800795555114746e-01 5.784358978271484375e-01 1.057240366935729980e-02
6.108868122100830078e-01 5.777931809425354004e-01 9.423117339611053467e-02
5.346499681472778320e-01 4.995453059673309326e-01 -1.766260340809822083e-02
5.178734064102172852e-01 4.995971918106079102e-01 -3.071329183876514435e-02
5.444523096084594727e-01 5.830323100090026855e-01 -3.129009390249848366e-03
5.450996756553649902e-01 5.966523885726928711e-01 7.344561745412647724e-04
6.194607615470886230e-01 3.288242816925048828e-01 8.979955688118934631e-03
5.410067439079284668e-01 5.018329620361328125e-01 -2.754421718418598175e-02
5.627200007438659668e-01 3.331786394119262695e-01 -6.786183454096317291e-03
5.717170834541320801e-01 3.124938607215881348e-01 -9.542954154312610626e-03
5.868744850158691406e-01 2.584890425205230713e-01 4.513814579695463181e-03
6.281031966209411621e-01 3.194480240345001221e-01 2.023470960557460785e-02
5.757663249969482422e-01 2.939745485782623291e-01 -5.531866103410720825e-03
6.106204390525817871e-01 3.538092374801635742e-01 3.425100818276405334e-02
6.287882924079895020e-01 3.498172461986541748e-01 4.276200011372566223e-02
5.225141644477844238e-01 5.623256564140319824e-01 -2.699774689972400665e-02
5.264102220535278320e-01 5.729157328605651855e-01 -2.616530284285545349e-02
5.402742624282836914e-01 5.674698352813720703e-01 -1.685746014118194580e-02
5.190299153327941895e-01 5.021088123321533203e-01 -3.460334241390228271e-02
5.460832715034484863e-01 5.872640013694763184e-01 1.206570304930210114e-02
5.332083702087402344e-01 5.794354677200317383e-01 1.150691648945212364e-03
5.353713035583496094e-01 5.746984481811523438e-01 -1.045856159180402756e-03
5.341659188270568848e-01 4.949521124362945557e-01 -5.092630162835121155e-02
5.381512641906738281e-01 5.755044221878051758e-01 -4.643419291824102402e-03
5.268278121948242188e-01 5.604659318923950195e-01 -2.291169203817844391e-02
5.169028639793395996e-01 5.566722154617309570e-01 -3.114752098917961121e-02
5.157640576362609863e-01 6.356410980224609375e-01 -9.533250704407691956e-03
5.101078748703002930e-01 6.057389378547668457e-01 -1.826671510934829712e-02
5.182088613510131836e-01 5.969149470329284668e-01 -2.577263116836547852e-02
5.110809206962585449e-01 5.953155159950256348e-01 -3.583602234721183777e-02
5.119524598121643066e-01 5.755248069763183594e-01 -2.206778340041637421e-02
5.356992483139038086e-01 5.846392512321472168e-01 -1.443511247634887695e-02
5.279380679130554199e-01 5.666531920433044434e-01 -5.189484450966119766e-03
5.341860651969909668e-01 5.844247341156005859e-01 -1.303812395781278610e-02
5.344269871711730957e-01 5.903850793838500977e-01 -1.462353579699993134e-02
5.516023039817810059e-01 5.547857880592346191e-01 -1.666562817990779877e-02
6.301270723342895508e-01 4.868352413177490234e-01 1.170393377542495728e-01
5.336167812347412109e-01 5.646886229515075684e-01 -2.862520981580018997e-03
5.398251414299011230e-01 5.939660072326660156e-01 -4.935049451887607574e-03
5.155405998229980469e-01 5.084413886070251465e-01 -2.405957505106925964e-02
5.341690182685852051e-01 5.006799697875976562e-01 -2.235723473131656647e-02
5.178552865982055664e-01 5.106270909309387207e-01 -2.849736995995044708e-02
5.558031797409057617e-01 4.473980367183685303e-01 2.466810168698430061e-03
5.652565360069274902e-01 4.633854031562805176e-01 -2.500417642295360565e-03
5.439225435256958008e-01 4.915554523468017578e-01 -2.201567590236663818e-02
6.112475991249084473e-01 2.725763320922851562e-01 2.730914577841758728e-02
5.949713587760925293e-01 2.944127023220062256e-01 1.947179250419139862e-02
5.906768441200256348e-01 3.268384337425231934e-01 4.935760051012039185e-03
5.532156229019165039e-01 6.060110926628112793e-01 4.655485041439533234e-03
5.403941869735717773e-01 3.282865881919860840e-01 -2.020922861993312836e-02
5.501319766044616699e-01 2.986158430576324463e-01 -1.843445003032684326e-02
5.592236518859863281e-01 2.656722068786621094e-01 -1.710211508907377720e-03
5.947918295860290527e-01 4.129442870616912842e-01 1.750487834215164185e-02
6.171851754188537598e-01 4.370371997356414795e-01 2.218823507428169250e-02
5.422674417495727539e-01 3.922433853149414062e-01 2.411338686943054199e-02
5.918574333190917969e-01 3.829120993614196777e-01 3.050337359309196472e-02
5.283962488174438477e-01 4.189630746841430664e-01 -4.043853841722011566e-04
5.321598649024963379e-01 4.800592660903930664e-01 -3.497961908578872681e-02
6.349358558654785156e-01 4.520264565944671631e-01 4.257703572511672974e-02
6.082135438919067383e-01 4.427042603492736816e-01 1.301842369139194489e-02
5.842415094375610352e-01 4.353416860103607178e-01 2.268100157380104065e-02
5.744073987007141113e-01 4.434994459152221680e-01 1.011350075714290142e-03
5.585188865661621094e-01 4.284618794918060303e-01 -4.516601329669356346e-04
5.442849397659301758e-01 4.057807624340057373e-01 2.784624462947249413e-03
5.146115422248840332e-01 3.930366337299346924e-01 -3.111268021166324615e-02
6.229482889175415039e-01 4.867014586925506592e-01 4.851577430963516235e-02
6.226955652236938477e-01 3.800964653491973877e-01 2.131049335002899170e-02
5.153882503509521484e-01 4.989024698734283447e-01 -5.063423886895179749e-02
5.311015844345092773e-01 4.585187137126922607e-01 -1.623236760497093201e-02
6.291388869285583496e-01 4.105048775672912598e-01 1.038749217987060547e-01
5.369067788124084473e-01 4.076330661773681641e-01 6.367065943777561188e-03
5.480889081954956055e-01 4.786966443061828613e-01 -7.966656237840652466e-03
6.010220050811767578e-01 4.007747471332550049e-01 2.217208221554756165e-02
5.354839563369750977e-01 4.811269342899322510e-01 -3.805376216769218445e-02
6.330304145812988281e-01 5.434238910675048828e-01 1.280346214771270752e-01
5.418294668197631836e-01 4.086378812789916992e-01 2.914819866418838501e-03
5.304574966430664062e-01 4.607715010643005371e-01 -5.479279905557632446e-02
5.902899503707885742e-01 6.118286252021789551e-01 3.879997879266738892e-02
5.935646891593933105e-01 6.418353319168090820e-01 6.170504167675971985e-02
6.375911235809326172e-01 4.819720983505249023e-01 7.724256068468093872e-02
6.134707331657409668e-01 5.888994932174682617e-01 6.557638198137283325e-02
6.343535184860229492e-01 3.776686489582061768e-01 7.093389332294464111e-02
5.421937704086303711e-01 6.641523241996765137e-01 8.056719787418842316e-03
5.049118399620056152e-01 4.967376887798309326e-01 -3.911832720041275024e-02
5.462425351142883301e-01 4.759721159934997559e-01 -1.490497216582298279e-02
6.206251978874206543e-01 4.171651005744934082e-01 5.014888569712638855e-02
5.877162814140319824e-01 4.031363427639007568e-01 1.694595254957675934e-02
5.697697401046752930e-01 4.039687514305114746e-01 -2.143683843314647675e-03
5.288715362548828125e-01 5.781041979789733887e-01 -1.412754179909825325e-03
6.196672916412353516e-01 5.125139951705932617e-01 3.205586224794387817e-02
5.085999965667724609e-01 7.046683430671691895e-01 -7.708624470978975296e-04
5.605745315551757812e-01 6.893200874328613281e-01 2.823745086789131165e-02
5.765929222106933594e-01 6.431379318237304688e-01 4.191254824399948120e-02
5.679631829261779785e-01 3.966540098190307617e-01 -2.545742318034172058e-04
5.510929822921752930e-01 4.007654786109924316e-01 -1.653598737902939320e-03
5.504955053329467773e-01 3.803802728652954102e-01 7.726167794317007065e-03
6.246830821037292480e-01 3.713585436344146729e-01 4.590054973959922791e-02
5.520237684249877930e-01 3.872054219245910645e-01 5.797052755951881409e-03
5.709128975868225098e-01 3.682847321033477783e-01 1.120868138968944550e-02
5.716918110847473145e-01 3.748527169227600098e-01 -3.558457829058170319e-04
5.922573804855346680e-01 3.753870725631713867e-01 1.038281898945569992e-02
5.788142681121826172e-01 3.936460316181182861e-01 1.333033852279186249e-02
6.337174773216247559e-01 3.588300645351409912e-01 9.616766870021820068e-02
5.835039615631103516e-01 3.923645317554473877e-01 2.892520278692245483e-03
5.511116385459899902e-01 5.159775614738464355e-01 -1.823177933692932129e-02
5.353996157646179199e-01 5.025901198387145996e-01 -2.772909402847290039e-02
5.212561488151550293e-01 5.243037343025207520e-01 -3.118985518813133240e-02
5.718169808387756348e-01 6.350696086883544922e-01 2.502301149070262909e-02
5.434015989303588867e-01 6.448887586593627930e-01 2.077866718173027039e-02
5.109354853630065918e-01 6.818578243255615234e-01 -3.191842697560787201e-04
5.963447093963623047e-01 6.010819673538208008e-01 8.597348630428314209e-02
5.457994937896728516e-01 3.873849213123321533e-01 3.511769464239478111e-03
5.281219482421875000e-01 4.313336014747619629e-01 -2.231796830892562866e-02
5.451783537864685059e-01 6.868318319320678711e-01 2.075197175145149231e-02
6.219011545181274414e-01 5.380744934082031250e-01 6.674264371395111084e-02
5.222752094268798828e-01 5.788744688034057617e-01 -1.279136352241039276e-02
5.258271098136901855e-01 5.931459069252014160e-01 -9.506349451839923859e-03
5.240530967712402344e-01 5.943127274513244629e-01 -1.538007520139217377e-02
5.274117588996887207e-01 6.073470711708068848e-01 -1.475963089615106583e-02
5.405254960060119629e-01 6.225057244300842285e-01 -9.091094136238098145e-03
5.418803691864013672e-01 5.839000940322875977e-01 -6.336257327347993851e-03
5.316826105117797852e-01 5.689299106597900391e-01 8.163006044924259186e-03
5.469125509262084961e-01 5.742567777633666992e-01 -1.061435788869857788e-02
5.585708618164062500e-01 5.572434067726135254e-01 4.837079904973506927e-05
5.905390977859497070e-01 5.233166217803955078e-01 2.438866905868053436e-02
5.225135087966918945e-01 4.173375964164733887e-01 -1.485938671976327896e-03
5.392703413963317871e-01 3.814565539360046387e-01 1.116012036800384521e-02
5.438097119331359863e-01 3.794600963592529297e-01 9.796330705285072327e-03
5.408771634101867676e-01 5.732910037040710449e-01 -9.564880281686782837e-03
6.040511131286621094e-01 5.715855956077575684e-01 3.510063886642456055e-02
5.173597335815429688e-01 3.718620538711547852e-01 -1.443392597138881683e-02
5.439013242721557617e-01 6.385301351547241211e-01 -8.088800124824047089e-03
5.181075930595397949e-01 4.284703135490417480e-01 -2.484275400638580322e-02
5.391806364059448242e-01 4.564281702041625977e-01 -1.753917522728443146e-02
5.194098949432373047e-01 6.459107995033264160e-01 -1.244566589593887329e-02
5.620372891426086426e-01 6.059551835060119629e-01 6.695147603750228882e-03
5.559900999069213867e-01 4.986307322978973389e-01 -2.226138720288872719e-03
5.452929735183715820e-01 6.204254627227783203e-01 -4.829277284443378448e-03
5.816505551338195801e-01 4.994160830974578857e-01 1.080274768173694611e-02
5.606400370597839355e-01 5.315262079238891602e-01 6.644480861723423004e-03
5.796995162963867188e-01 5.261413455009460449e-01 -1.614011125639081001e-03
5.097921490669250488e-01 6.705799102783203125e-01 -1.437470130622386932e-02
5.439506173133850098e-01 4.662991464138031006e-01 -1.671294309198856354e-02
5.763484239578247070e-01 6.190816164016723633e-01 2.945104800164699554e-02
5.550736188888549805e-01 6.329190135002136230e-01 6.165174767374992371e-03
5.765959024429321289e-01 5.831200480461120605e-01 7.174661383032798767e-03
6.054280996322631836e-01 5.450017452239990234e-01 4.351122304797172546e-02
5.920743942260742188e-01 5.805442929267883301e-01 1.517420820891857147e-02
6.178217530250549316e-01 5.565466284751892090e-01 6.214775890111923218e-02
5.725281834602355957e-01 5.561668276786804199e-01 -6.950683891773223877e-03
5.407773852348327637e-01 4.539733231067657471e-01 -3.087623417377471924e-02
5.299718379974365234e-01 4.917033314704895020e-01 -5.864356830716133118e-02
5.246481895446777344e-01 5.094893574714660645e-01 -3.226776048541069031e-02
5.285221934318542480e-01 4.694542288780212402e-01 -4.681853204965591431e-02
5.405745506286621094e-01 3.637427985668182373e-01 1.088967453688383102e-02
5.568880438804626465e-01 3.501908481121063232e-01 -2.695082686841487885e-03
5.918614268302917480e-01 3.415853083133697510e-01 1.537601579912006855e-03
6.005043983459472656e-01 3.519238233566284180e-01 -2.187099307775497437e-04
6.066808104515075684e-01 3.602144122123718262e-01 1.012963894754648209e-02
6.005696058273315430e-01 3.841944932937622070e-01 3.032782487571239471e-02
6.339315772056579590e-01 4.536409974098205566e-01 7.838906347751617432e-02
6.020430922508239746e-01 4.327451586723327637e-01 2.010511979460716248e-02
5.991237163543701172e-01 4.375450611114501953e-01 1.940802112221717834e-02
5.693500041961669922e-01 4.256344139575958252e-01 9.783670306205749512e-03
5.501394271850585938e-01 4.053539633750915527e-01 9.642797522246837616e-03
5.430573225021362305e-01 4.167409241199493408e-01 4.287266172468662262e-03
5.399419665336608887e-01 3.969557881355285645e-01 1.057486981153488159e-02
6.435036063194274902e-01 4.562606513500213623e-01 1.059655398130416870e-01
5.407883524894714355e-01 5.077094435691833496e-01 -2.537157014012336731e-02
5.215233564376831055e-01 4.366161227226257324e-01 -2.978863380849361420e-02
5.263776779174804688e-01 4.858680367469787598e-01 -5.397214740514755249e-02
5.107167363166809082e-01 4.891848862171173096e-01 -4.611973464488983154e-02
5.315636992454528809e-01 4.910767078399658203e-01 -5.513642355799674988e-02
5.342598557472229004e-01 5.045358538627624512e-01 -1.415914949029684067e-02
5.210593938827514648e-01 5.085181593894958496e-01 -5.242264270782470703e-02
5.117908120155334473e-01 5.056203603744506836e-01 -3.885133564472198486e-02
5.417219400405883789e-01 3.889865577220916748e-01 1.883844099938869476e-02
5.370143055915832520e-01 3.939741551876068115e-01 4.050719551742076874e-03
5.341365337371826172e-01 3.982704877853393555e-01 -1.514976937323808670e-02
5.848886966705322266e-01 3.877150714397430420e-01 1.967929489910602570e-02
6.047827601432800293e-01 3.712779283523559570e-01 1.579684577882289886e-02
4.521107673645019531e-01 3.786998093128204346e-01 7.085594814270734787e-03
4.581574201583862305e-01 3.807790577411651611e-01 3.913572058081626892e-03
4.386253654956817627e-01 3.605813980102539062e-01 1.793163828551769257e-02
4.288693368434906006e-01 3.739180266857147217e-01 6.863135378807783127e-03
4.507701396942138672e-01 3.895891904830932617e-01 6.652701646089553833e-03
5.753814578056335449e-01 3.732092380523681641e-01 3.138082334771752357e-03
5.960050821304321289e-01 3.961725234985351562e-01 1.577827706933021545e-02
5.811669230461120605e-01 3.738276064395904541e-01 1.619205810129642487e-02
5.666381716728210449e-01 3.915246427059173584e-01 1.325257960706949234e-02
5.689620971679687500e-01 3.996435701847076416e-01 1.558228395879268646e-02
