4.926254451274871826e-01 5.200391411781311035e-01 -5.606585741043090820e-02
4.868133962154388428e-01 4.616991579532623291e-01 -5.103061720728874207e-02
4.904347956180572510e-01 4.827580749988555908e-01 -4.350073635578155518e-02
4.860358238220214844e-01 4.134101271629333496e-01 -3.690041229128837585e-02
5.019083023071289062e-01 4.535784721374511719e-01 -6.319168955087661743e-02
5.040894150733947754e-01 4.203261733055114746e-01 -4.622365534305572510e-02
5.071512460708618164e-01 3.719302117824554443e-01 -2.977541461586952209e-02
4.257060885429382324e-01 3.624285459518432617e-01 1.891329884529113770e-02
4.929666817188262939e-01 3.276183903217315674e-01 -2.842344343662261963e-02
5.144987106323242188e-01 2.831560969352722168e-01 -1.059753354638814926e-02
5.164380073547363281e-01 2.397316992282867432e-01 7.342966273427009583e-03
5.081203579902648926e-01 5.229873657226562500e-01 -3.577435389161109924e-02
4.933520257472991943e-01 5.319488644599914551e-01 -3.283571079373359680e-02
4.961533546447753906e-01 5.384540557861328125e-01 -2.634213864803314209e-02
4.925044476985931396e-01 5.572291612625122070e-01 -2.023498900234699249e-02
5.015001893043518066e-01 5.619441866874694824e-01 -2.428791113197803497e-02
4.867438673973083496e-01 5.629077553749084473e-01 -2.971927262842655182e-02
4.890284240245819092e-01 5.919936895370483398e-01 -2.056933566927909851e-02
4.904146492481231689e-01 6.077063679695129395e-01 -7.389173842966556549e-03
5.010653138160705566e-01 4.736942052841186523e-01 -4.546805471181869507e-02
4.831668734550476074e-01 4.665838479995727539e-01 -3.557427972555160522e-02
3.811572790145874023e-01 3.070835471153259277e-01 5.980809032917022705e-02
4.499866962432861328e-01 3.848603963851928711e-01 -1.404330600053071976e-03
4.495360553264617920e-01 3.762200176715850830e-01 -2.627063076943159103e-04
4.331859052181243896e-01 3.706943392753601074e-01 1.865673251450061798e-02
4.251174926757812500e-01 3.695744872093200684e-01 1.238959003239870071e-02
4.625130891799926758e-01 3.786971569061279297e-01 7.046090904623270035e-03
4.429912269115447998e-01 3.263977169990539551e-01 9.929912164807319641e-03
4.474371969699859619e-01 3.308676481246948242e-01 6.555516738444566727e-03
4.218359291553497314e-01 3.239405155181884766e-01 4.754857625812292099e-03
4.083071649074554443e-01 3.483370840549468994e-01 8.673621341586112976e-04
3.897025585174560547e-01 3.815439641475677490e-01 3.972500562667846680e-02
4.433377981185913086e-01 6.134479641914367676e-01 2.771230880171060562e-03
4.156458079814910889e-01 3.574211597442626953e-01 3.601287957280874252e-03
3.730774819850921631e-01 3.634923100471496582e-01 7.000829279422760010e-02
3.950428366661071777e-01 3.642159104347229004e-01 4.468148574233055115e-02
4.402830004692077637e-01 4.514665007591247559e-01 -7.422476541250944138e-03
4.937591850757598877e-01 5.019253492355346680e-01 -2.573823742568492889e-02
4.798707067966461182e-01 5.171219110488891602e-01 -3.187929093837738037e-02
4.556049108505249023e-01 5.078939199447631836e-01 -3.666149079799652100e-02
4.481713473796844482e-01 5.240712165832519531e-01 -2.689102105796337128e-02
4.786399304866790771e-01 5.302457809448242188e-01 -2.359905466437339783e-02
4.673159718513488770e-01 5.257813334465026855e-01 -2.145261876285076141e-02
4.392378926277160645e-01 5.515585541725158691e-01 -1.998800039291381836e-02
4.878438115119934082e-01 4.581484794616699219e-01 -6.528544425964355469e-02
4.817465841770172119e-01 4.463161230087280273e-01 -5.641638115048408508e-02
4.057394564151763916e-01 3.242586851119995117e-01 2.823714166879653931e-02
4.589855968952178955e-01 4.138599336147308350e-01 -6.990291178226470947e-03
4.533521234989166260e-01 4.583274126052856445e-01 -3.786857798695564270e-02
4.609639048576354980e-01 4.352853298187255859e-01 -2.519054338335990906e-02
4.058944880962371826e-01 4.487175047397613525e-01 1.400227192789316177e-02
4.951757490634918213e-01 4.107706844806671143e-01 -5.135387554764747620e-02
4.334560036659240723e-01 2.863889634609222412e-01 5.743326619267463684e-03
4.027942419052124023e-01 3.062892258167266846e-01 1.127388793975114822e-02
4.006122946739196777e-01 2.654372453689575195e-01 5.032306909561157227e-02
4.909587502479553223e-01 3.162968754768371582e-01 1.937968889251351357e-03
4.639863073825836182e-01 3.283539414405822754e-01 -5.918668583035469055e-03
4.360059797763824463e-01 5.401329994201660156e-01 9.641475626267492771e-04
3.644925355911254883e-01 5.235306024551391602e-01 7.802332192659378052e-02
4.696654677391052246e-01 4.492166042327880859e-01 -3.336335718631744385e-02
4.859271943569183350e-01 4.674778282642364502e-01 -4.943902604281902313e-03
4.373159408569335938e-01 5.347720384597778320e-01 -1.060179434716701508e-03
4.570098519325256348e-01 5.501632094383239746e-01 -2.936138771474361420e-03
4.218483865261077881e-01 2.867475152015686035e-01 1.595785655081272125e-02
4.624410271644592285e-01 4.531137943267822266e-01 -2.656599506735801697e-02
4.657618105411529541e-01 3.059799373149871826e-01 -1.282300055027008057e-02
4.489799737930297852e-01 2.883088588714599609e-01 -7.380154915153980255e-03
4.521765112876892090e-01 2.296466976404190063e-01 1.458978932350873947e-02
4.129112362861633301e-01 2.808956503868103027e-01 2.824022807180881500e-02
4.562633335590362549e-01 2.800274789333343506e-01 5.376448389142751694e-04
4.003103375434875488e-01 3.113363683223724365e-01 1.941459067165851593e-02
3.892271518707275391e-01 3.165639638900756836e-01 3.837011009454727173e-02
4.775475561618804932e-01 5.189021229743957520e-01 -4.338883981108665466e-02
4.788070917129516602e-01 5.237664580345153809e-01 -2.528755925595760345e-02
4.585160017013549805e-01 5.163809657096862793e-01 -8.477033115923404694e-03
4.799194633960723877e-01 4.728039205074310303e-01 -2.643455564975738525e-02
4.575456976890563965e-01 5.446039438247680664e-01 -3.134032478556036949e-03
4.428600072860717773e-01 5.558958053588867188e-01 -9.585280902683734894e-03
4.566511809825897217e-01 5.388175249099731445e-01 -8.533134125173091888e-03
4.811145365238189697e-01 4.582804441452026367e-01 -4.084901884198188782e-02
4.830483496189117432e-01 5.335580110549926758e-01 -2.230048552155494690e-02
4.662509858608245850e-01 5.353595614433288574e-01 -1.034594327211380005e-02
4.866448640823364258e-01 5.161370038986206055e-01 -8.670307695865631104e-03
4.776887595653533936e-01 6.103956103324890137e-01 -5.458119325339794159e-03
4.767908453941345215e-01 5.819615721702575684e-01 -1.341692171990871429e-02
4.691293835639953613e-01 5.747869610786437988e-01 -2.138997428119182587e-02
4.740018248558044434e-01 5.639966726303100586e-01 -2.194838225841522217e-02
4.706553518772125244e-01 5.542165040969848633e-01 -1.635528169572353363e-02
4.767961502075195312e-01 5.545876026153564453e-01 -4.705019760876893997e-03
4.679293632507324219e-01 5.408021211624145508e-01 -1.403347030282020569e-02
4.631071686744689941e-01 5.703813433647155762e-01 -1.907468214631080627e-02
4.523354768753051758e-01 5.669442415237426758e-01 -1.752548664808273315e-02
4.382708668708801270e-01 5.108532905578613281e-01 -2.178055047988891602e-02
3.674246072769165039e-01 4.400652050971984863e-01 1.100922077894210815e-01
4.998280704021453857e-01 4.754433035850524902e-01 -3.388742357492446899e-02
4.520112574100494385e-01 5.375317335128784180e-01 -1.819541445001959801e-03
4.565558135509490967e-01 5.497338771820068359e-01 -6.247046869248151779e-03
4.909261167049407959e-01 4.828461408615112305e-01 -3.724133595824241638e-02
4.564104676246643066e-01 4.755645990371704102e-01 -1.364088058471679688e-02
4.877378642559051514e-01 4.781297743320465088e-01 -4.975455999374389648e-02
4.561397731304168701e-01 4.257622957229614258e-01 -9.859915822744369507e-03
4.332837164402008057e-01 4.261394441127777100e-01 -3.061910159885883331e-03
4.528218209743499756e-01 4.698705673217773438e-01 -2.787532284855842590e-02
4.150448441505432129e-01 2.547617256641387939e-01 3.027655556797981262e-02
4.343866109848022461e-01 2.721013128757476807e-01 1.772716827690601349e-02
4.222716093063354492e-01 2.936405241489410400e-01 1.848071999847888947e-02
4.634433388710021973e-01 5.757659077644348145e-01 1.151531096547842026e-02
4.897743463516235352e-01 2.948638200759887695e-01 -6.875089835375547409e-03
4.575709700584411621e-01 2.728018164634704590e-01 -4.613974131643772125e-03
4.768284261226654053e-01 2.474861741065979004e-01 7.279349956661462784e-04
4.185931086540222168e-01 3.779637217521667480e-01 1.713652350008487701e-02
3.940045535564422607e-01 3.866298198699951172e-01 3.755825757980346680e-02
4.599446058273315430e-01 3.669812083244323730e-01 1.039328984916210175e-02
4.039975404739379883e-01 3.449831902980804443e-01 2.086407132446765900e-02
4.736365675926208496e-01 3.973536193370819092e-01 1.839860808104276657e-03
4.699988365173339844e-01 4.513893425464630127e-01 -3.665869683027267456e-02
3.867430090904235840e-01 3.989374041557312012e-01 3.818277269601821899e-02
4.005961120128631592e-01 4.025718867778778076e-01 1.611484214663505554e-02
4.082666933536529541e-01 4.132724106311798096e-01 9.412024170160293579e-03
4.299428462982177734e-01 4.044243693351745605e-01 5.248806905001401901e-03
4.514101743698120117e-01 4.005850851535797119e-01 -1.238730363547801971e-02
4.747362732887268066e-01 3.863999545574188232e-01 -1.998539082705974579e-04
5.027705430984497070e-01 3.836323320865631104e-01 -7.893569767475128174e-03
3.824549317359924316e-01 4.332454800605773926e-01 2.460461109876632690e-02
3.916338682174682617e-01 3.414280414581298828e-01 3.021117672324180603e-02
4.987465441226959229e-01 4.687932133674621582e-01 -4.784595966339111328e-02
4.594076275825500488e-01 4.197607934474945068e-01 -1.645268127322196960e-02
3.698108196258544922e-01 3.775522708892822266e-01 1.104286015033721924e-01
4.819292128086090088e-01 3.748509287834167480e-01 -9.496364742517471313e-03
4.578508436679840088e-01 4.505777060985565186e-01 -1.822001673281192780e-02
4.131303131580352783e-01 3.547423481941223145e-01 1.084000617265701294e-02
4.728242754936218262e-01 4.309418499469757080e-01 -3.004816547036170959e-02
3.604983687400817871e-01 4.847123622894287109e-01 1.044664606451988220e-01
4.686896204948425293e-01 3.610432446002960205e-01 1.200474239885807037e-02
4.805434942245483398e-01 4.312569200992584229e-01 -4.972496256232261658e-02
3.974401354789733887e-01 5.653221011161804199e-01 2.608560584485530853e-02
3.976108133792877197e-01 5.842054486274719238e-01 3.942276909947395325e-02
3.777097165584564209e-01 4.375405311584472656e-01 7.662140578031539917e-02
3.818682730197906494e-01 5.496746301651000977e-01 3.764843195676803589e-02
3.838818669319152832e-01 3.577772080898284912e-01 6.766343861818313599e-02
4.362950026988983154e-01 6.277078390121459961e-01 -8.827491663396358490e-03
4.956051409244537354e-01 4.620627760887145996e-01 -4.218575358390808105e-02
4.597688019275665283e-01 4.414295554161071777e-01 -9.757626801729202271e-03
3.839017152786254883e-01 3.688338994979858398e-01 3.948533535003662109e-02
4.386750459671020508e-01 3.732281029224395752e-01 4.468275234103202820e-03
4.467278718948364258e-01 3.592176437377929688e-01 8.136213757097721100e-03
4.630360603332519531e-01 5.501108169555664062e-01 -5.073479376733303070e-03
3.969869017601013184e-01 4.721063971519470215e-01 3.792135044932365417e-02
4.543190598487854004e-01 6.666116118431091309e-01 8.469562046229839325e-03
4.231115579605102539e-01 6.257715821266174316e-01 2.522391267120838165e-02
4.123041331768035889e-01 6.086410880088806152e-01 3.974450379610061646e-02
5.135350227355957031e-01 2.799638211727142334e-01 1.863121986389160156e-03
4.730982482433319092e-01 6.718212962150573730e-01 1.742957509122788906e-03
4.495108425617218018e-01 3.761179745197296143e-01 3.642635187134146690e-03
4.691402912139892578e-01 3.691232204437255859e-01 4.270199220627546310e-03
4.739663600921630859e-01 3.711688220500946045e-01 9.630819782614707947e-03
3.842639625072479248e-01 3.436094224452972412e-01 3.652769699692726135e-02
4.773613214492797852e-01 3.579958379268646240e-01 1.469919364899396896e-02
4.392077028751373291e-01 3.609599769115447998e-01 8.083909749984741211e-03
4.416935443878173828e-01 3.478099703788757324e-01 -1.393985003232955933e-03
4.246864914894104004e-01 3.591514527797698975e-01 2.247083187103271484e-02
4.247027039527893066e-01 3.572978675365447998e-01 1.266087032854557037e-02
3.787763118743896484e-01 3.330605924129486084e-01 7.756192982196807861e-02
4.126283526420593262e-01 3.550274670124053955e-01 2.869891747832298279e-02
5.013995170593261719e-01 4.996807575225830078e-01 -4.650877416133880615e-02
4.578504562377929688e-01 4.823656082153320312e-01 -3.120229952037334442e-02
4.667890071868896484e-01 4.700835347175598145e-01 -3.192353248596191406e-02
4.787714779376983643e-01 4.906602799892425537e-01 -4.079903289675712585e-02
5.095575451850891113e-01 3.561546504497528076e-01 -1.691725291311740875e-02
4.115621149539947510e-01 5.953522324562072754e-01 9.792158380150794983e-03
4.307506978511810303e-01 6.110537648200988770e-01 2.418907172977924347e-02
4.522923827171325684e-01 6.440222263336181641e-01 -2.659728564321994781e-02
3.865634500980377197e-01 5.610768795013427734e-01 7.763897627592086792e-02
4.679095745086669922e-01 3.627483546733856201e-01 1.307337265461683273e-02
4.696637988090515137e-01 3.966379165649414062e-01 -1.868723705410957336e-02
4.920155704021453857e-01 6.578582525253295898e-01 -2.204078249633312225e-03
4.410000145435333252e-01 6.437097787857055664e-01 2.323336154222488403e-02
3.703473508358001709e-01 4.898537397384643555e-01 6.804838776588439941e-02
4.765544831752777100e-01 5.512498617172241211e-01 -2.062680013477802277e-02
4.736129939556121826e-01 5.594744682312011719e-01 -1.260914467275142670e-02
4.704453349113464355e-01 5.594462752342224121e-01 -2.075561881065368652e-02
4.626511931419372559e-01 5.809205770492553711e-01 -2.183376252651214600e-02
4.528465867042541504e-01 5.900625586509704590e-01 -1.550345122814178467e-02
4.605815112590789795e-01 5.284898877143859863e-01 -1.661891676485538483e-02
4.468738436698913574e-01 5.467466711997985840e-01 -1.209602691233158112e-02
4.465945959091186523e-01 5.301388502120971680e-01 -7.286475971341133118e-03
4.458703994750976562e-01 5.053944587707519531e-01 -1.276006456464529037e-02
4.061172604560852051e-01 4.785611033439636230e-01 3.005010448396205902e-02
4.859201908111572266e-01 3.765717744827270508e-01 -2.021317556500434875e-02
4.820149838924407959e-01 3.493261635303497314e-01 5.928826052695512772e-03
4.718660712242126465e-01 3.743456304073333740e-01 7.020560093224048615e-03
4.575734734535217285e-01 5.282295346260070801e-01 2.622714964672923088e-03
3.910322785377502441e-01 5.259941220283508301e-01 3.529970720410346985e-02
4.926242530345916748e-01 3.478074669837951660e-01 -3.696041181683540344e-03
4.483070671558380127e-01 5.890258550643920898e-01 -1.194910984486341476e-02
5.058811306953430176e-01 3.929955661296844482e-01 -5.190647020936012268e-02
4.753450155258178711e-01 3.934822082519531250e-01 -3.467790409922599792e-02
4.932412505149841309e-01 3.832865059375762939e-01 -3.697603568434715271e-02
4.732739925384521484e-01 4.265849888324737549e-01 -2.420703694224357605e-02
4.847662448883056641e-01 6.375536918640136719e-01 -1.443451829254627228e-02
4.977274239063262939e-01 6.171415448188781738e-01 -1.758679933845996857e-02
4.651625156402587891e-01 6.115706562995910645e-01 -1.228871755301952362e-02
4.242611229419708252e-01 5.610703825950622559e-01 8.793734014034271240e-05
4.421154260635375977e-01 4.588468074798583984e-01 -8.553970605134963989e-03
4.422952830791473389e-01 5.821621417999267578e-01 -1.813750714063644409e-07
4.240081906318664551e-01 4.699655473232269287e-01 -6.998211611062288284e-03
4.399662017822265625e-01 4.935341477394104004e-01 2.096200129017233849e-03
4.138980209827423096e-01 5.035840272903442383e-01 -2.217360539361834526e-03
4.621110558509826660e-01 6.364886164665222168e-01 -7.459740154445171356e-03
4.682778418064117432e-01 4.199098050594329834e-01 -1.542528718709945679e-02
4.206981062889099121e-01 5.713863372802734375e-01 5.360819865018129349e-03
4.315323829650878906e-01 6.063906550407409668e-01 5.205168388783931732e-03
4.200916886329650879e-01 5.336642861366271973e-01 2.773963613435626030e-03
3.764025568962097168e-01 4.936185777187347412e-01 4.265041649341583252e-02
4.034927189350128174e-01 5.375216603279113770e-01 1.995464973151683807e-02
3.657718896865844727e-01 5.185129642486572266e-01 5.403776839375495911e-02
4.327542781829833984e-01 5.054246187210083008e-01 -4.693138878792524338e-03
4.724876582622528076e-01 4.153569340705871582e-01 -1.879904419183731079e-02
4.661290943622589111e-01 4.503785371780395508e-01 -4.794844612479209900e-02
4.778508543968200684e-01 4.604717791080474854e-01 -4.175914078950881958e-02
4.951862990856170654e-01 4.448072910308837891e-01 -3.974395990371704102e-02
4.749779701232910156e-01 3.386493325233459473e-01 -1.413980498909950256e-04
4.712321460247039795e-01 3.258207738399505615e-01 -1.029315963387489319e-02
4.342778623104095459e-01 3.128455281257629395e-01 3.642137628048658371e-03
4.365037679672241211e-01 3.250062763690948486e-01 -9.576763957738876343e-03
4.102071523666381836e-01 3.333685994148254395e-01 9.262132458388805389e-03
3.965258002281188965e-01 3.672048151493072510e-01 9.141635149717330933e-03
3.742944598197937012e-01 4.087649285793304443e-01 6.671456992626190186e-02
4.040025770664215088e-01 3.916222453117370605e-01 2.714895643293857574e-02
4.207146763801574707e-01 3.895816802978515625e-01 2.451340667903423309e-03
4.400126338005065918e-01 3.982645571231842041e-01 1.107126008719205856e-02
4.543725848197937012e-01 3.833333849906921387e-01 1.362710166722536087e-02
4.560372233390808105e-01 3.911905288696289062e-01 2.705818042159080505e-03
4.799345433712005615e-01 3.762942552566528320e-01 -6.029353477060794830e-03
3.610798418521881104e-01 4.009455442428588867e-01 1.082807779312133789e-01
4.554375410079956055e-01 4.638106226921081543e-01 -2.298339270055294037e-02
4.800741672515869141e-01 4.193743169307708740e-01 -2.816740050911903381e-02
4.783732295036315918e-01 4.636329412460327148e-01 -5.584296211600303650e-02
4.856285750865936279e-01 4.741784632205963135e-01 -5.353264138102531433e-02
4.699765443801879883e-01 4.644519388675689697e-01 -5.250374972820281982e-02
4.577333331108093262e-01 4.734680056571960449e-01 -2.967293560504913330e-02
4.913511276245117188e-01 4.585891067981719971e-01 -5.286052450537681580e-02
4.909969866275787354e-01 4.659300446510314941e-01 -3.270341455936431885e-02
4.732246994972229004e-01 3.687074780464172363e-01 7.334508001804351807e-03
4.813184738159179688e-01 3.677087724208831787e-01 2.769965445622801781e-03
4.910635650157928467e-01 3.722280561923980713e-01 5.326367914676666260e-03
4.279808402061462402e-01 3.532621264457702637e-01 8.758367970585823059e-03
4.343467354774475098e-01 3.362717032432556152e-01 2.220009081065654755e-02
5.023335218429565430e-01 4.085119962692260742e-01 -3.413679450750350952e-02
5.926143527030944824e-01 3.828208148479461670e-01 2.685380540788173676e-02
4.987412095069885254e-01 4.699179530143737793e-01 -4.106001555919647217e-02
6.193028688430786133e-01 3.345313668251037598e-01 7.896725088357925415e-02
5.582108497619628906e-01 3.903478980064392090e-01 1.231564674526453018e-02
5.610221028327941895e-01 3.858028054237365723e-01 1.396467909216880798e-03
5.842786431312561035e-01 3.850091993808746338e-01 6.485071498900651932e-03
5.950970649719238281e-01 3.860229849815368652e-01 2.290618605911731720e-02
5.403607487678527832e-01 3.736700117588043213e-01 2.646972052752971649e-02
5.711135268211364746e-01 3.464499115943908691e-01 1.322263758629560471e-02
5.550382137298583984e-01 3.441911637783050537e-01 3.657839726656675339e-03
5.876387357711791992e-01 3.367776572704315186e-01 1.224757079035043716e-02
5.909180641174316406e-01 3.538320362567901611e-01 1.821075379848480225e-02
5.985089540481567383e-01 3.944647014141082764e-01 1.979249343276023865e-02
5.372811555862426758e-01 6.266316771507263184e-01 -1.137610338628292084e-02
5.813816189765930176e-01 3.754911422729492188e-01 1.288495026528835297e-02
6.264849901199340820e-01 4.033551216125488281e-01 7.454005628824234009e-02
6.010124087333679199e-01 3.828754723072052002e-01 4.240610450506210327e-02
5.602796673774719238e-01 4.543058574199676514e-01 -1.683595939539372921e-03
5.224087238311767578e-01 5.193810462951660156e-01 -2.119358628988265991e-02
5.114566087722778320e-01 5.340074896812438965e-01 -3.408868610858917236e-02
5.302168726921081543e-01 5.102995038032531738e-01 -2.711595594882965088e-02
5.205901861190795898e-01 5.393718481063842773e-01 -1.613122969865798950e-02
5.227005481719970703e-01 5.347226262092590332e-01 -3.033337369561195374e-02
5.362503528594970703e-01 5.360369682312011719e-01 -2.397566474974155426e-02
5.256007313728332520e-01 5.609480142593383789e-01 -1.481311768293380737e-02
5.069793462753295898e-01 4.584906697273254395e-01 -6.132514402270317078e-02
5.066605806350708008e-01 4.496192336082458496e-01 -6.566736102104187012e-02
5.934963226318359375e-01 3.266683220863342285e-01 2.595594152808189392e-02
5.267814993858337402e-01 4.151622653007507324e-01 -1.014105137437582016e-02
5.272237658500671387e-01 4.535986781120300293e-01 -3.259148448705673218e-02
5.423985719680786133e-01 4.524168968200683594e-01 -3.256408870220184326e-02
5.863234400749206543e-01 4.494535923004150391e-01 1.739688403904438019e-02
5.084509849548339844e-01 4.211808741092681885e-01 -6.372277438640594482e-02
5.810399055480957031e-01 3.127769231796264648e-01 1.432170998305082321e-02
5.838550925254821777e-01 3.326314687728881836e-01 2.099053747951984406e-02
6.108407974243164062e-01 3.057689070701599121e-01 5.234208703041076660e-02
5.283439159393310547e-01 3.167965710163116455e-01 -8.326889947056770325e-03
5.420160293579101562e-01 3.476367890834808350e-01 7.058806717395782471e-03
5.444837808609008789e-01 5.488578677177429199e-01 9.574721567332744598e-03
5.924286842346191406e-01 5.617535710334777832e-01 8.426298201084136963e-02
5.259893536567687988e-01 4.715023338794708252e-01 -2.379347942769527435e-02
5.072964429855346680e-01 4.745198190212249756e-01 -3.975123167037963867e-02
5.405578613281250000e-01 5.474256277084350586e-01 6.991280242800712585e-03
5.388717651367187500e-01 5.623883008956909180e-01 -1.021079486235976219e-03
6.036703586578369141e-01 3.091204166412353516e-01 1.793860085308551788e-02
5.323274731636047363e-01 4.739042520523071289e-01 -3.080286458134651184e-02
5.554675459861755371e-01 3.158524036407470703e-01 5.110006313771009445e-04
5.720366239547729492e-01 2.898342609405517578e-01 -7.226211018860340118e-03
5.637014508247375488e-01 2.455564439296722412e-01 7.476794999092817307e-03
6.167703270912170410e-01 3.168332576751708984e-01 2.326178923249244690e-02
5.652016401290893555e-01 2.794018685817718506e-01 9.841204620897769928e-03
6.092222929000854492e-01 3.317464888095855713e-01 3.611214831471443176e-02
6.149110198020935059e-01 3.404767513275146484e-01 4.216470196843147278e-02
5.152959823608398438e-01 5.250380039215087891e-01 -2.740712091326713562e-02
5.287410616874694824e-01 5.253931879997253418e-01 -2.990769967436790466e-02
5.353479981422424316e-01 5.312793850898742676e-01 -2.472065202891826630e-02
5.240674018859863281e-01 4.716971814632415771e-01 -3.926169872283935547e-02
5.414064526557922363e-01 5.586599707603454590e-01 5.245441570878028870e-03
5.276904106140136719e-01 5.545529127120971680e-01 2.880237763747572899e-03
5.265290737152099609e-01 5.328557491302490234e-01 -7.128007244318723679e-03
5.156274437904357910e-01 4.644559621810913086e-01 -5.088901892304420471e-02
5.328424572944641113e-01 5.327863693237304688e-01 -6.271453574299812317e-03
5.160353779792785645e-01 5.272777676582336426e-01 -2.898299135267734528e-02
5.086062550544738770e-01 5.278359651565551758e-01 -4.332863911986351013e-02
5.090067386627197266e-01 6.017387509346008301e-01 -4.668175242841243744e-04
5.069242715835571289e-01 5.836809873580932617e-01 -1.685090921819210052e-02
5.116712450981140137e-01 5.675455331802368164e-01 -3.428263589739799500e-02
4.958111643791198730e-01 5.693126320838928223e-01 -3.568786382675170898e-02
5.050992369651794434e-01 5.634940266609191895e-01 -3.654988110065460205e-02
5.187387466430664062e-01 5.632450580596923828e-01 -1.689174212515354156e-02
5.242266058921813965e-01 5.430870056152343750e-01 -1.130617456510663033e-03
5.299594998359680176e-01 5.601127147674560547e-01 -8.781022392213344574e-03
5.305150151252746582e-01 5.711604356765747070e-01 -1.878573559224605560e-02
5.426878333091735840e-01 5.221851468086242676e-01 -1.542621105909347534e-02
6.270104646682739258e-01 4.777746796607971191e-01 1.130058616399765015e-01
5.233829021453857422e-01 5.464696884155273438e-01 -7.101506460458040237e-03
5.325871109962463379e-01 5.605753064155578613e-01 -4.472282715141773224e-03
5.141004323959350586e-01 4.805323481559753418e-01 -2.471271902322769165e-02
5.224858522415161133e-01 4.773801267147064209e-01 -2.128695137798786163e-02
5.146502852439880371e-01 4.681890904903411865e-01 -1.824116893112659454e-02
5.530581474304199219e-01 4.244598150253295898e-01 9.596527088433504105e-04
5.522547364234924316e-01 4.422927796840667725e-01 -1.755807432346045971e-03
5.322684049606323242e-01 4.678306281566619873e-01 -1.975590735673904419e-02
5.956032872200012207e-01 2.631242871284484863e-01 3.202590346336364746e-02
5.890191197395324707e-01 2.829465270042419434e-01 2.878532372415065765e-02
5.794886946678161621e-01 2.972995340824127197e-01 3.041645511984825134e-03
5.450478792190551758e-01 5.860896110534667969e-01 -4.465502686798572540e-03
5.296777486801147461e-01 3.160598278045654297e-01 -1.347719319164752960e-02
5.341850519180297852e-01 2.721307575702667236e-01 -1.649212092161178589e-02
5.492626428604125977e-01 2.425576895475387573e-01 8.176403120160102844e-03
5.835673213005065918e-01 3.904218375682830811e-01 2.189369127154350281e-02
6.067742109298706055e-01 4.092255830764770508e-01 2.104862034320831299e-02
5.400112867355346680e-01 3.694271743297576904e-01 2.333911880850791931e-02
5.844354629516601562e-01 3.653951585292816162e-01 3.118625283241271973e-02
5.173246860504150391e-01 3.958288431167602539e-01 4.838544409722089767e-03
5.221387743949890137e-01 4.617551863193511963e-01 -3.605932742357254028e-02
6.160330772399902344e-01 4.261532723903656006e-01 4.597296565771102905e-02
5.903617143630981445e-01 4.224137067794799805e-01 7.353979628533124924e-03
5.762758255004882812e-01 4.241578876972198486e-01 2.696908079087734222e-02
5.674940347671508789e-01 4.244119226932525635e-01 2.325640060007572174e-03
5.395401120185852051e-01 4.136270284652709961e-01 1.232703216373920441e-03
5.424709320068359375e-01 3.895719349384307861e-01 -4.014471545815467834e-03
5.088877081871032715e-01 3.811014294624328613e-01 -1.946132816374301910e-02
6.106287240982055664e-01 4.664419591426849365e-01 4.191813617944717407e-02
6.156795024871826172e-01 3.753346204757690430e-01 2.092794328927993774e-02
5.007036924362182617e-01 4.691021740436553955e-01 -5.548276379704475403e-02
5.150766372680664062e-01 4.308539330959320068e-01 -1.133937854319810867e-02
6.084985733032226562e-01 3.836716711521148682e-01 1.017227843403816223e-01
5.313692688941955566e-01 3.789450526237487793e-01 3.820317564532160759e-03
5.408890247344970703e-01 4.624046683311462402e-01 -3.120761830359697342e-03
5.986175537109375000e-01 3.835284113883972168e-01 2.538981847465038300e-02
5.331422090530395508e-01 4.511123299598693848e-01 -4.723618552088737488e-02
6.215646266937255859e-01 5.196895003318786621e-01 1.169641539454460144e-01
5.287820100784301758e-01 3.751311302185058594e-01 1.071529462933540344e-02
5.233782529830932617e-01 4.379164576530456543e-01 -5.344823747873306274e-02
5.744214653968811035e-01 5.898693799972534180e-01 3.490390628576278687e-02
5.843486189842224121e-01 6.091902256011962891e-01 5.706410855054855347e-02
6.237263679504394531e-01 4.660218060016632080e-01 6.959837675094604492e-02
6.022984385490417480e-01 5.598619580268859863e-01 6.069844216108322144e-02
6.175582408905029297e-01 3.600162863731384277e-01 6.610932201147079468e-02
5.360204577445983887e-01 6.414606571197509766e-01 1.533289905637502670e-02
4.969485700130462646e-01 4.660361707210540771e-01 -4.900147765874862671e-02
5.368068218231201172e-01 4.481435418128967285e-01 -8.486070670187473297e-03
6.155272126197814941e-01 4.013434052467346191e-01 6.232563778758049011e-02
5.809145569801330566e-01 3.851290643215179443e-01 1.939482428133487701e-02
5.652596354484558105e-01 3.802106082439422607e-01 7.694885134696960449e-03
5.263774394989013672e-01 5.493695735931396484e-01 -3.685253905132412910e-03
5.983495712280273438e-01 4.878911077976226807e-01 2.913154475390911102e-02
4.913545548915863037e-01 6.675962209701538086e-01 -9.077594149857759476e-04
5.437859296798706055e-01 6.463547945022583008e-01 2.670646831393241882e-02
5.599659681320190430e-01 6.290096640586853027e-01 3.973789513111114502e-02
5.431270599365234375e-01 3.852559924125671387e-01 1.022198610007762909e-02
5.449253916740417480e-01 3.799554407596588135e-01 7.139818742871284485e-03
5.461139082908630371e-01 3.602209091186523438e-01 -1.471749041229486465e-03
6.122041940689086914e-01 3.470350205898284912e-01 4.602785408496856689e-02
5.395758748054504395e-01 3.756281137466430664e-01 8.848682045936584473e-03
5.525522828102111816e-01 3.574512600898742676e-01 3.785623703151941299e-03
5.615092515945434570e-01 3.583773374557495117e-01 1.421722769737243652e-02
5.755073428153991699e-01 3.590580821037292480e-01 1.608105190098285675e-02
5.728241205215454102e-01 3.738305568695068359e-01 2.520500309765338898e-02
6.300146579742431641e-01 3.533788621425628662e-01 9.284118562936782837e-02
5.710112452507019043e-01 3.741014301776885986e-01 1.762878149747848511e-02
5.434985756874084473e-01 4.950420558452606201e-01 -2.120900526642799377e-02
5.402738451957702637e-01 4.629803299903869629e-01 -1.956323534250259399e-02
5.048339962959289551e-01 4.994061589241027832e-01 -3.819449618458747864e-02
5.677753686904907227e-01 6.073684096336364746e-01 1.308685168623924255e-02
5.405670404434204102e-01 6.081532239913940430e-01 2.021704241633415222e-02
5.101644992828369141e-01 6.534878015518188477e-01 -4.559283610433340073e-03
5.761082172393798828e-01 5.875889062881469727e-01 8.364622294902801514e-02
5.459102988243103027e-01 3.634073138236999512e-01 1.585988095030188560e-03
5.319178700447082520e-01 4.050639271736145020e-01 -2.116314321756362915e-02
5.277531743049621582e-01 6.548745036125183105e-01 1.844679191708564758e-02
6.104052066802978516e-01 5.024321079254150391e-01 5.682902783155441284e-02
5.096076726913452148e-01 5.535003542900085449e-01 -1.173627190291881561e-02
5.237349271774291992e-01 5.681767463684082031e-01 -1.581786200404167175e-02
5.152694582939147949e-01 5.697154402732849121e-01 -1.365846209228038788e-02
5.209546089172363281e-01 5.866485238075256348e-01 -1.214432623237371445e-02
5.298274755477905273e-01 5.972563624382019043e-01 -1.499858126044273376e-02
5.369775891304016113e-01 5.466073751449584961e-01 -1.237536966800689697e-02
5.318405032157897949e-01 5.431976914405822754e-01 7.597394287586212158e-04
5.425952076911926270e-01 5.382310152053833008e-01 -5.746531765908002853e-03
5.460340380668640137e-01 5.225089192390441895e-01 2.017111983150243759e-04
5.872032046318054199e-01 4.944599270820617676e-01 2.051119506359100342e-02
5.169041156768798828e-01 4.020518064498901367e-01 -7.585539016872644424e-03
5.391206741333007812e-01 3.570129275321960449e-01 1.164961419999599457e-02
5.382655858993530273e-01 3.593772053718566895e-01 5.203435197472572327e-03
5.321842432022094727e-01 5.497425794601440430e-01 -2.267463132739067078e-02
5.910665392875671387e-01 5.356471538543701172e-01 2.096805721521377563e-02
5.098695755004882812e-01 3.410503864288330078e-01 -6.493928376585245132e-03
5.328388214111328125e-01 5.994307398796081543e-01 -8.314074017107486725e-03
5.045685768127441406e-01 3.961063027381896973e-01 -1.740287989377975464e-02
5.257226824760437012e-01 4.276431202888488770e-01 -1.347895804792642593e-02
5.150244832038879395e-01 6.150034070014953613e-01 -1.755529455840587616e-02
5.504555106163024902e-01 5.705035924911499023e-01 1.117154210805892944e-02
5.509046316146850586e-01 4.771524369716644287e-01 1.050496241077780724e-03
5.365907549858093262e-01 5.879786610603332520e-01 -1.025997567921876907e-02
5.736231803894042969e-01 4.813089370727539062e-01 5.064447410404682159e-03
5.607772469520568848e-01 5.030750036239624023e-01 -4.927469417452812195e-04
5.686991214752197266e-01 4.966506361961364746e-01 -1.263687293976545334e-02
5.095611810684204102e-01 6.368945240974426270e-01 -2.161103114485740662e-02
5.277894735336303711e-01 4.396519362926483154e-01 -3.141871094703674316e-02
5.602075457572937012e-01 5.891427397727966309e-01 2.395756542682647705e-02
5.458262562751770020e-01 5.928816199302673340e-01 6.467753555625677109e-04
5.671504735946655273e-01 5.475574135780334473e-01 1.340632699429988861e-02
6.020569205284118652e-01 5.162580013275146484e-01 3.975280746817588806e-02
5.841779112815856934e-01 5.545056462287902832e-01 5.357872694730758667e-03
6.035524606704711914e-01 5.387690663337707520e-01 6.928230822086334229e-02
5.605756640434265137e-01 5.261602997779846191e-01 -1.315615139901638031e-02
5.229335427284240723e-01 4.225833117961883545e-01 -2.336233854293823242e-02
5.206913352012634277e-01 4.581758975982666016e-01 -6.938239187002182007e-02
5.180388689041137695e-01 4.693385660648345947e-01 -2.724203467369079590e-02
5.263304710388183594e-01 4.373278021812438965e-01 -4.530680924654006958e-02
5.368555188179016113e-01 3.496333956718444824e-01 8.496986702084541321e-03
5.418684482574462891e-01 3.250856399536132812e-01 -6.368842907249927521e-03
5.771124958992004395e-01 3.361154496669769287e-01 -1.805555890314280987e-03
5.957484245300292969e-01 3.347000777721405029e-01 3.933789208531379700e-03
5.912244915962219238e-01 3.402497470378875732e-01 1.311915833503007889e-02
5.959393978118896484e-01 3.726471364498138428e-01 2.968767099082469940e-02
6.329334974288940430e-01 4.344717264175415039e-01 7.852588593959808350e-02
5.976329445838928223e-01 4.064634144306182861e-01 2.283335849642753601e-02
5.902653932571411133e-01 4.162615835666656494e-01 1.034286618232727051e-02
5.650235414505004883e-01 4.034979939460754395e-01 2.109250985085964203e-03
5.445379614830017090e-01 3.959562778472900391e-01 7.368947379291057587e-03
5.288208127021789551e-01 3.895600140094757080e-01 9.582424536347389221e-03
5.379769206047058105e-01 3.871710896492004395e-01 1.350215449929237366e-02
6.319337487220764160e-01 4.350235462188720703e-01 1.119767278432846069e-01
5.225030779838562012e-01 4.801873266696929932e-01 -2.984797954559326172e-02
5.165122151374816895e-01 4.058952331542968750e-01 -3.899849951267242432e-02
5.180101394653320312e-01 4.542559981346130371e-01 -5.032603442668914795e-02
5.033128857612609863e-01 4.631529450416564941e-01 -3.999495506286621094e-02
5.263937115669250488e-01 4.662732481956481934e-01 -4.889423772692680359e-02
5.254194140434265137e-01 4.661518335342407227e-01 -5.550424568355083466e-03
5.149306654930114746e-01 4.644713401794433594e-01 -5.013553053140640259e-02
4.985597431659698486e-01 4.725294709205627441e-01 -3.947855904698371887e-02
5.249169468879699707e-01 3.742328286170959473e-01 1.273368019610643387e-02
5.289416909217834473e-01 3.625838756561279297e-01 1.284913625568151474e-02
5.226542949676513672e-01 3.739324808120727539e-01 -1.994347386062145233e-02
5.794440507888793945e-01 3.767145276069641113e-01 2.147376351058483124e-02
5.865730643272399902e-01 3.500106334686279297e-01 2.048644237220287323e-02
4.500003159046173096e-01 3.628272414207458496e-01 1.717388629913330078e-02
4.492920041084289551e-01 3.579617440700531006e-01 9.553516283631324768e-03
4.398107826709747314e-01 3.351561427116394043e-01 2.621719427406787872e-02
4.206994473934173584e-01 3.468831181526184082e-01 1.398175209760665894e-02
4.483405649662017822e-01 3.695129752159118652e-01 6.096020340919494629e-03
5.668572783470153809e-01 3.673515319824218750e-01 6.216298788785934448e-03
5.743583440780639648e-01 3.670649826526641846e-01 1.923323050141334534e-02
5.685135722160339355e-01 3.606763780117034912e-01 1.639652624726295471e-02
5.376760959625244141e-01 3.715053200721740723e-01 1.772896200418472290e-02
5.633354783058166504e-01 3.816641867160797119e-01 1.876463927328586578e-02
