5.030843019485473633e-01 5.279037356376647949e-01 -4.227374494075775146e-02
4.981697201728820801e-01 4.616265296936035156e-01 -4.919338226318359375e-02
5.032608509063720703e-01 4.949896931648254395e-01 -3.945949673652648926e-02
4.932963848114013672e-01 4.167532622814178467e-01 -3.414665535092353821e-02
5.180975794792175293e-01 4.642855226993560791e-01 -6.392078101634979248e-02
5.133370757102966309e-01 4.329805672168731689e-01 -5.000667273998260498e-02
5.172179937362670898e-01 3.704312145709991455e-01 -2.992141433060169220e-02
4.289763271808624268e-01 3.684028387069702148e-01 1.529026497155427933e-02
5.039255619049072266e-01 3.366041779518127441e-01 -2.602124586701393127e-02
5.270285010337829590e-01 2.957853078842163086e-01 -1.002343744039535522e-02
5.329366922378540039e-01 2.358336448669433594e-01 9.240848943591117859e-03
5.164079666137695312e-01 5.296693444252014160e-01 -3.659535944461822510e-02
4.970995783805847168e-01 5.373854637145996094e-01 -2.348962053656578064e-02
5.075418353080749512e-01 5.425081253051757812e-01 -2.500929497182369232e-02
5.012621283531188965e-01 5.627403259277343750e-01 -2.646363526582717896e-02
5.124019384384155273e-01 5.754386782646179199e-01 -2.832131274044513702e-02
5.022077560424804688e-01 5.761735439300537109e-01 -2.892513014376163483e-02
5.054703354835510254e-01 5.905685424804687500e-01 -2.605289220809936523e-02
4.962377250194549561e-01 6.079137325286865234e-01 -6.968493573367595673e-03
5.087478160858154297e-01 4.711831808090209961e-01 -5.607764422893524170e-02
4.966082572937011719e-01 4.736010432243347168e-01 -3.402449935674667358e-02
3.943212926387786865e-01 3.108617961406707764e-01 6.802961975336074829e-02
4.578255116939544678e-01 3.910839855670928955e-01 4.332039039582014084e-03
4.513140022754669189e-01 3.824934959411621094e-01 1.356207998469471931e-03
4.347272515296936035e-01 3.817139267921447754e-01 1.402216032147407532e-02
4.393062889575958252e-01 3.776156902313232422e-01 2.194636128842830658e-02
4.697256684303283691e-01 3.840777277946472168e-01 1.236766017973423004e-02
4.547907710075378418e-01 3.455602526664733887e-01 1.622155681252479553e-02
4.625481367111206055e-01 3.489643037319183350e-01 9.504657238721847534e-03
4.315754771232604980e-01 3.261492848396301270e-01 -1.826090738177299500e-03
4.253091216087341309e-01 3.513379991054534912e-01 6.637691520154476166e-03
4.056861996650695801e-01 3.871153891086578369e-01 2.964026294648647308e-02
4.548835456371307373e-01 6.316878795623779297e-01 -7.292156806215643883e-04
4.252423644065856934e-01 3.642057180404663086e-01 1.679083332419395447e-02
3.894324302673339844e-01 3.772054314613342285e-01 7.629467546939849854e-02
4.125838279724121094e-01 3.708659410476684570e-01 4.670936241745948792e-02
4.480642676353454590e-01 4.569223523139953613e-01 -1.289366465061903000e-02
4.985436201095581055e-01 5.146154761314392090e-01 -3.335037082433700562e-02
4.947121739387512207e-01 5.301075577735900879e-01 -4.206766560673713684e-02
4.730527400970458984e-01 5.161519050598144531e-01 -3.039948642253875732e-02
4.648687243461608887e-01 5.356765389442443848e-01 -2.718916721642017365e-02
4.867286086082458496e-01 5.425469875335693359e-01 -2.553926035761833191e-02
4.742065072059631348e-01 5.394343137741088867e-01 -2.254157140851020813e-02
4.517126083374023438e-01 5.609216690063476562e-01 -1.057145185768604279e-02
4.974380731582641602e-01 4.671364724636077881e-01 -7.036338001489639282e-02
5.029871463775634766e-01 4.549252688884735107e-01 -6.447572261095046997e-02
4.216740429401397705e-01 3.269908726215362549e-01 2.525265701115131378e-02
4.755371510982513428e-01 4.233530759811401367e-01 -1.062990725040435791e-02
4.695495963096618652e-01 4.639958143234252930e-01 -3.353957831859588623e-02
4.781819880008697510e-01 4.440234899520874023e-01 -1.796065643429756165e-02
4.163232445716857910e-01 4.542761743068695068e-01 8.342576213181018829e-03
5.042067170143127441e-01 4.224579036235809326e-01 -4.729937016963958740e-02
4.417185485363006592e-01 2.971603274345397949e-01 2.300376072525978088e-03
4.245865046977996826e-01 3.036406934261322021e-01 9.385216049849987030e-03
4.060238003730773926e-01 2.771052122116088867e-01 5.171979591250419617e-02
4.999914169311523438e-01 3.263035714626312256e-01 -1.039122929796576500e-03
4.793498516082763672e-01 3.303209841251373291e-01 -2.220431342720985413e-03
4.454570114612579346e-01 5.553138256072998047e-01 -6.186010781675577164e-03
3.804729878902435303e-01 5.408306121826171875e-01 7.920476794242858887e-02
4.752864837646484375e-01 4.592815935611724854e-01 -2.880812250077724457e-02
4.996227324008941650e-01 4.831553101539611816e-01 -7.093453779816627502e-03
4.583174586296081543e-01 5.438710451126098633e-01 -1.090131234377622604e-02
4.666570723056793213e-01 5.506335496902465820e-01 -9.635732509195804596e-03
4.235835969448089600e-01 2.896663844585418701e-01 1.796095259487628937e-02
4.756104946136474609e-01 4.742942750453948975e-01 -2.517889440059661865e-02
4.739574491977691650e-01 3.217935264110565186e-01 -4.782494157552719116e-03
4.569719135761260986e-01 2.879771888256072998e-01 -7.889524102210998535e-03
4.734729230403900146e-01 2.391084879636764526e-01 2.208767831325531006e-02
4.120645523071289062e-01 2.890781760215759277e-01 2.619821019470691681e-02
4.686380624771118164e-01 2.762546241283416748e-01 2.870423486456274986e-03
4.158815145492553711e-01 3.174458742141723633e-01 2.310004271566867828e-02
3.970108330249786377e-01 3.208296298980712891e-01 3.949850425124168396e-02
4.895139038562774658e-01 5.273330211639404297e-01 -5.502748489379882812e-02
4.880191087722778320e-01 5.455319881439208984e-01 -2.597347833216190338e-02
4.749234616756439209e-01 5.344148278236389160e-01 -1.837141439318656921e-02
4.926500320434570312e-01 4.923365712165832520e-01 -2.963437139987945557e-02
4.607429504394531250e-01 5.620045065879821777e-01 -8.119085803627967834e-03
4.550981521606445312e-01 5.597718358039855957e-01 -1.124232541769742966e-02
4.718666970729827881e-01 5.494508743286132812e-01 -4.686736501753330231e-03
4.923974275588989258e-01 4.699117541313171387e-01 -4.347900673747062683e-02
4.935192763805389404e-01 5.401394963264465332e-01 -3.389994427561759949e-02
4.939249753952026367e-01 5.460039973258972168e-01 -1.539055630564689636e-02
4.859364032745361328e-01 5.329014658927917480e-01 -1.410917937755584717e-02
4.815559387207031250e-01 6.054843068122863770e-01 -1.664599776268005371e-02
4.791951179504394531e-01 5.898101925849914551e-01 -1.560909487307071686e-02
4.846222102642059326e-01 5.858007073402404785e-01 -2.994429878890514374e-02
4.905791878700256348e-01 5.731320977210998535e-01 -2.296444028615951538e-02
4.898978471755981445e-01 5.644518136978149414e-01 -1.562052126973867416e-02
4.742118418216705322e-01 5.581062436103820801e-01 -5.881287157535552979e-03
4.789755046367645264e-01 5.533658862113952637e-01 -2.140530571341514587e-02
4.778903126716613770e-01 5.688500404357910156e-01 -1.704904809594154358e-02
4.601929485797882080e-01 5.731382966041564941e-01 -2.851306274533271790e-02
4.612465500831604004e-01 5.218861699104309082e-01 -2.243186905980110168e-02
3.750532269477844238e-01 4.443099796772003174e-01 1.074178814888000488e-01
5.038944482803344727e-01 4.915853440761566162e-01 -3.849534317851066589e-02
4.645884931087493896e-01 5.525470972061157227e-01 -3.568999236449599266e-03
4.658463597297668457e-01 5.609802603721618652e-01 -7.791043724864721298e-03
4.879932403564453125e-01 4.804764986038208008e-01 -3.057349845767021179e-02
4.693272113800048828e-01 4.854010939598083496e-01 -1.737738400697708130e-02
4.946081936359405518e-01 4.821685552597045898e-01 -4.631818085908889771e-02
4.602331519126892090e-01 4.247305691242218018e-01 -1.306622102856636047e-02
4.473054409027099609e-01 4.342002868652343750e-01 5.889282561838626862e-03
4.645009934902191162e-01 4.719391167163848877e-01 -3.069951944053173065e-02
4.322010874748229980e-01 2.531540393829345703e-01 3.376073762774467468e-02
4.422571063041687012e-01 2.793638706207275391e-01 1.169802807271480560e-02
4.332317709922790527e-01 2.923938930034637451e-01 1.425445545464754105e-02
4.741280376911163330e-01 5.833541154861450195e-01 1.401668787002563477e-02
4.882347583770751953e-01 3.042396008968353271e-01 -1.312244310975074768e-02
4.801826775074005127e-01 2.699817121028900146e-01 -5.180121399462223053e-03
4.875477254390716553e-01 2.557866573333740234e-01 7.082602009177207947e-03
4.342450201511383057e-01 3.785904943943023682e-01 2.686523646116256714e-02
4.088546931743621826e-01 3.997111022472381592e-01 3.810511901974678040e-02
4.686476886272430420e-01 3.827987611293792725e-01 1.257017441093921661e-02
4.133222103118896484e-01 3.478152751922607422e-01 7.139356341212987900e-03
4.821943044662475586e-01 4.076648652553558350e-01 8.847098797559738159e-06
4.832664132118225098e-01 4.594926536083221436e-01 -4.212328419089317322e-02
3.968374729156494141e-01 4.062145054340362549e-01 4.414889216423034668e-02
4.045734405517578125e-01 4.147766530513763428e-01 1.733233407139778137e-02
4.230267107486724854e-01 4.233392179012298584e-01 6.257567554712295532e-03
4.474750161170959473e-01 4.137836098670959473e-01 -1.498019701102748513e-04
4.606982767581939697e-01 4.194550812244415283e-01 -1.094618625938892365e-02
4.772353768348693848e-01 3.949498534202575684e-01 1.384750008583068848e-03
5.119390487670898438e-01 3.887625038623809814e-01 -4.344449378550052643e-03
3.943692743778228760e-01 4.365186989307403564e-01 4.382459074258804321e-02
4.012386798858642578e-01 3.461376428604125977e-01 2.068788185715675354e-02
5.126100778579711914e-01 4.743181467056274414e-01 -4.813410714268684387e-02
4.694403111934661865e-01 4.288239479064941406e-01 -1.505791768431663513e-02
3.736753761768341064e-01 3.722783029079437256e-01 9.962014853954315186e-02
4.842913746833801270e-01 3.862925767898559570e-01 -1.324591785669326782e-02
4.755512773990631104e-01 4.635074436664581299e-01 -1.923152990639209747e-02
4.155684709548950195e-01 3.637393116950988770e-01 1.415357738733291626e-02
4.824288785457611084e-01 4.432664215564727783e-01 -2.807772345840930939e-02
3.766620457172393799e-01 4.911161065101623535e-01 1.017689779400825500e-01
4.874020814895629883e-01 3.680054843425750732e-01 1.258243806660175323e-02
4.812990725040435791e-01 4.376129209995269775e-01 -4.584230855107307434e-02
4.057567715644836426e-01 5.735096931457519531e-01 2.874907106161117554e-02
4.048793613910675049e-01 5.985991954803466797e-01 4.208143427968025208e-02
3.871549367904663086e-01 4.389485716819763184e-01 7.392921298742294312e-02
3.945348262786865234e-01 5.507063865661621094e-01 4.571570083498954773e-02
3.898817002773284912e-01 3.396956622600555420e-01 6.917183101177215576e-02
4.483060240745544434e-01 6.373515725135803223e-01 -2.006163820624351501e-02
5.059623718261718750e-01 4.700591862201690674e-01 -3.581915795803070068e-02
4.735524654388427734e-01 4.450410008430480957e-01 -1.826474443078041077e-03
3.827777504920959473e-01 3.784549534320831299e-01 4.147919267416000366e-02
4.483831226825714111e-01 3.785080313682556152e-01 5.255612544715404510e-03
4.584401547908782959e-01 3.758418560028076172e-01 5.988752003759145737e-03
4.708669781684875488e-01 5.568982958793640137e-01 -6.959112826734781265e-03
3.925803601741790771e-01 4.837589859962463379e-01 3.966357931494712830e-02
4.623084068298339844e-01 6.759803891181945801e-01 2.381275407969951630e-03
4.383859336376190186e-01 6.324816346168518066e-01 1.886670477688312531e-02
4.269068837165832520e-01 6.129909157752990723e-01 3.796333819627761841e-02
5.156524181365966797e-01 2.818677127361297607e-01 6.745811551809310913e-04
4.850772619247436523e-01 6.767064332962036133e-01 4.667059984058141708e-03
4.577756822109222412e-01 3.793413043022155762e-01 9.979140013456344604e-03
4.817281365394592285e-01 3.618611693382263184e-01 1.102942787110805511e-02
4.808945357799530029e-01 3.738262951374053955e-01 6.027007475495338440e-05
3.959133923053741455e-01 3.474883139133453369e-01 3.524684160947799683e-02
4.750432968139648438e-01 3.612124025821685791e-01 1.716978289186954498e-02
4.508373439311981201e-01 3.579896092414855957e-01 1.076103374361991882e-02
4.473749697208404541e-01 3.531611263751983643e-01 6.430020555853843689e-03
4.335052073001861572e-01 3.578610420227050781e-01 1.440612878650426865e-02
4.302608072757720947e-01 3.636926412582397461e-01 1.923197321593761444e-02
3.908682763576507568e-01 3.422775566577911377e-01 8.491608500480651855e-02
4.303288459777832031e-01 3.690149188041687012e-01 3.281400352716445923e-02
5.077157616615295410e-01 5.006620883941650391e-01 -3.910434246063232422e-02
4.802757203578948975e-01 5.015302300453186035e-01 -2.450611256062984467e-02
4.827404022216796875e-01 4.742837250232696533e-01 -3.087410144507884979e-02
4.926525056362152100e-01 5.018168091773986816e-01 -4.204304516315460205e-02
5.090079307556152344e-01 3.567794263362884521e-01 -1.460091955959796906e-02
4.158910512924194336e-01 6.061807870864868164e-01 1.239921338856220245e-02
4.364209473133087158e-01 6.204865574836730957e-01 2.302185073494911194e-02
4.573957026004791260e-01 6.472788453102111816e-01 -1.673536933958530426e-02
3.893610835075378418e-01 5.711746215820312500e-01 8.319163322448730469e-02
4.858862161636352539e-01 3.704547584056854248e-01 1.323721092194318771e-02
4.760749936103820801e-01 4.134097695350646973e-01 -2.414364181458950043e-02
4.955224990844726562e-01 6.645516157150268555e-01 -5.257020238786935806e-03
4.519849121570587158e-01 6.544464230537414551e-01 2.017288841307163239e-02
3.781383335590362549e-01 4.910527169704437256e-01 6.081297621130943298e-02
4.828192889690399170e-01 5.677689313888549805e-01 -2.202687598764896393e-02
4.850737452507019043e-01 5.752398967742919922e-01 -2.647011727094650269e-02
4.781669974327087402e-01 5.692702531814575195e-01 -2.134234085679054260e-02
4.669155776500701904e-01 5.918010473251342773e-01 -2.473632059991359711e-02
4.695644080638885498e-01 5.954419374465942383e-01 -2.291016280651092529e-02
4.706487059593200684e-01 5.428947210311889648e-01 -2.242719195783138275e-02
4.639790356159210205e-01 5.494236946105957031e-01 -1.643041148781776428e-02
4.642955660820007324e-01 5.470391511917114258e-01 -1.282010041177272797e-02
4.547714591026306152e-01 5.163248777389526367e-01 -9.504920803010463715e-03
4.143252074718475342e-01 4.954357147216796875e-01 2.380452118813991547e-02
5.008495450019836426e-01 3.820713758468627930e-01 -2.346456795930862427e-02
4.961443245410919189e-01 3.594810664653778076e-01 -3.997921478003263474e-03
4.837138652801513672e-01 3.765100836753845215e-01 3.528987057507038116e-03
4.700218141078948975e-01 5.554372072219848633e-01 -9.001728612929582596e-04
4.074497222900390625e-01 5.370404720306396484e-01 3.428585454821586609e-02
5.005993247032165527e-01 3.488406240940093994e-01 -8.920649066567420959e-03
4.552436172962188721e-01 6.065728664398193359e-01 -1.739184930920600891e-02
5.112794637680053711e-01 4.043756127357482910e-01 -4.257183149456977844e-02
4.944925010204315186e-01 3.974558115005493164e-01 -3.781689330935478210e-02
5.060613751411437988e-01 3.983158469200134277e-01 -4.260419309139251709e-02
4.798742532730102539e-01 4.359560906887054443e-01 -2.207471430301666260e-02
4.941758513450622559e-01 6.482876539230346680e-01 -2.173330076038837433e-02
5.066084861755371094e-01 6.248540878295898438e-01 -1.296387799084186554e-02
4.743599295616149902e-01 6.192048788070678711e-01 -2.048250101506710052e-02
4.331325292587280273e-01 5.837562680244445801e-01 -7.794061675667762756e-03
4.516861736774444580e-01 4.782148599624633789e-01 -1.832216791808605194e-02
4.480189681053161621e-01 5.937043428421020508e-01 -3.756678430363535881e-03
4.296669363975524902e-01 4.836789071559906006e-01 2.488059457391500473e-03
4.462975859642028809e-01 5.071706175804138184e-01 -2.142216544598340988e-04
4.138585031032562256e-01 5.116276741027832031e-01 2.118657575920224190e-03
4.741003513336181641e-01 6.477812528610229492e-01 -1.290041115134954453e-02
4.791409075260162354e-01 4.310801625251770020e-01 -1.508741080760955811e-02
4.351856112480163574e-01 5.837825536727905273e-01 3.454115707427263260e-03
4.386207461357116699e-01 6.117376685142517090e-01 1.208788715302944183e-03
4.279084503650665283e-01 5.391572117805480957e-01 -5.777388811111450195e-03
3.929073810577392578e-01 5.034435987472534180e-01 4.910054057836532593e-02
4.182330965995788574e-01 5.538144111633300781e-01 2.111286669969558716e-02
3.880982995033264160e-01 5.232217907905578613e-01 6.280495226383209229e-02
4.457794129848480225e-01 5.144532322883605957e-01 5.095438100397586823e-04
4.866619706153869629e-01 4.157356321811676025e-01 -2.025886438786983490e-02
4.820292294025421143e-01 4.667047858238220215e-01 -5.063313245773315430e-02
4.790829420089721680e-01 4.726032018661499023e-01 -2.871515601873397827e-02
5.067486763000488281e-01 4.512206912040710449e-01 -4.340747371315956116e-02
4.863282442092895508e-01 3.499839901924133301e-01 -1.642269082367420197e-03
4.748618304729461670e-01 3.288036286830902100e-01 -5.116441752761602402e-03
4.484917819499969482e-01 3.074940741062164307e-01 -4.812371451407670975e-03
4.480603635311126709e-01 3.261083066463470459e-01 -4.483035765588283539e-03
4.266094565391540527e-01 3.321473896503448486e-01 1.965126767754554749e-02
4.078482687473297119e-01 3.735108673572540283e-01 2.214196883141994476e-02
3.739302158355712891e-01 4.114767014980316162e-01 7.251076400279998779e-02
4.202562272548675537e-01 3.977949917316436768e-01 1.958015933632850647e-02
4.349069893360137939e-01 3.998984992504119873e-01 4.989783279597759247e-03
4.531195759773254395e-01 4.097786545753479004e-01 5.621368996798992157e-03
4.684199094772338867e-01 3.906556069850921631e-01 1.097629498690366745e-02
4.710212349891662598e-01 3.935211598873138428e-01 1.082607079297304153e-02
4.858204126358032227e-01 3.871026337146759033e-01 -3.354088403284549713e-03
3.753707110881805420e-01 4.082187116146087646e-01 1.015965342521667480e-01
4.736400544643402100e-01 4.772216081619262695e-01 -2.507783658802509308e-02
4.870879352092742920e-01 4.259902536869049072e-01 -2.550986781716346741e-02
4.910598993301391602e-01 4.645598530769348145e-01 -5.014867708086967468e-02
5.018566250801086426e-01 4.794716238975524902e-01 -5.374380573630332947e-02
4.890001118183135986e-01 4.729796946048736572e-01 -5.314620584249496460e-02
4.759782254695892334e-01 4.801320433616638184e-01 -3.034824877977371216e-02
4.992274940013885498e-01 4.648306071758270264e-01 -6.193378567695617676e-02
4.920845627784729004e-01 4.807524681091308594e-01 -4.442597180604934692e-02
4.865256845951080322e-01 3.739905059337615967e-01 6.346826441586017609e-03
4.874519705772399902e-01 3.744744956493377686e-01 -1.654374646022915840e-03
5.028962492942810059e-01 3.845047950744628906e-01 -8.069722680374979973e-04
4.395521879196166992e-01 3.581177890300750732e-01 1.336953975260257721e-02
4.462995231151580811e-01 3.494229018688201904e-01 2.036755345761775970e-02
5.235308408737182617e-01 4.134712517261505127e-01 -4.092418774962425232e-02
5.942671895027160645e-01 3.915653824806213379e-01 2.817255817353725433e-02
5.116454362869262695e-01 4.777482450008392334e-01 -3.190517798066139221e-02
6.174683570861816406e-01 3.380548954010009766e-01 9.423529356718063354e-02
5.623361468315124512e-01 3.975574076175689697e-01 1.442535035312175751e-02
5.714114308357238770e-01 4.003890156745910645e-01 5.066370591521263123e-03
5.901520848274230957e-01 3.936918675899505615e-01 1.979996450245380402e-04
6.022537350654602051e-01 3.993633985519409180e-01 2.815398760139942169e-02
5.501760244369506836e-01 3.852062225341796875e-01 2.238675206899642944e-02
5.767280459403991699e-01 3.479982316493988037e-01 2.076901867985725403e-02
5.683640241622924805e-01 3.467130661010742188e-01 3.617254551500082016e-03
5.980173349380493164e-01 3.446330428123474121e-01 2.313521131873130798e-02
6.005821228027343750e-01 3.586418032646179199e-01 2.902613952755928040e-02
6.169577240943908691e-01 4.008289873600006104e-01 2.507013455033302307e-02
5.404027104377746582e-01 6.395162343978881836e-01 -8.816720917820930481e-03
5.946452617645263672e-01 3.854367136955261230e-01 2.833103202283382416e-02
6.301344037055969238e-01 4.078376293182373047e-01 7.679846882820129395e-02
6.048439145088195801e-01 3.905962705612182617e-01 4.052984341979026794e-02
5.632960200309753418e-01 4.638359248638153076e-01 -1.686881645582616329e-03
5.262569785118103027e-01 5.304948091506958008e-01 -3.023693710565567017e-02
5.097107887268066406e-01 5.505586862564086914e-01 -3.208146989345550537e-02
5.320122241973876953e-01 5.343844890594482422e-01 -2.629381790757179260e-02
5.357174873352050781e-01 5.507109165191650391e-01 -2.399903535842895508e-02
5.199629068374633789e-01 5.453745126724243164e-01 -3.278348222374916077e-02
5.381429195404052734e-01 5.526275038719177246e-01 -2.859787829220294952e-02
5.339222550392150879e-01 5.766043663024902344e-01 -1.437093224376440048e-02
5.190951228141784668e-01 4.691159129142761230e-01 -6.516069173812866211e-02
5.182175040245056152e-01 4.590179026126861572e-01 -6.915295124053955078e-02
6.141375899314880371e-01 3.378172814846038818e-01 1.561897154897451401e-02
5.334845185279846191e-01 4.260110557079315186e-01 -7.082501426339149475e-03
5.374412536621093750e-01 4.646629095077514648e-01 -2.933781594038009644e-02
5.541456341743469238e-01 4.616752862930297852e-01 -4.394337907433509827e-02
5.984495878219604492e-01 4.579325318336486816e-01 1.500043179839849472e-02
5.195610523223876953e-01 4.341028928756713867e-01 -6.306191533803939819e-02
5.975210666656494141e-01 3.279187381267547607e-01 2.680863998830318451e-02
5.992245078086853027e-01 3.332093358039855957e-01 2.088215760886669159e-02
6.249443292617797852e-01 3.057024180889129639e-01 4.865916818380355835e-02
5.502624511718750000e-01 3.359497487545013428e-01 -3.897418268024921417e-03
5.545566082000732422e-01 3.460417687892913818e-01 1.319782715290784836e-02
5.460373759269714355e-01 5.582661628723144531e-01 1.112928334623575211e-02
6.096999645233154297e-01 5.644155144691467285e-01 9.158816933631896973e-02
5.444508194923400879e-01 4.820655882358551025e-01 -2.942589670419692993e-02
5.142759680747985840e-01 4.698240458965301514e-01 -2.344936132431030273e-02
5.454484224319458008e-01 5.585805773735046387e-01 -6.101301405578851700e-04
5.489664673805236816e-01 5.687773227691650391e-01 -3.370865946635603905e-03
6.148861050605773926e-01 3.175234198570251465e-01 9.821088984608650208e-03
5.475044250488281250e-01 4.914962351322174072e-01 -3.630468249320983887e-02
5.683172941207885742e-01 3.270252048969268799e-01 -1.317951921373605728e-02
5.838783979415893555e-01 3.089495897293090820e-01 -8.275260217487812042e-03
5.814580917358398438e-01 2.465793788433074951e-01 2.051494270563125610e-02
6.285061836242675781e-01 3.161289393901824951e-01 3.565252199769020081e-02
5.707646012306213379e-01 2.892577946186065674e-01 5.613760091364383698e-03
6.117479205131530762e-01 3.401260673999786377e-01 3.553568944334983826e-02
6.245680451393127441e-01 3.437160253524780273e-01 4.813214391469955444e-02
5.195199847221374512e-01 5.386309027671813965e-01 -3.464553877711296082e-02
5.268769860267639160e-01 5.353514552116394043e-01 -2.548895776271820068e-02
5.418664813041687012e-01 5.526915788650512695e-01 -1.295995432883501053e-02
5.363888740539550781e-01 4.796799123287200928e-01 -4.089960083365440369e-02
5.430645346641540527e-01 5.640084743499755859e-01 3.169546136632561684e-03
5.339561700820922852e-01 5.695377588272094727e-01 -8.853860199451446533e-03
5.357298851013183594e-01 5.530579090118408203e-01 -1.654752716422080994e-02
5.358942151069641113e-01 4.744681417942047119e-01 -4.563289135694503784e-02
5.368388295173645020e-01 5.385242104530334473e-01 -4.246721044182777405e-03
5.226396322250366211e-01 5.401298403739929199e-01 -3.223171085119247437e-02
5.082537531852722168e-01 5.394017696380615234e-01 -3.373869135975837708e-02
5.179351568222045898e-01 6.095104217529296875e-01 -1.173675246536731720e-02
5.088577866554260254e-01 5.867826342582702637e-01 -1.686426810920238495e-02
5.158529281616210938e-01 5.845304131507873535e-01 -2.679811604321002960e-02
5.047150254249572754e-01 5.790151953697204590e-01 -2.941936627030372620e-02
5.080636143684387207e-01 5.597516298294067383e-01 -2.283634431660175323e-02
5.208038091659545898e-01 5.702920556068420410e-01 -1.748992316424846649e-02
5.238589048385620117e-01 5.479983687400817871e-01 -8.378996513783931732e-03
5.346239209175109863e-01 5.743197202682495117e-01 -1.274538319557905197e-02
5.430282950401306152e-01 5.777863264083862305e-01 -2.784862183034420013e-02
5.498247742652893066e-01 5.324679017066955566e-01 -2.088639512658119202e-02
6.315044164657592773e-01 4.908118844032287598e-01 1.173143535852432251e-01
5.352429151535034180e-01 5.591663718223571777e-01 -2.815705258399248123e-03
5.404193997383117676e-01 5.780647397041320801e-01 -9.920426644384860992e-03
5.218489766120910645e-01 4.861412644386291504e-01 -2.335264533758163452e-02
5.253915786743164062e-01 4.938431978225708008e-01 -2.072077803313732147e-02
5.242457985877990723e-01 4.850918948650360107e-01 -1.692656613886356354e-02
5.629363656044006348e-01 4.294391870498657227e-01 5.050220061093568802e-04
5.704955458641052246e-01 4.447291791439056396e-01 -3.659704700112342834e-03
5.356641411781311035e-01 4.774786531925201416e-01 -1.401960849761962891e-02
6.033132076263427734e-01 2.635361254215240479e-01 2.683540433645248413e-02
5.990910530090332031e-01 2.914189100265502930e-01 3.009828738868236542e-02
5.944918990135192871e-01 3.056815862655639648e-01 1.273310557007789612e-02
5.550920963287353516e-01 5.910547375679016113e-01 -2.144668251276016235e-03
5.428694486618041992e-01 3.189293146133422852e-01 -1.249529235064983368e-02
5.558526515960693359e-01 2.812694311141967773e-01 -1.490543689578771591e-02
5.591686367988586426e-01 2.477887719869613647e-01 9.269101545214653015e-03
6.007419824600219727e-01 3.955845236778259277e-01 2.172147110104560852e-02
6.189565658569335938e-01 4.157192111015319824e-01 1.886649429798126221e-02
5.435018539428710938e-01 3.794962167739868164e-01 2.009610831737518311e-02
5.966861844062805176e-01 3.746669888496398926e-01 2.279235422611236572e-02
5.297170877456665039e-01 4.106151461601257324e-01 4.139449913054704666e-03
5.441783666610717773e-01 4.609288573265075684e-01 -3.389563784003257751e-02
6.242148876190185547e-01 4.289194643497467041e-01 5.377148836851119995e-02
5.984537005424499512e-01 4.253730773925781250e-01 1.061443984508514404e-02
5.900312066078186035e-01 4.288991987705230713e-01 2.172632887959480286e-02
5.715856552124023438e-01 4.306701123714447021e-01 1.558207068592309952e-02
5.545361638069152832e-01 4.203100800514221191e-01 2.672019880264997482e-03
5.546654462814331055e-01 3.922679722309112549e-01 6.216505542397499084e-03
5.237163901329040527e-01 3.806278705596923828e-01 -2.070952206850051880e-02
6.161977648735046387e-01 4.663828611373901367e-01 4.734722524881362915e-02
6.170683503150939941e-01 3.708341419696807861e-01 2.579798549413681030e-02
5.105013251304626465e-01 4.771792888641357422e-01 -5.007905140519142151e-02
5.338892340660095215e-01 4.470243752002716064e-01 -1.397338695824146271e-02
6.244980096817016602e-01 3.977072536945343018e-01 1.051826328039169312e-01
5.347211956977844238e-01 3.946855962276458740e-01 -4.558996297419071198e-03
5.476428270339965820e-01 4.742211997509002686e-01 -8.261862210929393768e-03
6.073949933052062988e-01 3.836886584758758545e-01 2.873347699642181396e-02
5.368683338165283203e-01 4.480494856834411621e-01 -3.546932339668273926e-02
6.293473839759826660e-01 5.308529734611511230e-01 1.205769404768943787e-01
5.377537012100219727e-01 3.854637444019317627e-01 1.301106251776218414e-02
5.337499380111694336e-01 4.455782473087310791e-01 -5.239445716142654419e-02
5.793033242225646973e-01 5.979985594749450684e-01 4.411840066313743591e-02
5.912835597991943359e-01 6.234360337257385254e-01 5.346494913101196289e-02
6.312546730041503906e-01 4.692743122577667236e-01 7.977803051471710205e-02
6.031551957130432129e-01 5.712341666221618652e-01 6.192275509238243103e-02
6.324231624603271484e-01 3.642540276050567627e-01 8.173821121454238892e-02
5.479026436805725098e-01 6.455801129341125488e-01 1.003137510269880295e-02
5.065459609031677246e-01 4.814928472042083740e-01 -4.296548664569854736e-02
5.433574318885803223e-01 4.601727426052093506e-01 -1.065243221819400787e-02
6.257087588310241699e-01 4.022424519062042236e-01 6.013739854097366333e-02
5.928501486778259277e-01 3.927680552005767822e-01 1.696720160543918610e-02
5.680195093154907227e-01 3.900257945060729980e-01 1.441200263798236847e-03
5.357219576835632324e-01 5.704699754714965820e-01 5.159366410225629807e-04
6.202993988990783691e-01 4.934462010860443115e-01 3.692886978387832642e-02
5.062258839607238770e-01 6.735607981681823730e-01 4.588917829096317291e-03
5.567604899406433105e-01 6.535104513168334961e-01 1.335753407329320908e-02
5.683687925338745117e-01 6.344715356826782227e-01 3.112242557108402252e-02
5.545448660850524902e-01 3.972772955894470215e-01 6.950613111257553101e-03
5.583575367927551270e-01 3.904028236865997314e-01 1.005705259740352631e-02
5.539895892143249512e-01 3.720241785049438477e-01 3.647929988801479340e-04
6.225810050964355469e-01 3.568611443042755127e-01 4.797225072979927063e-02
5.531909465789794922e-01 3.871342241764068604e-01 1.218976452946662903e-02
5.685805678367614746e-01 3.597217202186584473e-01 6.189054343849420547e-03
5.697869658470153809e-01 3.593389391899108887e-01 8.182916790246963501e-03
5.937473177909851074e-01 3.690494298934936523e-01 1.796484179794788361e-02
5.945605039596557617e-01 3.829927146434783936e-01 2.630761079490184784e-02
6.358337402343750000e-01 3.602176308631896973e-01 9.891108423471450806e-02
5.791065692901611328e-01 3.862945139408111572e-01 1.530194934457540512e-02
5.463970899581909180e-01 5.098330974578857422e-01 -1.886773854494094849e-02
5.455980896949768066e-01 4.779010415077209473e-01 -1.962918043136596680e-02
5.186038613319396973e-01 5.183571577072143555e-01 -3.577955067157745361e-02
5.784458518028259277e-01 6.161802411079406738e-01 2.090507373213768005e-02
5.542681813240051270e-01 6.259849071502685547e-01 2.367502078413963318e-02
5.169161558151245117e-01 6.646980643272399902e-01 3.046791534870862961e-03
5.966563224792480469e-01 5.923070907592773438e-01 8.172569423913955688e-02
5.501009821891784668e-01 3.808934986591339111e-01 1.529948599636554718e-02
5.353200435638427734e-01 4.136491119861602783e-01 -1.571566984057426453e-02
5.397340655326843262e-01 6.652244925498962402e-01 2.233418822288513184e-02
6.202772259712219238e-01 5.097063183784484863e-01 6.483412533998489380e-02
5.132323503494262695e-01 5.613574981689453125e-01 -1.005574874579906464e-02
5.274698734283447266e-01 5.717298984527587891e-01 -2.331869676709175110e-02
5.293585658073425293e-01 5.840853452682495117e-01 -1.685646362602710724e-02
5.356836915016174316e-01 5.903963446617126465e-01 -1.583844423294067383e-02
5.295043587684631348e-01 6.014673709869384766e-01 -1.492533087730407715e-02
5.434060096740722656e-01 5.552368164062500000e-01 -6.114342715591192245e-03
5.348722338676452637e-01 5.479573607444763184e-01 -7.439630106091499329e-03
5.453709959983825684e-01 5.453743338584899902e-01 -1.092662476003170013e-02
5.573502779006958008e-01 5.405391454696655273e-01 -2.648638794198632240e-03
5.992617011070251465e-01 5.008125305175781250e-01 2.246399596333503723e-02
5.253451466560363770e-01 3.982739746570587158e-01 -1.434525940567255020e-03
5.460172891616821289e-01 3.715324103832244873e-01 1.488153636455535889e-02
5.487741827964782715e-01 3.597581088542938232e-01 3.249639645218849182e-03
5.354713797569274902e-01 5.645108819007873535e-01 -2.514756843447685242e-02
6.038625836372375488e-01 5.414475798606872559e-01 1.618100702762603760e-02
5.188814997673034668e-01 3.553515076637268066e-01 -4.840454552322626114e-03
5.400609374046325684e-01 6.089013218879699707e-01 -5.651171784847974777e-03
5.199287533760070801e-01 4.025750756263732910e-01 -2.106686308979988098e-02
5.369279384613037109e-01 4.382014572620391846e-01 -1.980812288820743561e-02
5.211057066917419434e-01 6.230847239494323730e-01 -2.428844757378101349e-02
5.661785006523132324e-01 5.856747031211853027e-01 1.007698476314544678e-02
5.614560842514038086e-01 4.886514842510223389e-01 3.425454488024115562e-03
5.544597506523132324e-01 6.030935049057006836e-01 -5.751547403633594513e-03
5.744588375091552734e-01 4.834500849246978760e-01 7.675236091017723083e-03
5.615072250366210938e-01 5.089123249053955078e-01 6.942068226635456085e-03
5.759150981903076172e-01 5.149907469749450684e-01 -3.935923799872398376e-03
5.189673304557800293e-01 6.504989266395568848e-01 -2.003048360347747803e-02
5.290028452873229980e-01 4.484160244464874268e-01 -2.808605693280696869e-02
5.733159184455871582e-01 6.023595929145812988e-01 2.087665162980556488e-02
5.600607395172119141e-01 6.171606779098510742e-01 -3.043881151825189590e-04
5.678102374076843262e-01 5.726361274719238281e-01 5.896097049117088318e-03
6.072587370872497559e-01 5.335696935653686523e-01 4.154686257243156433e-02
5.915926098823547363e-01 5.505773425102233887e-01 -5.364534445106983185e-04
6.049888730049133301e-01 5.430054068565368652e-01 7.094281911849975586e-02
5.625155568122863770e-01 5.333927869796752930e-01 -1.908526197075843811e-02
5.348158478736877441e-01 4.256523549556732178e-01 -3.176732361316680908e-02
5.324415564537048340e-01 4.769023060798645020e-01 -6.697597354650497437e-02
5.352386236190795898e-01 4.855913519859313965e-01 -2.865353971719741821e-02
5.329022407531738281e-01 4.506950378417968750e-01 -5.001301318407058716e-02
5.442860126495361328e-01 3.518206477165222168e-01 9.546269662678241730e-03
5.605031251907348633e-01 3.297908008098602295e-01 -3.573159687221050262e-03
5.881942510604858398e-01 3.339156806468963623e-01 9.712717728689312935e-04
6.077662110328674316e-01 3.358745276927947998e-01 2.908589318394660950e-03
6.057417988777160645e-01 3.542486429214477539e-01 7.345908321440219879e-03
6.080786585807800293e-01 3.795551955699920654e-01 3.175773844122886658e-02
6.305025815963745117e-01 4.337531328201293945e-01 8.204903453588485718e-02
6.095080971717834473e-01 4.100472629070281982e-01 1.903583295643329620e-02
5.959872007369995117e-01 4.215235114097595215e-01 2.114322781562805176e-02
5.694452524185180664e-01 4.158055186271667480e-01 1.269737817347049713e-02
5.525572896003723145e-01 3.990016281604766846e-01 9.998950175940990448e-03
5.444198250770568848e-01 3.939326107501983643e-01 3.608319675549864769e-03
5.412786006927490234e-01 3.955909013748168945e-01 1.213462743908166885e-02
6.352591514587402344e-01 4.456113874912261963e-01 1.163027584552764893e-01
5.359605550765991211e-01 4.895061254501342773e-01 -2.698877826333045959e-02
5.197238922119140625e-01 4.211382567882537842e-01 -2.913094311952590942e-02
5.303789377212524414e-01 4.583238959312438965e-01 -5.144162103533744812e-02
5.131067633628845215e-01 4.635099768638610840e-01 -3.393965959548950195e-02
5.404403209686279297e-01 4.794959425926208496e-01 -4.706211015582084656e-02
5.383036136627197266e-01 4.842065274715423584e-01 -5.681036971509456635e-03
5.219365954399108887e-01 4.798523187637329102e-01 -5.084482207894325256e-02
5.135018229484558105e-01 4.841407537460327148e-01 -4.791625216603279114e-02
5.357848405838012695e-01 3.832759261131286621e-01 1.605514995753765106e-02
5.351876616477966309e-01 3.675567209720611572e-01 8.762090466916561127e-03
5.333695411682128906e-01 3.721731901168823242e-01 -1.651987992227077484e-02
5.897694826126098633e-01 3.880557417869567871e-01 2.011837251484394073e-02
5.974745750427246094e-01 3.658818304538726807e-01 3.363754600286483765e-02
4.581643342971801758e-01 3.710311651229858398e-01 1.234290003776550293e-02
4.558498561382293701e-01 3.656500577926635742e-01 6.570460274815559387e-03
4.472744166851043701e-01 3.446685969829559326e-01 2.125063166022300720e-02
4.303699731826782227e-01 3.580233454704284668e-01 2.162756025791168213e-02
4.513754844665527344e-01 3.722242712974548340e-01 1.371428929269313812e-02
5.726858377456665039e-01 3.690625429153442383e-01 4.281733185052871704e-03
5.830478668212890625e-01 3.842700719833374023e-01 1.689265295863151550e-02
5.802050232887268066e-01 3.614233434200286865e-01 1.516887173056602478e-02
5.513800978660583496e-01 3.687794506549835205e-01 1.392992679029703140e-02
5.818768739700317383e-01 3.883327245712280273e-01 1.508214510977268219e-02
