-2.190313296711626778e-02 -3.567306901832947297e-01 -6.398246590078806584e-01
2.909708099931052061e-02 -6.149195455426816892e-01 -2.669849069815968257e-01
3.196347268981114542e-02 -3.874706775721010743e-01 -3.493589366485174708e-01
-4.333786590052202126e-02 -5.576860034687096679e-01 1.703412369245325131e-01
2.883461107278512126e-02 -6.590856104341549226e-01 -1.444280180041881412e-01
2.748589416645932926e-02 -6.471040569445341006e-01 2.973821817954014346e-02
3.038395588753894927e-02 -4.756842781185626201e-01 4.732120836873190406e-01
-5.704853345427167710e-01 -1.504582859423415631e-01 5.967173138517520847e-01
3.098774164087936267e-02 -4.552778691247869602e-01 8.102522961592448780e-01
2.971230129778942852e-02 -4.913089338799405681e-01 9.728446359740328120e-01
2.790216481655988234e-02 -4.762057271907100819e-01 1.544708301875596490e+00
-2.039957034179143425e-02 -3.414007998823109791e-01 -6.746322746642015034e-01
-1.761804005789970040e-02 -3.111052895614283553e-01 -7.062246129988900556e-01
-1.323517209881182322e-02 -2.674662091559982802e-01 -7.261231133917012137e-01
-1.866902000179386512e-02 -2.573204564553395191e-01 -8.323467749407722494e-01
-1.967596374650670832e-02 -2.617536883820588134e-01 -8.838114961164862393e-01
-2.215159140359709844e-02 -2.737858308716862865e-01 -9.405757534130900765e-01
-2.184332832994428930e-02 -2.587802869756024027e-01 -9.933935531495663440e-01
1.735574186335842040e-02 -1.756032371480340526e-01 -1.072882447795038274e+00
2.771115147348313101e-02 -5.638829770298934285e-01 -3.203968578345655072e-01
-5.349561560519811021e-02 -4.470718921190952599e-01 -2.956251629336417164e-01
-8.850999693779675326e-01 1.829911506415831113e-01 1.134192308519264003e+00
-3.389231998357411513e-01 -2.264914522244247941e-01 4.682946075698786181e-01
-4.257176579684776030e-01 -2.172319520008065830e-01 4.603936829678993981e-01
-5.065370130621120737e-01 -1.932682483068806079e-01 4.747523085275759946e-01
-6.053092057104896284e-01 -1.327877938857344731e-01 5.649662317137171819e-01
-2.624402499150986223e-01 -2.206831508300828304e-01 4.981661787367710481e-01
-4.613972179935812434e-01 -2.947346077550130339e-01 8.337414774850930854e-01
-3.622731228053641672e-01 -2.938488046966130085e-01 8.151737667086518258e-01
-5.490812583777184841e-01 -2.631940199043456552e-01 8.150313633772086064e-01
-6.046487618978719780e-01 -2.227449194073836125e-01 7.684920057396071869e-01
-6.781616241487249397e-01 -7.892756206768036797e-02 4.946010488183820719e-01
-2.941121310099432673e-01 -3.457177485519011273e-02 -1.191173067747278047e+00
-5.982424330468933960e-01 -1.285860956792153065e-01 6.419594094356289027e-01
-9.131361712304952860e-01 2.832516292746403153e-01 6.157283269647177981e-01
-7.708221058762676492e-01 -5.179129637837363853e-03 6.015678555098076252e-01
-3.965613828724814383e-01 -2.373900083429636432e-01 -5.934172389854763807e-02
-1.170945131802217931e-01 -3.453034633142677556e-01 -6.122958371580251580e-01
-1.010970865545273156e-01 -2.965400811066296605e-01 -6.955621465011891935e-01
-2.026601412001256541e-01 -2.880043366488771461e-01 -6.322699067029411424e-01
-2.634868193267085879e-01 -2.192334484422449048e-01 -6.526892821649106224e-01
-1.717398128471725460e-01 -2.581300038680380826e-01 -6.904302608571644129e-01
-2.296359491434256661e-01 -1.949517885570970499e-01 -6.899141901283516454e-01
-3.829174473465961626e-01 -6.994963071406046229e-02 -8.116950592395983932e-01
-4.299390395184898850e-02 -6.058166582547963586e-01 -2.581524874217788756e-01
-5.569585684875311138e-02 -6.467595934477592401e-01 -1.387743226375264260e-01
-7.174344408789545824e-01 -2.106959371584333773e-01 8.916280733224191124e-01
-2.227164163359620641e-01 -2.916001450801797290e-01 2.392164779238030725e-01
-2.388359076945663073e-01 -4.029427809932188964e-01 -1.781318086226837405e-01
-2.455069192890246832e-01 -3.867169431343029373e-01 -1.057902336127534149e-01
-6.455821162516581779e-01 -1.308153250344588070e-01 -1.002974382401766729e-02
-5.027697574327050223e-02 -6.194139496089183794e-01 2.424122866071354299e-02
-5.241397780020475849e-01 -3.678958061519002065e-01 1.004707768002070623e+00
-6.384481932955852201e-01 -2.976814633330926441e-01 9.717581070180365543e-01
-8.005918832297140852e-01 -5.211864105397340241e-03 1.317408789613770281e+00
-1.518894066602622939e-01 -4.315303352705046613e-01 8.598010966873612659e-01
-2.744755872882671532e-01 -2.651390710893912761e-01 7.561751836215471201e-01
-4.559459761417978818e-01 -5.697011083997355341e-02 -6.708102492985030807e-01
-8.081346750874907059e-01 6.467285697782338971e-01 -4.874216559593551601e-01
-1.750777899849687014e-01 -3.624796921955231177e-01 -2.481741473647405272e-01
-1.085580506724181937e-01 -3.633893190311905386e-01 -2.875321504318180121e-01
-3.369045282047087309e-01 -7.068499667475358628e-02 -6.976740286410958447e-01
-3.172294807095197289e-01 -9.383084397204605187e-02 -7.092098913542494998e-01
-6.805291493302769723e-01 -2.680496464146635560e-01 1.058184701516159620e+00
-2.439502895824996465e-01 -3.496049452954315129e-01 -2.233071746366905863e-01
-3.667056786044913252e-01 -4.145357817178183524e-01 9.795520272737459067e-01
-3.796878032767985189e-01 -4.434598552396518123e-01 1.076040404908413350e+00
-4.598465554338995176e-01 -3.566575204730821902e-01 1.529595667094353573e+00
-7.392421348564344186e-01 -1.559632971531275114e-01 1.171581655019870993e+00
-4.097171117369500237e-01 -4.044778374655861874e-01 1.291772722357418246e+00
-7.634761503023623774e-01 -1.470339989453286478e-01 9.623946501741951209e-01
-8.232302040477827987e-01 9.657732603413682337e-03 1.025905710122241743e+00
-1.115903406031050205e-01 -3.295617937599122360e-01 -6.602921101701033635e-01
-1.877799909542889889e-01 -2.761966247611717939e-01 -6.636556728965459229e-01
-2.476038490485472643e-01 -2.136675228673086124e-01 -6.719556969169135918e-01
-1.556573916135988167e-01 -3.411343716869432718e-01 -2.685241609977242483e-01
-3.267676515064075193e-01 -8.250005882889349662e-02 -7.034741616556674515e-01
-2.876793140667663895e-01 -1.361353539665057788e-01 -7.654763760067808676e-01
-3.058400446025681951e-01 -9.751296909903545140e-02 -7.139940424987836209e-01
-1.364644613584852229e-01 -4.857563729268106201e-01 -2.295254367741741408e-01
-2.156629026400163074e-01 -1.786409529243437877e-01 -7.037186030331503694e-01
-1.573899925928294863e-01 -2.214399833945639440e-01 -7.079676459220491935e-01
-9.017018798412312908e-02 -2.567290431793092242e-01 -7.167398223383107947e-01
-9.564137652509979715e-02 -1.680499746560908392e-01 -1.061709403693621212e+00
-1.193644962449513791e-01 -2.529889804684910537e-01 -9.761953364769828667e-01
-1.155817053878576139e-01 -2.676981800156386093e-01 -9.221092012405964766e-01
-1.057765092385287709e-01 -2.540322451059731090e-01 -8.643184832195762723e-01
-9.492704312649336007e-02 -2.494499644552745643e-01 -8.160714895629181953e-01
-2.130110238453799543e-01 -1.809182032997740386e-01 -7.728511900998151773e-01
-2.297861344352689628e-01 -1.897142966307412415e-01 -7.948296226780948714e-01
-2.466278009347022682e-01 -1.988238654260108262e-01 -8.224001348559175639e-01
-2.582608109436841382e-01 -1.806226982202727704e-01 -8.524045543883875808e-01
-3.429346975181275514e-01 -2.080286745213677513e-01 -4.998852091783354545e-01
-9.039120760781473862e-01 6.866928937715854886e-01 1.403455293258086822e-01
3.244894131938189097e-02 -4.493480972211365554e-01 -3.309947529244414710e-01
-2.549873615886326661e-01 -1.348202164329309616e-01 -7.464851378852550567e-01
-2.713463647949025948e-01 -1.397309632585979067e-01 -7.558783534856940989e-01
-8.096038929729754141e-02 -3.638262386681900828e-01 -3.354807503660974799e-01
-2.139440125475022825e-01 -2.799063804766903640e-01 -2.874294110287745063e-01
-9.431330412765426274e-02 -3.650986130245481576e-01 -3.121187939920784249e-01
-3.107995991724483709e-01 -2.528462712204233576e-01 1.781553522022445435e-01
-4.493055507542118576e-01 -2.155591618357317607e-01 1.083062385512265635e-01
-2.594033103101744953e-01 -3.324868761266301931e-01 -1.514527195355090949e-01
-6.663842266431032613e-01 -1.945691658806802948e-01 1.453515499585634529e+00
-6.076812659236425773e-01 -2.902359757498409465e-01 1.266424054869279558e+00
-5.508169820515007586e-01 -3.656293644378738605e-01 1.102511304801003789e+00
-2.998578306080865730e-01 -1.101346930445374905e-01 -9.202270009862871802e-01
-1.757718775951613299e-01 -4.827526022403381134e-01 1.022518826147816640e+00
-2.044227552440185391e-01 -4.678245512014482799e-01 1.275829551285664110e+00
-2.366342691952583177e-01 -4.492725325416788706e-01 1.554186836169343167e+00
-5.714821663133813345e-01 -1.596754592043512222e-01 5.085978053257886877e-01
-7.728485489442560308e-01 -1.911016293797329624e-02 4.145492674696842350e-01
-2.115626851279137632e-01 -2.144699586319327445e-01 5.274500410618432333e-01
-6.820463163056782463e-01 -1.467084002043084201e-01 7.265951117939577486e-01
-1.637406973342936389e-01 -3.322664099412593330e-01 3.108840372794476892e-01
-1.893299910617638471e-01 -4.915744321334889477e-01 -1.485306303638591618e-01
-8.483244433826424569e-01 8.235611145414134526e-02 3.456777315955164021e-01
-7.198664112464143727e-01 -8.440500506005021997e-02 3.120433116985101840e-01
-6.147414349447322124e-01 -1.569670223519110674e-01 2.485793977045855918e-01
-4.517835079333440973e-01 -1.989939246079321933e-01 2.542640372786548753e-01
-3.306772167564293596e-01 -2.257941712252944377e-01 2.985368678579187751e-01
-2.400502021866905977e-01 -2.557747877672045256e-01 3.492683762102344325e-01
-5.005760919420076949e-02 -4.394918617127658855e-01 4.530646996356417766e-01
-8.323281934968420614e-01 9.113687023355065975e-02 8.505382425508312139e-02
-7.500378969253524986e-01 -1.087816750965122647e-01 7.584933550039583139e-01
-1.707859940112937958e-02 -5.588596885767231903e-01 -3.131871182801726494e-01
-2.163902063765996697e-01 -3.107369043496146510e-01 1.072521674459050445e-01
-9.362310981250141495e-01 5.519091290477424749e-01 6.730081684370876616e-01
-1.694485318662837248e-01 -2.769799988184047379e-01 4.074384416799188280e-01
-2.645951656546234876e-01 -2.497119278885269189e-01 -1.444977712037565087e-01
-6.320887264378161063e-01 -1.121580630478329343e-01 6.423539235371777956e-01
-1.938697764896653020e-01 -4.706732273234659480e-01 -6.084553303674966607e-02
-8.665590893923056370e-01 6.884272648920832793e-01 -1.625799991395819877e-01
-2.067702109216875694e-01 -2.004727427196204559e-01 5.698379985315695784e-01
-1.254641653862679229e-01 -5.626343196599936647e-01 -5.892009145793908331e-03
-6.473131457699237146e-01 2.464992955900462412e-01 -8.591513141771036643e-01
-6.391285275976805735e-01 4.122389075548911208e-01 -9.710552079786607393e-01
-8.982083588774791849e-01 3.913005418164638982e-01 1.067199322344007939e-01
-7.446808311753017051e-01 3.297210185087378065e-01 -6.734900642280337024e-01
-8.716189912295595477e-01 1.676121026442758399e-01 8.420503465057116443e-01
-3.111643291019585700e-01 2.874121146456173892e-02 -1.295932210601420387e+00
-2.645320285495626755e-03 -4.430132821505115004e-01 -3.240715368111013461e-01
-2.928857270865921070e-01 -2.665795801183454827e-01 2.677665863977413130e-02
-8.433993990640473726e-01 8.067378791990686970e-02 5.966242621659243461e-01
-4.928061308039062283e-01 -1.944043532848680478e-01 5.373203790601013274e-01
-4.214660260616396315e-01 -2.147268641940267564e-01 5.222323056641999806e-01
-3.012247150014586428e-01 -1.197688131785983323e-01 -7.757403675561072021e-01
-8.119603322716741900e-01 1.505663821809231084e-01 -1.564253419049348448e-01
-1.531264956533280319e-01 6.788498045366841982e-02 -1.452471169326097211e+00
-4.061370785296500863e-01 2.209693038182445335e-01 -1.272058458113090929e+00
-5.146148590868389050e-01 3.063337124070164563e-01 -1.150851627762293106e+00
2.863092002897751898e-02 -4.894041410455978180e-01 1.253589119819107367e+00
2.520429838576215831e-02 4.199677091149234265e-02 -1.478602021410576839e+00
-3.483767516747038329e-01 -2.204192835966716224e-01 5.299264909483505370e-01
-2.766980909110372533e-01 -2.134493378358528481e-01 5.495967561844765648e-01
-2.291449230827082850e-01 -1.997106187247927878e-01 5.607517253315150718e-01
-8.085841205877288829e-01 -2.788862299233296760e-02 8.064793030997918777e-01
-2.928810130405858914e-01 -2.404418061435276144e-01 6.700598395450274580e-01
-3.719451517807499386e-01 -2.566688254882483200e-01 7.141855233647911305e-01
-4.475250336981257959e-01 -2.525996689318787958e-01 7.249517465425583396e-01
-5.187109473659612391e-01 -2.291671208689654016e-01 7.093218845355764302e-01
-5.609173726082783418e-01 -1.984655138644675354e-01 6.811443906530101344e-01
-9.257185766262585602e-01 3.829737464254341361e-01 9.330706584709229645e-01
-5.394718446632085218e-01 -1.705274119060438132e-01 5.652524484801699778e-01
2.903041533705297272e-02 -3.602848807291358924e-01 -4.419926714590030059e-01
-2.514103134799468009e-01 -2.659850890828261427e-01 -4.551561480932186932e-01
-1.744814423093163924e-01 -3.963369707451689372e-01 -2.332925529023774924e-01
-9.099639351183419489e-02 -3.499061955859166240e-01 -4.414677879692168183e-01
3.081506484278986879e-02 -4.341920805724108767e-01 6.461222226029357252e-01
-5.368631173500615361e-01 1.842405205816102232e-01 -1.030796039188909496e+00
-4.291377729514671557e-01 1.128894153171489112e-01 -1.165005861820835875e+00
-1.631670098824191673e-01 -4.692172189099230728e-02 -1.392208454216198987e+00
-7.300586958645789437e-01 5.412985872168407653e-01 -7.612421300861846873e-01
-2.343015722607817430e-01 -2.176229990239382239e-01 6.081186030691800859e-01
-1.071866155908013374e-01 -4.412440547118356982e-01 2.514932748511111704e-01
1.853365227904793522e-02 -7.006106670689238314e-02 -1.416279402878803495e+00
-2.901020331936980945e-01 1.295326926451889626e-01 -1.378720416821090922e+00
-8.680252571526860805e-01 4.134957820909272996e-01 -1.651582355949310355e-01
-1.586885414302111608e-01 -2.198381328633660647e-01 -7.939255871412926879e-01
-1.760934002930221176e-01 -2.278346678395104519e-01 -8.303749585786244225e-01
-1.903285750695378198e-01 -2.380434949001832834e-01 -8.774532511728931894e-01
-1.986707534048299806e-01 -2.217734927344698903e-01 -9.274025056763592900e-01
-2.099843497621316502e-01 -1.492648726081742261e-01 -1.006096334965059569e+00
-2.775003793754609038e-01 -1.395811526450296824e-01 -6.926096262688266059e-01
-2.948733502814679941e-01 -1.405620507194681457e-01 -6.822921584309957765e-01
-3.093665267643275207e-01 -1.418356851153985687e-01 -6.711961093136946666e-01
-4.192489063150066642e-01 -1.317422525621043672e-01 -5.702470875891862967e-01
-7.080885363690452294e-01 -7.541669418636098854e-03 -2.538546394749849888e-01
-1.054082367623341288e-01 -3.806008960867619528e-01 3.912644789836767778e-01
-1.478252823977306285e-01 -2.679269618755650839e-01 6.547615091753118399e-01
-2.001820233254143488e-01 -2.370291948638381108e-01 6.476676642305387865e-01
-2.598193012298843918e-01 -1.321284596412115597e-01 -7.022115010433043203e-01
-7.136359143224186852e-01 1.527989476443389893e-01 -5.266531800334290914e-01
-7.867630403108305526e-02 -3.756139525649122568e-01 6.429577987249577298e-01
-2.551945478243005105e-01 -8.656344294148587970e-02 -1.095589363856324994e+00
2.844152527448201573e-02 -5.880810184683982200e-01 1.809612123415065277e-01
-4.840294921028487352e-02 -5.059692191494815638e-01 3.035674967603134711e-01
2.966201068145624120e-02 -5.291674572463476167e-01 3.216349035344481244e-01
-1.674230634322797506e-01 -4.134319788947427021e-01 5.911309832662603458e-02
1.616497509395303789e-02 -1.312103975362051145e-01 -1.311525792569975479e+00
1.680886246150921359e-02 -1.513679585887492962e-01 -1.186062458860373425e+00
-1.231608700042321480e-01 -1.305965065257047586e-01 -1.170098222144082989e+00
-4.529705546410092154e-01 -1.549000203522334085e-02 -8.420444295096043419e-01
-3.396767311391144517e-01 -2.165761625627267151e-01 -2.304567406447417532e-01
-3.609807462889915719e-01 -4.564926356464704682e-02 -9.882717219713210710e-01
-5.312262820312056988e-01 -1.836472185465156670e-01 -1.875520398788204091e-01
-4.202088628698845696e-01 -1.856990020980986422e-01 -3.403234756740607381e-01
-6.021096215731063239e-01 -9.134025048846017292e-02 -3.670533245795826183e-01
-1.519279049713718743e-01 -1.054270206952571121e-01 -1.289484202223148301e+00
-2.175638248177420575e-01 -3.440257071014563017e-01 1.169202752478337715e-03
-5.151798626426633554e-01 7.389292340617531485e-02 -9.147446389624969143e-01
-4.058010805152161282e-01 3.229174807021550908e-02 -1.059657919546684646e+00
-5.255761234020859263e-01 -2.165185534043265192e-02 -6.785414936870242109e-01
-7.873744142859067097e-01 2.071365738473773810e-01 -3.608051649009307305e-01
-6.173412218931226825e-01 5.960753868153700896e-02 -6.828937016423095585e-01
-8.238542880456352080e-01 4.096609862697038196e-01 -4.227744224594829348e-01
-4.917538628164095371e-01 -1.218723262147162201e-01 -4.792060259730472893e-01
-1.602260080626045635e-01 -3.724403454067868324e-01 1.816845896628316304e-01
-1.627885396029959963e-01 -5.039115937304776693e-01 -2.095687691920475881e-01
-2.121352527580189218e-01 -4.063740875909371830e-01 -2.222974030930526812e-01
-1.274804245236437206e-01 -5.728359130272338007e-01 -1.392029853232903402e-01
-2.174580273042101553e-01 -3.077820925757439596e-01 7.766714480301200041e-01
-3.599705201814673572e-01 -3.287167531890684558e-01 8.703143411198865920e-01
-4.827762321418376246e-01 -3.222642386215226473e-01 8.918607206538649024e-01
-5.825495529066069267e-01 -2.843050295973794661e-01 8.698359519305700616e-01
-6.497518789038059239e-01 -2.265311536414222893e-01 8.163952590346426064e-01
-6.914620762146332922e-01 -7.258977584344195044e-02 6.220266676834742547e-01
-9.183337152549349014e-01 3.397129318299638712e-01 3.655220408507120489e-01
-6.348334548618232986e-01 -1.160776942230687947e-01 4.321193885364391640e-01
-5.523166453961616540e-01 -1.622177820074333088e-01 3.826630873514855757e-01
-4.405061573331918723e-01 -1.979550841234907210e-01 3.726430782986249746e-01
-3.321308137274598948e-01 -2.196163443174357077e-01 3.950737421649059833e-01
-2.461170799442427004e-01 -2.267105658565111703e-01 4.321650087572348475e-01
-1.864510813957400703e-01 -2.376403898245089685e-01 4.665637138285929630e-01
-9.237110693042529519e-01 6.452112779658358832e-01 4.148449197052808124e-01
-2.116500381040713474e-01 -3.609530831941980544e-01 -2.477690254789963742e-01
-1.081177092937420925e-01 -4.915928507267453007e-01 1.268011684285250684e-01
-1.051522163270218746e-01 -5.674252779100674715e-01 -2.315060526322418877e-01
-6.237970775416934455e-02 -5.252972281933718790e-01 -2.863726416597622837e-01
-1.053938559384417495e-01 -5.244887042251233922e-01 -2.444322721996778913e-01
-1.890987659575329438e-01 -3.277839860154223572e-01 -2.801490167486218041e-01
-4.501033215838534662e-02 -5.464074749243752471e-01 -3.021501486523092694e-01
-3.251229187275059274e-02 -4.438944116574550236e-01 -3.146702320423466759e-01
-1.790351510798522394e-01 -2.106705568938598283e-01 5.640194885326166307e-01
-1.393282550974209721e-01 -2.559090883521579762e-01 5.279820797260819099e-01
-1.164264043393471448e-01 -3.105610326416528011e-01 4.958522745281785937e-01
-5.827932511836877438e-01 -1.674299455416390359e-01 6.597104999611000942e-01
-6.363181605583969613e-01 -1.686210278325428469e-01 7.147405227486123280e-01
1.003919348780153431e-01 -5.571777616815754008e-01 1.640911506154312249e-01
6.098541029941868530e-01 -1.634024993417042548e-01 5.531240558615464487e-01
1.143990835848216481e-01 -4.520571827950181643e-01 -3.031125309560069869e-01
8.972477277976640408e-01 1.571869003943273668e-01 1.039838441067667318e+00
3.721473982777592227e-01 -2.299560572436090133e-01 4.505400918739903560e-01
4.544234532587827502e-01 -2.238006668078811323e-01 4.383608271958379099e-01
5.327013607308721532e-01 -2.029425050170878819e-01 4.424459076921523071e-01
6.364050422164355680e-01 -1.454403331473961281e-01 5.156644857220191724e-01
3.040918697344141552e-01 -2.235740743517511397e-01 4.812133386052503958e-01
4.984164422659871363e-01 -3.053540207442217991e-01 7.954306909963957395e-01
4.012700186655591139e-01 -3.023405320263918838e-01 7.798885080679354154e-01
5.860500403688089222e-01 -2.782723237007500572e-01 7.723774374927061537e-01
6.401469206589389671e-01 -2.408102177896336293e-01 7.191507358546886941e-01
6.974207894904056459e-01 -9.515665002330675470e-02 4.322734101745822066e-01
3.257911734861789199e-01 -4.874496952706297570e-02 -1.207383108350552625e+00
6.394191674299287698e-01 -1.423424888636912744e-01 5.935174072720732497e-01
9.422108953196328684e-01 2.593711473886890495e-01 5.247891229215366771e-01
7.844353955606813145e-01 -2.535349626057692429e-02 5.265397800015461094e-01
4.377478238143819311e-01 -2.484223478937295226e-01 -9.769489252901597531e-02
7.778283310348316215e-02 -3.460264513899260486e-01 -6.195723567455027059e-01
7.199757618760765920e-02 -2.952936566619921432e-01 -7.015928719073376563e-01
1.774806659854570867e-01 -2.864548304045111404e-01 -6.469998392059803649e-01
2.497965132282586875e-01 -2.172349428626894063e-01 -6.724627627729420354e-01
1.524794028712667115e-01 -2.548810238210166279e-01 -7.018401275826402497e-01
2.210984158584290427e-01 -1.934563890400535779e-01 -7.057399747876922369e-01
4.146135890072399910e-01 -7.920140800160818673e-02 -8.321606403242167715e-01
9.859168645636740003e-02 -6.100468627484945117e-01 -2.647512690034008465e-01
1.093216209503590219e-01 -6.514422522615790356e-01 -1.465715762742212380e-01
7.395831374080401588e-01 -2.302545339287114246e-01 8.324438983692381555e-01
2.723713525159314752e-01 -2.941838401013754378e-01 2.164926622878993179e-01
2.905236717896464427e-01 -4.119707604620814756e-01 -1.994879851168871454e-01
2.954358071805704977e-01 -3.956835360098724941e-01 -1.279132487728933398e-01
6.758902098123291680e-01 -1.456905555050256318e-01 -7.140786889288719408e-02
1.051013364549379103e-01 -6.203022588689925954e-01 1.769949728022796043e-02
5.649974689338606026e-01 -3.866600961153756622e-01 9.604722741471540814e-01
6.706974395053642013e-01 -3.178511357211046828e-01 9.223901898564692559e-01
8.181044249093787357e-01 -3.046429082750945483e-02 1.228914728936143064e+00
2.109894014401874074e-01 -4.362247294731163016e-01 8.358483327626480275e-01
3.189358436742817382e-01 -2.693430453834406713e-01 7.224584983079958000e-01
4.824889515377117633e-01 -6.798475392176572818e-02 -6.959119386173600041e-01
8.622950458200335788e-01 6.210646215496939959e-01 -5.543039837618368715e-01
2.312214437978197257e-01 -3.718073643359223190e-01 -2.643208866803348212e-01
1.687277173939303321e-01 -3.746698008489133258e-01 -2.995099404809333787e-01
3.582597385396322220e-01 -6.822815364503126423e-02 -7.185932030021637829e-01
3.354454573002805251e-01 -9.380752053630897480e-02 -7.271733215378621829e-01
7.094281210543895710e-01 -2.890070617479505444e-01 9.977407770218142957e-01
2.935351714585285876e-01 -3.600653063307039936e-01 -2.447374498122516506e-01
4.181898237587882150e-01 -4.306462030132207630e-01 9.418306797108968453e-01
4.312919278636249132e-01 -4.604460547867574860e-01 1.031286394785672300e+00
4.972865829016956951e-01 -3.736364401010390246e-01 1.472765356178239671e+00
7.646248658506786811e-01 -1.770743665176297554e-01 1.097473282502175351e+00
4.539009698811824478e-01 -4.187894026736040942e-01 1.245110907034053582e+00
7.839695602971135102e-01 -1.667769493438158168e-01 8.877648971581901804e-01
8.463474082905166895e-01 -1.166609139797067374e-02 9.444047367470655985e-01
7.558676453731871803e-02 -3.292559692593171050e-01 -6.668767316036521287e-01
1.649204859167122672e-01 -2.738466554739584780e-01 -6.771355101749754191e-01
2.352752604950161253e-01 -2.122872321637860882e-01 -6.898342001832529213e-01
2.131687535509370068e-01 -3.516176967389639252e-01 -2.830796676614442120e-01
3.467165314842595158e-01 -8.215812364540553414e-02 -7.230652014192147092e-01
2.895218138445108114e-01 -1.366356940114074048e-01 -7.925056822470724072e-01
3.236244043389815417e-01 -9.656189813654758591e-02 -7.298360971027713084e-01
1.900201114846822303e-01 -4.887276942869434038e-01 -2.436914811112025347e-01
2.097370291055220548e-01 -1.768116252246463294e-01 -7.169816267525717102e-01
1.442850332222624932e-01 -2.172818265148648287e-01 -7.164850342358879409e-01
6.926601033991386380e-02 -2.530612210664175965e-01 -7.213862702092668222e-01
1.252310254589966698e-01 -1.722828641704257091e-01 -1.070999999139442771e+00
7.865808748823854835e-02 -2.529955013030640298e-01 -9.855104035381838656e-01
7.362978013595600224e-02 -2.659770494753952441e-01 -9.314643578210830555e-01
6.953807023072372528e-02 -2.514147061753810863e-01 -8.744842307460576336e-01
6.218969712022653917e-02 -2.458522206818345435e-01 -8.257727577488287452e-01
1.999360901824172032e-01 -1.784253903288866017e-01 -7.968329748737774665e-01
2.148935970434970866e-01 -1.896851780062935866e-01 -8.201174311024566066e-01
2.290537201114859478e-01 -1.996099740089276597e-01 -8.488904416614158066e-01
2.437415016649617794e-01 -1.815291098061131425e-01 -8.789592787901217008e-01
3.764453255019688527e-01 -2.174996207790220737e-01 -5.247722718843976786e-01
9.510285084290144297e-01 6.591650132681499130e-01 5.178986197756918486e-02
2.562152847237861852e-01 -1.316085330605583081e-01 -7.712071851106294673e-01
2.717409424296570730e-01 -1.392586700894102858e-01 -7.826776240873822843e-01
1.421651543882352930e-01 -3.700803150076961145e-01 -3.448422347697135404e-01
2.681535374121486459e-01 -2.931612840302355583e-01 -3.066663142015257915e-01
1.551310474531657491e-01 -3.743783561524103298e-01 -3.232729922647001874e-01
3.565125188047897353e-01 -2.570628560848016164e-01 1.473164836768909858e-01
4.892237740870140073e-01 -2.250224600145385168e-01 6.396399090044824209e-02
3.096582629957282951e-01 -3.424329562660397563e-01 -1.748261047109860300e-01
6.927351471031641950e-01 -2.187285522100879120e-01 1.375851571742742863e+00
6.411373874729706657e-01 -3.104377911688489533e-01 1.202008147762033019e+00
5.916515204535617301e-01 -3.852099203085352919e-01 1.049975339575006217e+00
3.256098963123261747e-01 -1.167569436797275539e-01 -9.394124152382898885e-01
2.378553264538050271e-01 -4.901878661119982716e-01 9.859149152957051854e-01
2.550851447160336072e-01 -4.761957819459712304e-01 1.250150202324208593e+00
2.829074641352076203e-01 -4.608514627432920285e-01 1.522342639887288129e+00
5.987404909034150791e-01 -1.717038945776709902e-01 4.663746262194421455e-01
7.820526740451683168e-01 -4.051133080564295330e-02 3.408578681852794112e-01
2.594553836116271217e-01 -2.139855058702138102e-01 5.107866549089785657e-01
7.101584202660529144e-01 -1.646373918091976751e-01 6.684226692787538227e-01
2.164155667506837410e-01 -3.332135154882296391e-01 2.937792371974108363e-01
2.411172871661904082e-01 -4.989837985878491367e-01 -1.676713763029193949e-01
8.790009883703984173e-01 6.002589003221736608e-02 2.626798109703680772e-01
7.285961879542623976e-01 -1.024269507469686147e-01 2.461108398246065754e-01
6.260945285288155304e-01 -1.716571519273983881e-01 1.941607688566642231e-01
4.722280668859379915e-01 -2.075876901487316850e-01 2.168507068799205850e-01
3.588426498661236863e-01 -2.309088912515488978e-01 2.741573713540472745e-01
2.746057705418987194e-01 -2.593958115956414012e-01 3.321654494717938277e-01
1.096472481535984977e-01 -4.400381341157815207e-01 4.454078845040592149e-01
8.661515730438864580e-01 7.128707241145415541e-02 6.006280611940806313e-03
7.676074845288392012e-01 -1.279290956683072356e-01 6.876776944470592845e-01
7.099501040920830341e-02 -5.598519810173678835e-01 -3.167656925584525496e-01
2.677075299956470644e-01 -3.137751368363548288e-01 8.589953665842586794e-02
9.664812705803260684e-01 5.274293014387891887e-01 5.769626271660919237e-01
2.123273948863735328e-01 -2.783814827070036912e-01 3.964003473348727269e-01
3.194953034718210905e-01 -2.598127958170519669e-01 -1.687348412133342634e-01
6.689488267944003752e-01 -1.263132008748684143e-01 5.890588427937530902e-01
2.437840647619344825e-01 -4.781677648537696612e-01 -7.971603821403605572e-02
9.199130201194645196e-01 6.597016586742583399e-01 -2.410237223036872933e-01
2.594811219050112694e-01 -1.979025334502906297e-01 5.513455527140989076e-01
1.759254520644186748e-01 -5.666790904762635250e-01 -1.909161428711786401e-02
6.824546585618671557e-01 2.222811527547214894e-01 -9.020233734052958141e-01
6.832134902282298583e-01 3.864044237636292678e-01 -1.009130458118416840e+00
9.457968323246310760e-01 3.672331400985209271e-01 2.202679475197155679e-02
7.843013336616015962e-01 3.048213534360089128e-01 -7.299244748415834039e-01
8.983822017555143091e-01 1.453433385489730778e-01 7.545938643093190734e-01
3.455603379266189989e-01 1.425205393496684070e-02 -1.308218093133538318e+00
6.816644155293805074e-02 -4.453026913450410795e-01 -3.273318619264820040e-01
3.399025279756653362e-01 -2.737099625672914094e-01 -1.900898584270005465e-03
8.483775907705268793e-01 5.981774309272802626e-02 5.063497982810880593e-01
5.295448196127185980e-01 -2.042886933449388209e-01 5.054688221248149205e-01
4.588286397443885889e-01 -2.216114797549861848e-01 4.973861852312309040e-01
3.080008283114772372e-01 -1.195888696742942736e-01 -8.027231552532860803e-01
8.486530342688141104e-01 1.301446348727302027e-01 -2.292267127754405998e-01
1.997590719571604723e-01 6.032310779178284843e-02 -1.455718411076269092e+00
4.512795624919370141e-01 2.030804256711262745e-01 -1.285632289569777598e+00
5.597529833542536082e-01 2.849372289149387782e-01 -1.173465602621241111e+00
3.887087767506001157e-01 -2.250704358751587364e-01 5.078843523787024417e-01
3.229616986350583030e-01 -2.143325949115997275e-01 5.288019694343351063e-01
2.806254680584097105e-01 -1.978333145469082233e-01 5.405891416763837221e-01
8.199184375497452493e-01 -4.694191748205456260e-02 7.196781415167450291e-01
3.357250875945791968e-01 -2.419522103525064693e-01 6.350301238622710898e-01
4.078431889422766687e-01 -2.625581607367224457e-01 6.726712060222990175e-01
4.823734099489351834e-01 -2.618617947001080637e-01 6.810123400078227363e-01
5.544458029518128939e-01 -2.416809438570095558e-01 6.632110717793184840e-01
5.972938953846806953e-01 -2.121916224051987321e-01 6.334136554181060141e-01
9.463071427226710242e-01 3.571676319662273613e-01 8.368569506912031386e-01
5.774754094788869807e-01 -1.820732045521871179e-01 5.269119817848109122e-01
2.979928617912741551e-01 -2.728701150031123124e-01 -4.746243115482391417e-01
2.302076321545230009e-01 -4.054948287472104340e-01 -2.501407113424647388e-01
1.448089345231904357e-01 -3.523764242661582280e-01 -4.509134795811626795e-01
5.717207483044752792e-01 1.614144421713779032e-01 -1.061388268254835232e+00
4.634102406148019604e-01 9.249255060939287620e-02 -1.185414909182775922e+00
1.971888229068516907e-01 -5.526063304849149205e-02 -1.398354660452101328e+00
7.805826873108081543e-01 5.158819971154455786e-01 -8.140634730670885943e-01
2.834789178979020274e-01 -2.151908695325626120e-01 5.838431159129560122e-01
1.627736615168666745e-01 -4.431897026115656502e-01 2.391217539188503771e-01
3.348976830132857074e-01 1.165640849339968366e-01 -1.385039386642283432e+00
9.162530904936092568e-01 3.889851297173434475e-01 -2.429918862375060051e-01
1.358167237493734802e-01 -2.155703699215489877e-01 -8.110000359704807593e-01
1.496160250165050609e-01 -2.254200990722279307e-01 -8.487742221991139147e-01
1.593176095778011669e-01 -2.362531870327069239e-01 -8.960383689378677019e-01
1.693321072859002019e-01 -2.206181276532870328e-01 -9.443326380263430408e-01
2.335345492455802585e-01 -1.523425778709195377e-01 -1.020811936727860747e+00
2.797278388187094400e-01 -1.399444100807595293e-01 -7.095001498430764109e-01
2.967993121114131938e-01 -1.396864662648329425e-01 -7.002886008848316912e-01
3.112996601665338758e-01 -1.409973676665112752e-01 -6.897428289488045650e-01
4.430526492608652944e-01 -1.427945476127581159e-01 -5.960928911322693757e-01
7.360976550225126758e-01 -2.615795962368525074e-02 -3.157955099550278089e-01
1.623778407762603848e-01 -3.815131137151883678e-01 3.783439432834145855e-01
2.037609787686058826e-01 -2.704211894750900846e-01 6.329313511677487902e-01
2.499049650889080265e-01 -2.353046894261212607e-01 6.232248229114447646e-01
2.634728259373408932e-01 -1.295303632385860215e-01 -7.178741997132114250e-01
7.463281106298369494e-01 1.320573209054557440e-01 -5.812738896298981217e-01
1.317451940987817149e-01 -3.759631499981828107e-01 6.299783343153495530e-01
2.820959350487637352e-01 -9.694736052283248195e-02 -1.111645366287404180e+00
1.057477674177185190e-01 -5.079682929039486261e-01 2.965666013978673909e-01
2.194909944527472234e-01 -4.188789496572327131e-01 4.135682073183405416e-02
1.538505364311394397e-01 -1.382246601826363497e-01 -1.178966868097791831e+00
4.865255075914696192e-01 -2.968874200940860297e-02 -8.715127941991456240e-01
3.846410920904519415e-01 -2.290640483524919446e-01 -2.618109943899820102e-01
3.866010169872202695e-01 -6.014886342496467142e-02 -1.013438110045342455e+00
5.616123784463549207e-01 -2.000889193465584803e-01 -2.367364286597275491e-01
4.536308220761502419e-01 -1.975992061069153927e-01 -3.766601030759479940e-01
6.269779841903315720e-01 -1.062051705840600935e-01 -4.142494775865754875e-01
1.829778530427146332e-01 -1.130135746194130819e-01 -1.298349806207156121e+00
2.682333748659690986e-01 -3.509184777631015884e-01 -1.954285850313880468e-02
5.474272786762144349e-01 5.375908119262901019e-02 -9.470821994262559329e-01
4.373615948091322814e-01 1.330891761406559348e-02 -1.084090143221765778e+00
5.557569772117636475e-01 -3.308476658984216279e-02 -7.110110704069856347e-01
8.244592105244858971e-01 1.844041058568535174e-01 -4.274385847782964376e-01
6.467005076820075971e-01 4.258766841677835702e-02 -7.212215195297062564e-01
8.708166088840290087e-01 3.870396121486701091e-01 -4.920574925609444428e-01
5.171718322037839322e-01 -1.331554422670283566e-01 -5.140304564961066802e-01
2.137415689072592606e-01 -3.740445531641425347e-01 1.645472621766743693e-01
2.142497709134145722e-01 -5.094213710719088795e-01 -2.258583128736302292e-01
2.642693992179576679e-01 -4.167503313451890179e-01 -2.418644373098817191e-01
1.809402621620266327e-01 -5.790668873229769531e-01 -1.532977527677310547e-01
2.709986899465857135e-01 -3.122817986673478430e-01 7.505328698757693928e-01
4.075316243150979290e-01 -3.408643524848491424e-01 8.386582867674361452e-01
5.263002829691156848e-01 -3.381677988263569468e-01 8.539534408907449858e-01
6.208275269151197762e-01 -3.021666095863988488e-01 8.256244565909165445e-01
6.822612131539953495e-01 -2.453672482719122527e-01 7.653279051472043903e-01
7.165676929094741965e-01 -8.957677958185650269e-02 5.590842209280721953e-01
9.556839968342076830e-01 3.179740589460768874e-01 2.758985529055020258e-01
6.554314092692692384e-01 -1.302967089835469494e-01 3.763437667260833841e-01
5.730669609530067987e-01 -1.744436105983298013e-01 3.364206847531678868e-01
4.654521727404636877e-01 -2.061275293161735078e-01 3.409207130096034710e-01
3.631379612878546936e-01 -2.241157321612079478e-01 3.743708301903243552e-01
2.850842793036474365e-01 -2.305346318015364382e-01 4.170216978855525447e-01
2.313037174676813024e-01 -2.393243584446702599e-01 4.546722841825512340e-01
9.618436040537048370e-01 6.217089142848557515e-01 3.212742491792384136e-01
2.633416037040761104e-01 -3.718684961215710238e-01 -2.664320004223925675e-01
1.639183392958190044e-01 -4.931694107037269958e-01 1.145984755545610412e-01
1.577509051687123742e-01 -5.730983034128240838e-01 -2.431583164527963969e-01
1.147116750772085858e-01 -5.309330368084208551e-01 -2.941338435996836420e-01
1.576688071733931551e-01 -5.297197588847324390e-01 -2.563745609636676193e-01
2.423939182878778187e-01 -3.397074002648978741e-01 -2.966149805382942706e-01
9.778960246817902657e-02 -5.508033884878460462e-01 -3.082873811883253268e-01
9.506362490509623342e-02 -4.484134367756569262e-01 -3.199256826626368788e-01
2.310768465446986220e-01 -2.101759599825072655e-01 5.467759660829236701e-01
1.892743772531841895e-01 -2.567461994923165847e-01 5.147226217023521677e-01
1.639061663162586502e-01 -3.123627529595220942e-01 4.855536086836549359e-01
6.209427326301746319e-01 -1.816938929178473217e-01 6.112199353787284295e-01
6.710228479132194224e-01 -1.867637002188611284e-01 6.617443778315150738e-01
-4.307270379624581480e-01 -2.046265929801860395e-01 6.377407320504624444e-01
-3.455700444854841180e-01 -2.125621026622104282e-01 6.351455378036825472e-01
-4.296719668386028701e-01 -2.156339898571468794e-01 7.388338178011757407e-01
-5.170340199790750546e-01 -1.966217052708634228e-01 6.399423041523237821e-01
-4.325486089888261887e-01 -1.936225377054574537e-01 5.364881362814650778e-01
4.665078007980243413e-01 -2.130812842185574318e-01 5.984575681949055870e-01
5.498723429252256878e-01 -2.206348965026099229e-01 5.943077716419091772e-01
4.653052218042024180e-01 -2.242762484112930110e-01 6.989150066375628967e-01
3.824809053712154849e-01 -2.055608890519327048e-01 6.031894117356082496e-01
4.680248086495097937e-01 -2.019079608783735935e-01 4.979657258878198434e-01
