-1.617243744022925367e-02 -1.589423939074603442e-01 -3.578764983910329711e-01
1.459269277655472763e-02 -3.084957449784822003e-01 -1.339772207854565966e-01
1.456431822402898257e-02 -1.970834217145145395e-01 -1.795813857826020765e-01
-2.173469437339198285e-02 -2.796892414945799654e-01 8.542909639894546991e-02
1.446105953812229505e-02 -3.305429100170411694e-01 -7.243316372916186463e-02
1.378465452495193644e-02 -3.245339523121759662e-01 1.491423098864569363e-02
1.523808294081985260e-02 -2.385639483694561580e-01 2.373241084752912844e-01
-2.861083288976367101e-01 -7.545745026779970832e-02 2.958711207755764239e-01
1.554089200959091199e-02 -2.283297789307434655e-01 4.063556351109607334e-01
1.490123646881773289e-02 -2.463999852994360751e-01 4.878985246810385590e-01
1.399342150432550391e-02 -2.388254641589144800e-01 7.746981107554491430e-01
-1.561125603465113310e-02 -1.484411837738768281e-01 -3.779460220728196873e-01
-1.399584155220263970e-02 -1.309579694803475469e-01 -3.934817576476452583e-01
-1.093120964950639040e-02 -1.098852319791916443e-01 -3.999944678816451660e-01
-7.589823144913104835e-03 -1.318558912555132245e-01 -3.650234138130121764e-01
-7.939675861817679925e-03 -1.341882429667682342e-01 -3.913287133276077689e-01
-9.255686622691550181e-03 -1.400729400448692541e-01 -4.242733080258136447e-01
-9.104760771805442410e-03 -1.322989610811591277e-01 -4.575447934148435536e-01
1.008414284001279970e-02 -9.000433466500767921e-02 -5.116871795037662984e-01
1.389762498673641211e-02 -2.837086300616660228e-01 -1.619572878671852179e-01
-2.697124278063806058e-02 -2.265696295709953567e-01 -1.507066082373657023e-01
-4.438930465216333054e-01 9.177324839574607651e-02 5.688171919425588641e-01
-1.699758862467004583e-01 -1.135894070922465193e-01 2.076261376837875705e-01
-2.135048183161605273e-01 -1.089456064982659012e-01 2.020880269969576037e-01
-2.540371321695205076e-01 -9.692739182573095746e-02 2.122627586847782855e-01
-3.035731066618967411e-01 -6.659539081246368397e-02 2.738857688890974362e-01
-1.316183550956202541e-01 -1.106764428054414218e-01 2.274261309564826750e-01
-2.313987389421270358e-01 -1.478145378805930665e-01 4.481110729369275347e-01
-1.816862791984883430e-01 -1.473702922226842738e-01 4.382689561479828910e-01
-2.753738120005913004e-01 -1.319963838703117620e-01 4.366269402457341187e-01
-3.032418825898348658e-01 -1.117104556476786748e-01 4.092825196149458833e-01
-3.401098630576111503e-01 -3.958354454473689277e-02 2.383929038728924699e-01
-1.440797558220757724e-01 -1.710829620521059358e-02 -5.862568854804042218e-01
-3.000289971203224937e-01 -6.448816816456648393e-02 3.285453426282354261e-01
-4.579536899334279987e-01 1.420556242243455891e-01 3.087984687343283685e-01
-3.865807081025018910e-01 -2.597424979021351055e-03 3.013469462460538484e-01
-1.988824386693957003e-01 -1.190552227577301725e-01 -2.976090782794194034e-02
-6.384297860153431703e-02 -1.601537252007652068e-01 -3.393442670079158674e-01
-5.580539903282483172e-02 -1.287732611428953344e-01 -3.862729080348141775e-01
-1.091208104414107538e-01 -1.370905030685249937e-01 -3.449745799132224455e-01
-1.470782413778067843e-01 -1.021652174977609739e-01 -3.391412520275465248e-01
-9.335437918402711421e-02 -1.164525082953515867e-01 -3.745979795221336950e-01
-1.284230506745632772e-01 -8.892089251689339058e-02 -3.534852269600856634e-01
-1.958975493867574080e-01 -3.201667791375317762e-02 -3.877787528409304407e-01
-2.156219254941571517e-02 -3.039279250204605098e-01 -1.295404724114972428e-01
-2.793244201849953701e-02 -3.243611978705434051e-01 -6.959774138752894412e-02
-3.598058644890866908e-01 -1.056676812459007575e-01 4.490977476235977761e-01
-1.116961608610486101e-01 -1.462425502700659408e-01 1.199712203956784240e-01
-1.197803664594044859e-01 -2.021289548934332991e-01 -8.934055561047171690e-02
-1.231259949335827830e-01 -1.939452807235539922e-01 -5.305564423824660203e-02
-3.237706725537767838e-01 -6.560616117266715452e-02 -5.030092254063200929e-03
-2.521477986992132214e-02 -3.106468813270129026e-01 1.215740152345595737e-02
-2.628652252965415492e-01 -1.845061528022287067e-01 5.038784402125990880e-01
-3.201928859712652731e-01 -1.492924372653736675e-01 4.873591530796268501e-01
-4.015107698140383263e-01 -2.613840330246794408e-03 6.607034301632319639e-01
-7.617518222734831479e-02 -2.164199771968655650e-01 4.312052213485193519e-01
-1.376542863546010853e-01 -1.329718609079815206e-01 4.024938958514177045e-01
-2.438264122129205624e-01 -1.993011770189223597e-02 -3.233997588701935655e-01
-4.052936112702187899e-01 3.243456302996743368e-01 -2.444504477347047011e-01
-8.790014073701868380e-02 -1.833105569492332609e-01 -1.251315029891322261e-01
-5.512592372206559510e-02 -1.849358786409904809e-01 -1.458554642469548357e-01
-1.868975947635860280e-01 -2.629649132037659154e-02 -3.266241148358282054e-01
-1.751414542972412614e-01 -3.904346839223571397e-02 -3.299064928729982249e-01
-3.412972181608933120e-01 -1.344315651142462542e-01 5.306980535415730671e-01
-1.223453180308131660e-01 -1.758251034717992489e-01 -1.121220046772239964e-01
-1.839092831140058948e-01 -2.078969126710825677e-01 4.912623982108668130e-01
-1.904200446895192300e-01 -2.224028391851751163e-01 5.396529823859443908e-01
-2.306210546674027917e-01 -1.788699568466951551e-01 7.671188612626158587e-01
-3.707428027471211252e-01 -7.821830924648531802e-02 5.875686002577928946e-01
-2.054802657701757518e-01 -2.028526784937774163e-01 6.478465133647670626e-01
-3.828965834701114623e-01 -7.374011071310881960e-02 4.826576748411524065e-01
-4.128642818959886718e-01 4.843517277778347507e-03 5.145095599760374228e-01
-6.130902436517637888e-02 -1.484576848893801593e-01 -3.681312674536436624e-01
-1.017104318445426481e-01 -1.281807079815534545e-01 -3.622615551195709216e-01
-1.382433451383263678e-01 -9.867635946525998847e-02 -3.480458727108415307e-01
-7.850872046186230246e-02 -1.730866009074587542e-01 -1.354688020793115566e-01
-1.810193902219331408e-01 -3.269858742501258186e-02 -3.282149348022813662e-01
-1.496371069445109336e-01 -6.480937468534719859e-02 -3.515184522131700184e-01
-1.681413737205816883e-01 -4.167154630196734377e-02 -3.316674122941876135e-01
-6.843930357033362055e-02 -2.444306212986044891e-01 -1.156564827864229317e-01
-1.204580491934648112e-01 -8.122637439336066745e-02 -3.576675760012693051e-01
-8.591133559277330800e-02 -9.758874585538035440e-02 -3.784061355717955877e-01
-4.964295207341984373e-02 -1.084819457121066755e-01 -3.938410895496580189e-01
-4.476411647087946699e-02 -8.565286904078450725e-02 -5.071774786791451994e-01
-5.654070084294704479e-02 -1.287338337052239545e-01 -4.499718898295776981e-01
-5.475667953624108186e-02 -1.363038314945899110e-01 -4.169382360679119159e-01
-4.987332511856645834e-02 -1.295441214774419869e-01 -3.851002616096455000e-01
-4.483230543081284658e-02 -1.271766100040665481e-01 -3.608683418170230972e-01
-1.058957341802928553e-01 -8.997182652471202857e-02 -3.483506657331858491e-01
-1.132165166625251906e-01 -9.465414120509207940e-02 -3.596741754722101447e-01
-1.203229777529414291e-01 -9.960412983147648447e-02 -3.751504062352184476e-01
-1.249177102824324814e-01 -9.067156248467878044e-02 -3.918875188706421042e-01
-1.811033166390397797e-01 -1.012628266044993675e-01 -2.565588926431106032e-01
-4.533276455991832599e-01 3.443884433249344568e-01 7.038573323067265353e-02
1.592308035552190970e-02 -2.277442687916026998e-01 -1.693570872083611789e-01
-1.333502599773662700e-01 -6.431538028797845197e-02 -3.407992697503430257e-01
-1.414699204147018552e-01 -6.671154789748590108e-02 -3.457244289572209972e-01
-4.198486804640072512e-02 -1.851875385689758513e-01 -1.714420726389594973e-01
-1.081160816514272760e-01 -1.416985870433377093e-01 -1.444316853050391369e-01
-4.832465329414414867e-02 -1.859080861495181480e-01 -1.589028894214835619e-01
-1.558714108094678696e-01 -1.268068077242696656e-01 8.934801560486560490e-02
-2.253345572743978842e-01 -1.081066731028796912e-01 5.431746885524102453e-02
-1.300952770027813399e-01 -1.667479578335466783e-01 -7.595617819553279748e-02
-3.342032931336049728e-01 -9.757982464132952671e-02 7.289633325045983270e-01
-3.047627361624933862e-01 -1.455583955971864185e-01 6.351336979128348048e-01
-2.762443076464293767e-01 -1.833694928180351624e-01 5.529285996088768584e-01
-1.440854462934348934e-01 -5.520765168237962150e-02 -4.367660261004835398e-01
-8.815265725675891506e-02 -2.421088359943222024e-01 5.128109960092572805e-01
-1.025215712835074733e-01 -2.346221584623591205e-01 6.398507181396588805e-01
-1.186762064157836916e-01 -2.253179980658801540e-01 7.794517607495485834e-01
-2.866082573880430751e-01 -8.008002315351181455e-02 2.357274926238293045e-01
-3.875970045867105362e-01 -9.584083800932896580e-03 2.079036760104651105e-01
-1.061023704449179927e-01 -1.075604187303309534e-01 2.470150532523189835e-01
-3.420581038168561960e-01 -7.357681944007132824e-02 3.794328086685219148e-01
-8.211881086198302704e-02 -1.666373902026969667e-01 1.558522109942297451e-01
-9.495228724206528081e-02 -2.465331372966015344e-01 -7.449069526462392954e-02
-4.254494798779999698e-01 4.130302825725506999e-02 1.733634015380871585e-01
-3.610255399752588801e-01 -4.233057758185287955e-02 1.564951542975381305e-01
-3.083035338623640875e-01 -7.872169274602580646e-02 1.246669050191784311e-01
-2.265772959473730808e-01 -9.979891818953445792e-02 1.256973204787554810e-01
-1.658403864787429960e-01 -1.132397085297178752e-01 1.420785022480519633e-01
-1.203893562912110582e-01 -1.282755097655241538e-01 1.642759231157884248e-01
-2.510476264327415885e-02 -2.204128213384166646e-01 2.272198272345351544e-01
-4.174270820242078628e-01 4.570672735063885384e-02 4.265596954068140434e-02
-3.761570654068098207e-01 -5.455590206598126546e-02 3.884009454146610807e-01
-8.565215252870184148e-03 -2.811676431512106777e-01 -1.582310405219283789e-01
-1.085234564107587785e-01 -1.558399682641378181e-01 5.378882518141958613e-02
-4.695361979134102803e-01 2.767920383821471653e-01 3.375252979624390193e-01
-8.498138926793086245e-02 -1.389102923452441019e-01 1.910310293188943742e-01
-1.326990828616457785e-01 -1.252348799663034473e-01 -7.246815050352883869e-02
-3.170035026073358964e-01 -5.624922374541119208e-02 3.284978169655479174e-01
-9.722906868355818411e-02 -2.360508191403665190e-01 -3.051509646105488027e-02
-4.345944723641723684e-01 3.452582606417489153e-01 -8.153669834147903028e-02
-1.036988611811303640e-01 -1.005405712225924120e-01 2.764586240021176256e-01
-6.292246359667635902e-02 -2.821709082274859171e-01 -2.954947346826553023e-03
-3.246388139988858335e-01 1.236236889283819362e-01 -4.308793441052318762e-01
-3.205340854701450581e-01 2.067449902838576214e-01 -4.870010953827921263e-01
-4.504671321065867318e-01 1.962440439353598798e-01 5.352190861565908619e-02
-3.734704036527958237e-01 1.653608407378421852e-01 -3.377669944134495950e-01
-4.371321012415267937e-01 8.406038803611370902e-02 4.223029110459730617e-01
-1.550841638354495400e-01 1.448141558619478464e-02 -6.484813567241074495e-01
-1.719426158643604791e-03 -2.246484746181041103e-01 -1.657184429482616572e-01
-1.468872920315879016e-01 -1.336943012689881805e-01 1.342896109997029908e-02
-4.229794843944709726e-01 4.045930721593482549e-02 2.992174562469782639e-01
-2.471508556268737777e-01 -9.749716825471632653e-02 2.529741418911719553e-01
-2.113725508829786826e-01 -1.076892613431110757e-01 2.420773973945202773e-01
-1.564530343756624919e-01 -5.649330717376088717e-02 -3.587946758595279562e-01
-4.072122449626682794e-01 7.551166024858335657e-02 -7.845003490001023483e-02
-7.679560389828821165e-02 3.404550299816716530e-02 -7.284395826949507935e-01
-2.036846796612126198e-01 1.108199615774247970e-01 -6.379593859123620092e-01
-2.580883126071027434e-01 1.536316821735703719e-01 -5.771721306247528105e-01
1.435890493286513803e-02 -2.454446985256457658e-01 6.286967544957740017e-01
1.264039451245149714e-02 2.106210971936295362e-02 -7.415446600210042760e-01
-1.747170071047166040e-01 -1.105441087932750310e-01 2.476342064395644638e-01
-1.387689106209538670e-01 -1.070485596294503683e-01 2.618402324278614746e-01
-1.149201689314629515e-01 -1.001583527686373820e-01 2.698964603796325523e-01
-4.055190160145962786e-01 -1.398663220877749414e-02 4.045232059918957290e-01
-1.468849278554320570e-01 -1.205857524944020653e-01 3.488396848905317427e-01
-1.865369701446724093e-01 -1.287238852501355613e-01 3.807076218394822575e-01
-2.244415969673658751e-01 -1.266831323825812206e-01 3.884830839481310250e-01
-2.601425722025685339e-01 -1.149313015077917388e-01 3.771950809717843356e-01
-2.813098293845639475e-01 -9.953391100068986752e-02 3.568450611884026458e-01
-4.642639853316086196e-01 1.920680110557246856e-01 4.679511823954589644e-01
-2.705545236980300139e-01 -8.552246639396110517e-02 2.731469032317062062e-01
1.126583755740745429e-02 -1.770073107590732775e-01 -2.319925472066053374e-01
-1.295880770209416610e-01 -1.335153606839687424e-01 -2.361913715067447406e-01
-8.750548149109338425e-02 -2.000537790327043819e-01 -1.176504526933904726e-01
-4.897945213686377697e-02 -1.730013557201071084e-01 -2.309917633668929771e-01
1.545429158859958074e-02 -2.177548888136382477e-01 3.240415452935903051e-01
-2.688058434561360066e-01 9.243033386843824140e-02 -5.166974120689782346e-01
-2.138221730544263011e-01 5.671283472590016306e-02 -5.826969097404002262e-01
-8.179429659913273198e-02 -2.352951394269553465e-02 -6.979949058389607330e-01
-3.661371481852921939e-01 2.714706668969868453e-01 -3.817761834316311109e-01
-1.175063182848596899e-01 -1.091417233895060068e-01 3.041052275771074509e-01
-5.375595411485772912e-02 -2.212915766376599702e-01 1.261282651462949378e-01
9.294949336740979118e-03 -3.513684489779622666e-02 -7.099611760249668890e-01
-1.454912210729946143e-01 6.496290519080250014e-02 -6.914522961224323083e-01
-4.353297810257741318e-01 2.073753434095144677e-01 -8.282972665249843658e-02
-7.603440553258389301e-02 -1.114743919597340760e-01 -3.553346655878404370e-01
-8.414854792489556701e-02 -1.155423144367264676e-01 -3.736670157980097606e-01
-9.095352323908545422e-02 -1.206546936184349494e-01 -3.972014330559541229e-01
-9.474204480680470386e-02 -1.123842210570127342e-01 -4.252770699648351638e-01
-9.989912037390702437e-02 -7.553815413091136133e-02 -4.770348060720839278e-01
-1.578371509094976810e-01 -6.019318987724098236e-02 -3.314144031061538875e-01
-1.681875062700202150e-01 -5.972711878993075540e-02 -3.264957718522301100e-01
-1.766726682736007303e-01 -5.969119554043433862e-02 -3.215798248734871301e-01
-2.270560515157864501e-01 -5.697657137853767706e-02 -2.817898686796456165e-01
-3.551187306410090727e-01 -3.782276368306969339e-03 -1.273125219622304183e-01
-5.286406616620864529e-02 -1.908779766330221950e-01 1.956411655197622945e-01
-7.413695314277890525e-02 -1.343700366816333869e-01 3.345148005122464685e-01
-1.003947703842218431e-01 -1.188742685152532896e-01 3.317922370497117246e-01
-1.471710641204406755e-01 -5.756862170263804535e-02 -3.359414068690611543e-01
-3.579008372788168302e-01 7.663133503342256514e-02 -2.641257401801062610e-01
-3.945753642943133910e-02 -1.883769376212358626e-01 3.232845678284073099e-01
-1.231450712567838668e-01 -4.340646404060732877e-02 -5.331215238780950827e-01
1.426392016563335363e-02 -2.949328707727105758e-01 9.075519033138434999e-02
-2.427492184943247366e-02 -2.537523736355764559e-01 1.522443855201831564e-01
1.487601484903700033e-02 -2.653866939824509608e-01 1.613055046176705698e-01
-8.396558157963629476e-02 -2.073433363352494840e-01 2.964624704011104006e-02
8.104863934720929475e-03 -6.585643612993274942e-02 -6.502605246229178348e-01
8.970136748886380074e-03 -7.665297609495069775e-02 -5.800573194145375311e-01
-5.949371099108929917e-02 -6.589645334648952524e-02 -5.724140106568036401e-01
-2.267265680467063227e-01 -6.565299997656259823e-03 -4.133554709096074475e-01
-1.703537953162701513e-01 -1.086167166760794167e-01 -1.155780682809577353e-01
-1.753245815136765806e-01 -2.254904010879249521e-02 -4.814370218685044556e-01
-2.664192304615191631e-01 -9.210227787390801168e-02 -9.406061376509278205e-02
-2.112076101046618248e-01 -9.313128305188267397e-02 -1.707316615725376074e-01
-3.019684595039677788e-01 -4.580872608985198102e-02 -1.840836336239293214e-01
-7.509219723416227232e-02 -5.284038865309914623e-02 -6.393988709459339503e-01
-1.091120464947227253e-01 -1.725348824882988463e-01 5.863755392103708886e-04
-2.564934392226163595e-01 3.718869158889270832e-02 -4.529749984880653280e-01
-1.996077227352492933e-01 1.646561425521914090e-02 -5.204483408505704567e-01
-2.694597013070989533e-01 -6.873149639283093748e-03 -3.349455515277908191e-01
-3.948819789884154829e-01 1.038825985676894437e-01 -1.809500727484729676e-01
-3.096104453394139533e-01 2.990493314309156103e-02 -3.422273461718505772e-01
-4.131772708878274081e-01 2.054521092106624813e-01 -2.120287344590607859e-01
-2.497318822053229415e-01 -5.808931881643497608e-02 -2.391710850488402151e-01
-8.035613299240473850e-02 -1.867853183707310905e-01 9.111797665389809175e-02
-8.164128718020968734e-02 -2.529970951316689032e-01 -1.052342198201342560e-01
-1.063895230812983428e-01 -2.043894790545899287e-01 -1.117423359469454924e-01
-6.393365266235423450e-02 -2.872871849372700126e-01 -6.981271885836515256e-02
-1.090589871994782634e-01 -1.543580787086300532e-01 4.063846205436352221e-01
-1.805314838883398387e-01 -1.648571755327727928e-01 4.562716513114635219e-01
-2.421206868013818791e-01 -1.616211271221892343e-01 4.656181160396322127e-01
-2.921587444763571462e-01 -1.425839228286220894e-01 4.536638066725711127e-01
-3.258618811301761120e-01 -1.136093180441750672e-01 4.265528881712619125e-01
-3.467802713639183132e-01 -3.640503439603903768e-02 3.133939259208029515e-01
-4.605603487643623595e-01 1.703719505930787470e-01 1.833156595098925923e-01
-3.183800317047928985e-01 -5.821498486560361396e-02 2.033280923731577428e-01
-2.769964149267925002e-01 -8.135504230766976708e-02 1.738271796272068404e-01
-2.209215082535691543e-01 -9.927792159768866753e-02 1.636782940903043215e-01
-1.665693906705958405e-01 -1.101414207634896503e-01 1.734873556878737677e-01
-1.234320011266489825e-01 -1.136992963940726131e-01 1.936777133058138478e-01
-9.350846391529465951e-02 -1.191807934305140204e-01 2.133268086210968750e-01
-4.632571854537306244e-01 3.235846906961836744e-01 2.080519507546865210e-01
-1.061840644025217051e-01 -1.820110656058575582e-01 -1.246451279048462757e-01
-5.422291381963090240e-02 -2.465423745418349188e-01 6.359298740774776970e-02
-5.273566745992191995e-02 -2.847673990172752134e-01 -1.162181791205777470e-01
-3.128450963068879487e-02 -2.646416299934539751e-01 -1.449429369359427344e-01
-5.285685393261929654e-02 -2.637733207180192885e-01 -1.231629529638272880e-01
-9.540115943263072218e-02 -1.660364893349699500e-01 -1.410819353020462685e-01
-2.257346640622154288e-02 -2.750026113112802317e-01 -1.527098162680928795e-01
-1.660410353240825143e-02 -2.250514652321804476e-01 -1.607048883386634763e-01
-8.978924573135882437e-02 -1.056549526012811047e-01 2.726033403601972882e-01
-6.987554385182098704e-02 -1.283428638473986805e-01 2.514064111313054628e-01
-5.838986906086179873e-02 -1.557517655402138601e-01 2.384029729763261773e-01
-2.922809634057301764e-01 -8.396903307731529154e-02 3.406412371569136344e-01
-3.191246374641889538e-01 -8.456638158602536315e-02 3.757902185656956107e-01
5.034830342443907814e-02 -2.794343493885287355e-01 8.229456495457121434e-02
3.058524517880818472e-01 -8.194919867979810757e-02 2.706113124617142152e-01
5.721183678509478288e-02 -2.288820648628373533e-01 -1.544456146145455344e-01
4.499853588929889625e-01 7.883196757804267207e-02 5.214970671500323007e-01
1.866384002845569157e-01 -1.153269668370973111e-01 1.962883223610718542e-01
2.279012744963533343e-01 -1.122399313523196884e-01 1.872742080861320435e-01
2.671590081143353501e-01 -1.017792000197186297e-01 1.905872042614016326e-01
3.191682101285295836e-01 -7.294085956560425466e-02 2.435513329722061027e-01
1.525073676973837111e-01 -1.121262912900100606e-01 2.181255741399816817e-01
2.499645245151334016e-01 -1.531403584061141743e-01 4.277349826649903264e-01
2.012439015091458394e-01 -1.516290413414935756e-01 4.211115978152650818e-01
2.939142998911874471e-01 -1.395584157764573341e-01 4.146666714817111021e-01
3.210448273232220373e-01 -1.207705173499233897e-01 3.852770300535452996e-01
3.497686698283204443e-01 -4.772271474485945131e-02 2.061258327581845240e-01
1.633117327241515593e-01 -2.463118909228911857e-02 -5.953378410881580152e-01
3.206798464068083554e-01 -7.138723671584890074e-02 3.004281747745236597e-01
4.725351703302393958e-01 1.300791467376167798e-01 2.631908830804390309e-01
3.934080099218011384e-01 -1.271522092714177932e-02 2.614434289652998178e-01
2.195381559641687019e-01 -1.245881331439910866e-01 -4.899569188903629691e-02
3.558131599884267748e-02 -1.588893647554860955e-01 -3.421699022435185089e-01
3.307736807975247828e-02 -1.285997835892525032e-01 -3.864743285636127457e-01
8.985492539484640773e-02 -1.373626861876432459e-01 -3.507221779831539710e-01
1.331805662619132136e-01 -1.059651165266500827e-01 -3.521454784580027031e-01
7.728210833326831786e-02 -1.180807757769445354e-01 -3.795064360478628274e-01
1.179558465798342670e-01 -9.360858302688157551e-02 -3.672823944561500742e-01
2.319101090960506983e-01 -3.777054383228217738e-02 -3.877201778439842705e-01
4.944544749400370254e-02 -3.060602717326230682e-01 -1.328609875694979348e-01
5.482669647863852580e-02 -3.267096328028693542e-01 -7.350819552647436250e-02
3.709138214644873699e-01 -1.154766580919268648e-01 4.212584215487096273e-01
1.365989759761075950e-01 -1.475383183120051456e-01 1.085748398342978316e-01
1.457026801706806651e-01 -2.066831619417828225e-01 -1.000619664225315120e-01
1.481662016022048389e-01 -1.984421831822140714e-01 -6.415072589014192417e-02
3.389707092167131286e-01 -7.306635043497355930e-02 -3.581229397558027827e-02
5.271015031812170681e-02 -3.110923838887007520e-01 8.876602291112895005e-03
2.833560687368681386e-01 -1.939167709537084061e-01 4.816935697900550650e-01
3.363664444882150661e-01 -1.594078791740995982e-01 4.626872166524877983e-01
4.102936144050133294e-01 -1.527837664225395464e-02 6.163221178230351427e-01
1.058148586931721979e-01 -2.187742976310140808e-01 4.191924931607342586e-01
1.599518791001874884e-01 -1.350802272185076536e-01 3.891497610035687948e-01
2.683230919281673899e-01 -2.914164268334906716e-02 -3.226200849648690472e-01
4.324559802646561479e-01 3.114747220477775969e-01 -2.779930997218771349e-01
1.158421013517464404e-01 -1.878097876338113981e-01 -1.332893255301409452e-01
8.391706650188079930e-02 -1.902017086793943434e-01 -1.519513036190466293e-01
2.091257311585767997e-01 -3.032958841601096633e-02 -3.276319409200967314e-01
1.960835294420758546e-01 -4.378612185687663638e-02 -3.311105484435281632e-01
3.557905556863416585e-01 -1.449420738266686826e-01 5.003843556018772176e-01
1.472129996926194728e-01 -1.810484058025843002e-01 -1.229222987443747694e-01
2.097294783809471319e-01 -2.159765694748094766e-01 4.723444682611219747e-01
2.163004117310260987e-01 -2.309217140316945915e-01 5.172080843471773548e-01
2.493978803701688562e-01 -1.873851806869992753e-01 7.386174707755568392e-01
3.834726843196993862e-01 -8.880587813107609918e-02 5.504019437010221338e-01
2.276392399847004810e-01 -2.100301776469462034e-01 6.244448004772671368e-01
3.931743854257256920e-01 -8.364154627885500570e-02 4.452295542066968537e-01
4.244579623540070124e-01 -5.850748243529615977e-03 4.736354200065475695e-01
3.456689831292131254e-02 -1.475291991220319954e-01 -3.694761148823169083e-01
8.352144043677511842e-02 -1.291207295386990195e-01 -3.673943871906402148e-01
1.252549187280843634e-01 -1.032260497804200483e-01 -3.612643134170807624e-01
1.064423149230574461e-01 -1.780077404109678962e-01 -1.428324086440526663e-01
2.027091971226820943e-01 -3.759754374983759195e-02 -3.292757881490695482e-01
1.633704763653869296e-01 -6.871177093358460386e-02 -3.584334399456396980e-01
1.890392157445378585e-01 -4.552399945521695690e-02 -3.328752655357578583e-01
9.529839465093947748e-02 -2.459421732262567772e-01 -1.228480420373028181e-01
1.120160871176270057e-01 -8.536423136822046676e-02 -3.710794700621626863e-01
7.392623090677052922e-02 -9.967330473017033121e-02 -3.840851134027387648e-01
3.245655506400685342e-02 -1.081301936753157333e-01 -3.934076854870347528e-01
6.325192507017030064e-02 -8.843234188572712817e-02 -5.110248252898701438e-01
4.030433864979465763e-02 -1.297936012320115573e-01 -4.526584529944015500e-01
3.785124697636232938e-02 -1.365610043393923334e-01 -4.187152915309519940e-01
3.618577688719232244e-02 -1.293686921926870959e-01 -3.859267873707010743e-01
3.295164633094693762e-02 -1.264145884037923828e-01 -3.607258170723408597e-01
1.082864177322012678e-01 -9.151978160491269776e-02 -3.522004304091428395e-01
1.151592711651538981e-01 -9.727349938252283224e-02 -3.643573780310096488e-01
1.212224338907580412e-01 -1.023329417813174658e-01 -3.806905102027346999e-01
1.279507115346224522e-01 -9.319105409694672382e-02 -3.988465837967787309e-01
1.949251368607360924e-01 -1.071404059969468525e-01 -2.636680466777574505e-01
4.769573568420333309e-01 3.305827319208982651e-01 2.597351757713250997e-02
1.448302387972195682e-01 -6.656396438515888025e-02 -3.470431125909549941e-01
1.532163474815498860e-01 -7.031472673790906125e-02 -3.526452968471303073e-01
6.980380766784349822e-02 -1.878859457863004678e-01 -1.762931844046001784e-01
1.336728859573984574e-01 -1.479700308133257147e-01 -1.542161312161701714e-01
7.670526620260686990e-02 -1.901210253723435439e-01 -1.646338523206095639e-01
1.787972359851925930e-01 -1.289214984553983534e-01 7.388178172477677386e-02
2.453542413552609602e-01 -1.128526819200366127e-01 3.207905413246286974e-02
1.552990108432293903e-01 -1.717360902104279052e-01 -8.767833568699412439e-02
3.474187385819718088e-01 -1.096961775628990665e-01 6.900135203616315493e-01
3.215415636770466712e-01 -1.556899577956500913e-01 6.028279988510831799e-01
2.967235396899399191e-01 -1.931894825352682421e-01 5.265809155818708120e-01
1.691907375097265742e-01 -5.978207494473464223e-02 -4.455540561947413103e-01
1.192885878927083532e-01 -2.458377502931250458e-01 4.944534973482088702e-01
1.279296417668935870e-01 -2.388204764455055251e-01 6.269720948124382076e-01
1.418830194141152967e-01 -2.311250331810972281e-01 7.634813418243187044e-01
3.002787818078429538e-01 -8.611249293938683103e-02 2.082539611545903835e-01
3.922130335924300937e-01 -2.031714105367704581e-02 1.709461561115712680e-01
1.301213926701906276e-01 -1.073174572347539435e-01 2.393038394143600645e-01
3.561568134573880329e-01 -8.256851658981634312e-02 3.496273717205395926e-01
1.085361750799516134e-01 -1.671123801260585573e-01 1.470363546804012156e-01
1.209245179891382804e-01 -2.502490635896874593e-01 -8.409011480803108007e-02
4.408343013473112748e-01 3.010403230472830094e-02 1.317384991362151592e-01
3.654036750022249258e-01 -5.136889931760624251e-02 1.234288629375950297e-01
3.139973079814906143e-01 -8.608905068636474311e-02 9.737501508293733288e-02
2.368305982547225241e-01 -1.041088412479196368e-01 1.077320718052630077e-01
1.799658372860570843e-01 -1.158048296833824597e-01 1.305215976850273574e-01
1.377195755231243046e-01 -1.300915162668709879e-01 1.563311631115247291e-01
5.499000419107452631e-02 -2.206867864605437379e-01 2.233798184419006905e-01
4.343900958195270334e-01 3.575170702401270217e-02 3.012251605385957154e-03
3.849685195218985889e-01 -6.415866688882754243e-02 3.538663306331151226e-01
3.560523284433192437e-02 -2.816841141373829238e-01 -1.600939887947094853e-01
1.342599877729782065e-01 -1.573636947597198965e-01 4.308011120209698230e-02
4.847071861334528720e-01 2.645149872395742285e-01 2.893568125950685133e-01
1.064858857043593510e-01 -1.396131609188340228e-01 1.865251906025193751e-01
1.602324579302948360e-01 -1.303006411146816479e-01 -8.462346097827744273e-02
3.354894847657989843e-01 -6.334826967811224563e-02 2.970497230371249575e-01
1.222619533888958943e-01 -2.398094602110867335e-01 -3.997898339174221771e-02
4.613523976537043936e-01 3.308518689364454701e-01 -1.208775935813868330e-01
1.301343008724930028e-01 -9.925156652003574997e-02 2.690026301743693171e-01
8.822967752721999624e-02 -2.841994312217615004e-01 -9.574778623173990644e-03
3.422888017801422045e-01 1.114778685959922910e-01 -4.523573925195343293e-01
3.426434618625311401e-01 1.937885468173909942e-01 -5.060964963164149566e-01
4.743335801786794370e-01 1.841738055773300964e-01 1.104681786390299125e-02
3.933407755450484267e-01 1.528732164759305512e-01 -3.660698340051249389e-01
4.505543173369752630e-01 7.289221292046843548e-02 3.784419450602394264e-01
1.733045265690078551e-01 7.147653484126062495e-03 -6.549221585783540078e-01
3.378664002030690172e-02 -2.257068968099422701e-01 -1.673524312425368477e-01
1.704670363615070627e-01 -1.372703122255261032e-01 -9.533348221198445493e-04
4.254761342184574247e-01 2.999963974254815646e-02 2.539432493573434702e-01
2.655759477800403445e-01 -1.024543369067547616e-01 2.348163065470900701e-01
2.301105522245694424e-01 -1.111420159258869056e-01 2.287932956047498134e-01
1.743397911888167062e-01 -5.972640041503551878e-02 -3.650436043062734726e-01
4.256142739290318389e-01 6.526980270831062025e-02 -1.149611878865381964e-01
1.001826529083658102e-01 3.025308569118007052e-02 -7.300681309755354675e-01
2.263245585335145194e-01 1.018483696292740159e-01 -6.447669794009565081e-01
2.807258678986435108e-01 1.429009817946025329e-01 -5.885134327842780344e-01
1.949442199650994745e-01 -1.128767426495214110e-01 2.366163168242290116e-01
1.619709154635592396e-01 -1.074915284327264686e-01 2.522036635269946370e-01
1.407385586461501470e-01 -9.921685203470942405e-02 2.609871849040275027e-01
4.112033733308066985e-01 -2.354219007993557655e-02 3.631224883571757545e-01
1.683719772703560214e-01 -1.213432465052468601e-01 3.313625208137003231e-01
2.045404608588068385e-01 -1.316774894257968231e-01 3.594118198130900055e-01
2.419186644574655709e-01 -1.313282497329018028e-01 3.656274267397883193e-01
2.780642245150888314e-01 -1.212072016343042069e-01 3.523623339781303265e-01
2.995532889662300136e-01 -1.064177934409002990e-01 3.301579693510643398e-01
4.745895097291197295e-01 1.791257866428672685e-01 4.196983152937505679e-01
2.896139731934010975e-01 -9.131288244809954158e-02 2.507952840420955010e-01
1.496464405696623645e-01 -1.365885288645124485e-01 -2.425650804001455718e-01
1.154531360354902336e-01 -2.045626417064401181e-01 -1.261690776056666463e-01
6.948829589134325468e-02 -1.761350705952804407e-01 -2.354206958064899435e-01
2.867291848005133481e-01 8.095215772186459269e-02 -5.323047787009675957e-01
2.324051995221485534e-01 4.638210582465940313e-02 -5.938259867184036978e-01
9.889362825495551235e-02 -2.771416970429685378e-02 -7.008277390200357004e-01
3.914758096488792916e-01 2.587238130529976310e-01 -4.082670066926867847e-01
1.421696134265938438e-01 -1.079219680999192743e-01 2.932191061499518359e-01
8.163382556094989084e-02 -2.222673529381342661e-01 1.199237233182046669e-01
1.679570194655846116e-01 5.845892044155365230e-02 -6.946213695173604208e-01
4.595168792175017280e-01 1.950828244503406417e-01 -1.218646620650190027e-01
7.195069327852449126e-02 -1.109246058466839546e-01 -3.551316391194472288e-01
7.807278731668132465e-02 -1.160522034796809265e-01 -3.746197187912212456e-01
8.180758057669768046e-02 -1.215404643895889869e-01 -4.000149651784097315e-01
8.617909678414392705e-02 -1.135281956510234558e-01 -4.298885980172473253e-01
1.177476746828944876e-01 -7.824393233158999372e-02 -4.838043168016121776e-01
1.569636154399968175e-01 -6.691867914671434381e-02 -3.452054993663336013e-01
1.673035864655357807e-01 -6.641576333378712560e-02 -3.396003015886472909e-01
1.756696451564385697e-01 -6.678695698868430952e-02 -3.349539581949265710e-01
2.385937623990086465e-01 -6.738585831457655217e-02 -2.881486047994341604e-01
3.689523230318858538e-01 -1.262504466857827801e-02 -1.576980240610548201e-01
8.143531456727348683e-02 -1.913354696577451719e-01 1.890541018595295331e-01
1.021896788578487980e-01 -1.356209352537456336e-01 3.254129437133699287e-01
1.253316914835712614e-01 -1.180093990101405144e-01 3.217948229140346061e-01
1.474896202377713461e-01 -6.225902839061125960e-02 -3.489951257510517380e-01
3.744022205309711637e-01 6.759645772778000161e-02 -2.887884441472015062e-01
6.607250886494930864e-02 -1.885520662144510862e-01 3.171440214234702015e-01
1.415074960302935558e-01 -4.935976801421904092e-02 -5.423424407188841556e-01
5.303434670199036471e-02 -2.547549439324836573e-01 1.487333145922298261e-01
1.100785556236831830e-01 -2.100750870184804331e-01 2.074116518490229377e-02
7.734000084455999735e-02 -7.005170029285379130e-02 -5.767342728825024523e-01
2.597031713648814133e-01 -1.364065314661222494e-02 -4.200979513634379714e-01
1.929042052791296591e-01 -1.148796088460213305e-01 -1.313027724928088613e-01
1.962080794530769445e-01 -3.078689570485193538e-02 -4.948183989621659506e-01
2.816505550641519307e-01 -1.003299694931594210e-01 -1.187025381413100433e-01
2.277384065512548794e-01 -9.817054160391935902e-02 -1.869152288654540861e-01
3.144541930207442881e-01 -5.059648120204873756e-02 -2.027947971878345523e-01
9.178013795590012069e-02 -5.672046145572318121e-02 -6.435180773925885944e-01
1.345237081317632866e-01 -1.759917269960700192e-01 -9.801087619936782458e-03
2.785588170902668637e-01 2.699079224737732652e-02 -4.703693965005215638e-01
2.198817557959462654e-01 6.485281824807884177e-03 -5.350557648126685883e-01
2.962156538772737768e-01 -1.224043620515674613e-02 -3.376234047759547607e-01
4.134786013419549100e-01 9.248661673740699030e-02 -2.143613678796489896e-01
3.301894826731222032e-01 2.423426779495596595e-02 -3.540132412036185450e-01
4.367296925236923144e-01 1.941070961923609950e-01 -2.467754005123012906e-01
2.659953675129567152e-01 -6.287892073292389306e-02 -2.467592141437764397e-01
1.071951186002590983e-01 -1.875898564944491476e-01 8.252330851441613824e-02
1.074499907554566924e-01 -2.558034991801747537e-01 -1.134548969126598639e-01
1.325357053212220526e-01 -2.096040502287546126e-01 -1.216217574061706497e-01
9.074469211197822016e-02 -2.904121270439556923e-01 -7.688149232319041460e-02
1.359105617959768253e-01 -1.566147596650848683e-01 3.926878615962259289e-01
2.043842057731311002e-01 -1.709494081007139066e-01 4.372845356779562209e-01
2.639487561575029062e-01 -1.695970394870098819e-01 4.435510567637406254e-01
3.113558149601081126e-01 -1.515418162093977728e-01 4.292664704810400522e-01
3.421658783281968930e-01 -1.230559474864674208e-01 3.994178122095313199e-01
3.593711752900694556e-01 -4.492431472360292055e-02 2.765258201337739141e-01
4.792921653413260152e-01 1.594695273118342804e-01 1.383679283891543488e-01
3.287102645037620618e-01 -6.534606835778866696e-02 1.746842851183154632e-01
2.874030594951868522e-01 -8.748650822928571991e-02 1.515942828383878282e-01
2.334323693549333889e-01 -1.033765451652168821e-01 1.493927644068275828e-01
1.821200107565310589e-01 -1.123979421131153789e-01 1.633663663657090037e-01
1.429747301250673397e-01 -1.156171320523766699e-01 1.843844649215073961e-01
1.160028419057179683e-01 -1.200253330157718956e-01 2.062465937242674574e-01
4.823813156165890348e-01 3.117978460732633295e-01 1.611246301786082302e-01
1.320097985679404839e-01 -1.873712864492416141e-01 -1.340722087954139274e-01
8.220790139889377901e-02 -2.473330468222760814e-01 5.747313527652586629e-02
7.911482579317791197e-02 -2.876209553183735057e-01 -1.220778928166942334e-01
5.752990247803002610e-02 -2.674018081080637987e-01 -1.488401863263025815e-01
7.907365221898698948e-02 -2.664019040122924675e-01 -1.292158683335768998e-01
1.209674499598177855e-01 -1.717137554515801856e-01 -1.494573855113433547e-01
4.904318840757149189e-02 -2.771968979901930918e-01 -1.558400713857110986e-01
4.736932265718807322e-02 -2.271514947174950727e-01 -1.633111386461271186e-01
1.158890621874328897e-01 -1.054069036380269608e-01 2.658406173446270504e-01
9.492439594868240516e-02 -1.287626896604572302e-01 2.467597097577176601e-01
8.220179643768121824e-02 -1.566553596522337610e-01 2.354253566722286362e-01
3.114135926322374459e-01 -9.112265105868200266e-02 3.136196948736873491e-01
3.365296424709560696e-01 -9.366524769859174704e-02 3.486451368091278979e-01
-2.160171096093974619e-01 -1.026237994575374124e-01 3.236243601643618018e-01
-1.733093945772949951e-01 -1.066035957408106860e-01 3.228087320555348416e-01
-2.154879730692682571e-01 -1.081442006585686677e-01 3.966780442926109984e-01
-2.593015639184041987e-01 -9.860920888552326957e-02 3.262916643562265850e-01
-2.169306591973816367e-01 -9.710507412821156592e-02 2.528625749086634844e-01
2.339617852070134951e-01 -1.068639743316117663e-01 3.035495045425424809e-01
2.757705546759932069e-01 -1.106522424199811727e-01 3.008259500980139389e-01
2.333586709016026717e-01 -1.124784438075359105e-01 3.774866323169838722e-01
1.918208340249973887e-01 -1.030923652060282691e-01 3.072509884744001329e-01
2.347225910595618359e-01 -1.012603581200655078e-01 2.295044259644829499e-01
