-1.890648678321449339e-02 -2.958364881391948309e-01 -5.396964313093053356e-01
2.432686546903894964e-02 -5.141199574108910042e-01 -2.232236792882544840e-01
2.656420025850747546e-02 -3.242478340899939138e-01 -2.925591429762250950e-01
-3.623299648175126730e-02 -4.662581920389459178e-01 1.424152599565222665e-01
2.410742522373038321e-02 -5.510342077953120921e-01 -1.207502895975082757e-01
2.297981882442237667e-02 -5.410169266852582481e-01 2.486289338443828378e-02
2.540276831586263384e-02 -3.976999424719402931e-01 3.956330439405062460e-01
-4.769591831499937484e-01 -1.257919473402939747e-01 4.966111224904545818e-01
2.590756860129272976e-02 -3.806389882714302786e-01 6.774184188823930697e-01
2.484122570453037304e-02 -4.107630706501961271e-01 8.133551465927890689e-01
2.332784549087546511e-02 -3.981359044650827350e-01 1.291466695560481881e+00
-1.775792208064067013e-02 -2.825119600304862866e-01 -5.697530514194766305e-01
-1.564181781546074984e-02 -2.567164929944484308e-01 -5.969682010871923961e-01
-1.220110510624471817e-02 -2.201857176194311760e-01 -6.138823604445697857e-01
-1.637821559868373605e-02 -2.139170040427554875e-01 -6.787982931697951194e-01
-1.728744247096616893e-02 -2.175761156479530944e-01 -7.224928008454392092e-01
-1.932489126608648300e-02 -2.277006603649505134e-01 -7.717184557644136689e-01
-1.906557030142125297e-02 -2.152630143213479785e-01 -8.185771724604000710e-01
1.391126718930829620e-02 -1.459739043072686426e-01 -8.902115061264610496e-01
2.316814713831805150e-02 -4.715381752727034748e-01 -2.680087152839129017e-01
-4.474091411700564791e-02 -3.740339951009608033e-01 -2.474254377757770795e-01
-7.399954614766519612e-01 1.529913293978841793e-01 9.482512594999015221e-01
-2.833596637042612443e-01 -1.893601316324962092e-01 3.732265656061064529e-01
-3.559249188411337528e-01 -1.816186466273221889e-01 3.655623556358595927e-01
-4.234946375597887780e-01 -1.615835855187572889e-01 3.795647844340572785e-01
-5.060739809205889728e-01 -1.110183800864863457e-01 4.659929672483340557e-01
-2.194154339226277450e-01 -1.845040511676847572e-01 4.014384290455781379e-01
-3.857551226593711746e-01 -2.464154102638702604e-01 7.171950681585133047e-01
-3.028815681457377451e-01 -2.456748269787540906e-01 7.013152345165174495e-01
-4.590641207082555297e-01 -2.200456298217781104e-01 7.001410083582633170e-01
-5.055218111761465849e-01 -1.862278105650441162e-01 6.585412788165245779e-01
-5.669828735508524176e-01 -6.598806861163358795e-02 4.070268213631089704e-01
-2.473810316138815857e-01 -2.900391676986151246e-02 -9.958096210216309530e-01
-5.001657446995171341e-01 -1.075055143053794127e-01 5.411440905704674176e-01
-7.634353697872287015e-01 2.368149670894323933e-01 5.147849761474827535e-01
-6.444524682959640316e-01 -4.330056245134064619e-03 5.027109804562681639e-01
-3.315485636371393596e-01 -1.984719634519405140e-01 -4.961315995975779103e-02
-9.843470711111901306e-02 -2.871971813805209717e-01 -5.156497941834270460e-01
-8.545978650911123520e-02 -2.453386100888201860e-01 -5.871536389337881356e-01
-1.690737844583579674e-01 -2.405009332090133345e-01 -5.330072550876925330e-01
-2.169168697001457868e-01 -1.847351689003272623e-01 -5.514321736664999918e-01
-1.436005855417900046e-01 -2.147870510183226278e-01 -5.824647467101722320e-01
-1.893061141454016605e-01 -1.639592486244019209e-01 -5.819594955134850256e-01
-3.185675116172590471e-01 -5.981246273140100600e-02 -6.762438892463711326e-01
-3.594542424615224108e-02 -5.065091317161085627e-01 -2.158384840694949069e-01
-4.656500137503738479e-02 -5.407289350085249247e-01 -1.160234693053583954e-01
-5.998172506214993760e-01 -1.761541550593253014e-01 7.467504745536697186e-01
-1.862039803264046167e-01 -2.437948157165958918e-01 1.999989981542100725e-01
-1.996808200726112315e-01 -3.368887947512051451e-01 -1.489291070279933349e-01
-2.052581768392447437e-01 -3.233180349069755266e-01 -8.844683702453304264e-02
-5.397444950455234647e-01 -1.093692802600498282e-01 -8.385453926496727606e-03
-4.203449921815585744e-02 -5.178663736798645445e-01 2.026708860265888368e-02
-4.382115809737028300e-01 -3.075824610411257432e-01 8.399945928756196167e-01
-5.337801172434000208e-01 -2.488791542801971346e-01 8.124504774645493477e-01
-6.693417473524334582e-01 -4.357423897024363668e-03 1.101430976485637370e+00
-1.269884481568410717e-01 -3.607846578212980937e-01 7.188441208154596751e-01
-2.294776815122916425e-01 -2.216718066369067763e-01 6.478328526456187397e-01
-3.751579355029088791e-01 -5.138233027560498711e-02 -5.655982555742213869e-01
-6.756479635254386551e-01 5.407029964619540774e-01 -4.075130784253029326e-01
-1.463856719722306243e-01 -3.032193535461846778e-01 -2.075606356885237869e-01
-9.083494917252799006e-02 -3.041067725982686820e-01 -2.405731885068028708e-01
-2.753216179797375318e-01 -6.301001383999532690e-02 -5.851670357904676933e-01
-2.598491748590497918e-01 -8.184037346593034390e-02 -5.926790910971035942e-01
-5.689622633936872731e-01 -2.241052182350351529e-01 8.847044442632832073e-01
-2.039567431505306949e-01 -2.923436541774608877e-01 -1.867119545110422774e-01
-3.065874446428313860e-01 -3.465762147822051276e-01 8.189629189256972808e-01
-3.174412619179385331e-01 -3.707584358578830397e-01 8.996328571710026090e-01
-3.844586778552292472e-01 -2.981865953933753310e-01 1.278831646937744537e+00
-6.180497612156958809e-01 -1.303944594319197403e-01 9.795109450442041066e-01
-3.425475241940647564e-01 -3.381671837620507937e-01 1.079997723280481381e+00
-6.383108187953778767e-01 -1.229290426693516736e-01 8.046183458562463642e-01
-6.882687106790692511e-01 8.074430208880892246e-03 8.577173132914146514e-01
-9.399315257109958077e-02 -2.734671278575749875e-01 -5.568635465966722542e-01
-1.567925419360944872e-01 -2.302664155578086902e-01 -5.598157770044833725e-01
-2.040567324760416135e-01 -1.797747290203510762e-01 -5.673055565416362800e-01
-1.301868853748640031e-01 -2.854256406585118366e-01 -2.245887059270177399e-01
-2.672941532808378318e-01 -7.265087961430918839e-02 -5.889970344898114440e-01
-2.386684804794169112e-01 -1.153215409405857761e-01 -6.324309048650111897e-01
-2.508842392255612452e-01 -8.459270457984471858e-02 -5.957020696255663772e-01
-1.140922896304065182e-01 -4.062093157317874237e-01 -1.919559365174220433e-01
-1.779510105294059841e-01 -1.502303378983899096e-01 -5.931423395632997586e-01
-1.315729104491842882e-01 -1.841083286463295332e-01 -5.970246264664433866e-01
-7.647610316668962405e-02 -2.119070786739113421e-01 -6.050643893189748823e-01
-8.135193405196008976e-02 -1.399035433445996457e-01 -8.812273830215917592e-01
-1.012383778786376531e-01 -2.107080040579523139e-01 -8.040016411065349367e-01
-9.802663024769087130e-02 -2.229219251574481309e-01 -7.562778946515482659e-01
-8.981409604572709870e-02 -2.114555913245389496e-01 -7.067687380451075363e-01
-8.056955488112610420e-02 -2.076546764474684892e-01 -6.659194694474392939e-01
-1.785008506646933446e-01 -1.515889887980261808e-01 -6.331627542199562697e-01
-1.929940082527372702e-01 -1.588254081956770314e-01 -6.515703842648385979e-01
-2.076564081720962962e-01 -1.662759509155282700e-01 -6.751059376879511298e-01
-2.179204286542492097e-01 -1.509737659612337968e-01 -7.008570885126217398e-01
-2.847067887077637804e-01 -1.751425808341462442e-01 -4.209521320795335253e-01
-7.557234854971826010e-01 5.741155150828447518e-01 1.173370906754415688e-01
2.709115378910802174e-02 -3.759406273843242108e-01 -2.770954944654515639e-01
-2.113256508659735466e-01 -1.141501216925117079e-01 -6.157694674044567051e-01
-2.250356213335500399e-01 -1.182847357181299741e-01 -6.238406313899176325e-01
-6.783763893507055442e-02 -3.044755951791411341e-01 -2.808281588067976786e-01
-1.789586922631142274e-01 -2.341615109876195033e-01 -2.403383238565581781e-01
-7.896271062661019968e-02 -3.055483230975020170e-01 -2.612068774184282960e-01
-2.598466848643181670e-01 -2.113943053075710843e-01 1.489483188844197281e-01
-3.756457799993464519e-01 -1.802200959856041784e-01 9.055036511853542525e-02
-2.168763743788770793e-01 -2.779785197678492636e-01 -1.266233523557445673e-01
-5.571362788116260845e-01 -1.626712288739406986e-01 1.215224166864729227e+00
-5.080571623156986405e-01 -2.426542901849479961e-01 1.058804749369135489e+00
-4.605152874525941797e-01 -3.056875829029426228e-01 9.217640812806204842e-01
-2.534334424105095795e-01 -9.209070235153238304e-02 -7.618715012969574651e-01
-1.469555939167641601e-01 -4.036094758030008833e-01 8.548856816203311837e-01
-1.709094072271151177e-01 -3.911287500096944925e-01 1.066668295750174078e+00
-1.978401212208813487e-01 -3.756181748380473806e-01 1.299391305888683235e+00
-4.777925929473818556e-01 -1.334980445242364144e-01 4.122222214895212566e-01
-6.461466934966564324e-01 -1.597721697830600807e-02 3.465874896613381217e-01
-1.768788071730411637e-01 -1.793094582550396332e-01 4.292151540378372765e-01
-5.702307039257643595e-01 -1.226568232693728278e-01 6.175755754226730510e-01
-1.368968219166855071e-01 -2.777941971125246212e-01 2.598759356972915047e-01
-1.582909715900029379e-01 -4.109850427544250451e-01 -1.241803140369940883e-01
-7.092489658586682566e-01 6.885453759514181815e-02 2.890068482252892146e-01
-6.018505204177131418e-01 -7.056753205653615302e-02 2.608865014460701737e-01
-5.139598775045106649e-01 -1.312336323042896935e-01 2.078269498522258285e-01
-3.777174974659960327e-01 -1.663705865618601010e-01 2.113565558419643331e-01
-2.764655389170599387e-01 -1.887771638406285923e-01 2.444595576101911139e-01
-2.006960414534226800e-01 -2.138427168186463057e-01 2.846937613999274141e-01
-4.185109580572377030e-02 -3.674409606543442841e-01 3.787886478960651448e-01
-6.958751632084911876e-01 7.619576621769663660e-02 7.110998270417157041e-02
-6.270756511835777758e-01 -9.094785723672232924e-02 6.395218078748263757e-01
-1.427871032477771168e-02 -4.673360537453159491e-01 -2.619689615433656860e-01
-1.809148979399635149e-01 -2.597942683170804123e-01 8.966909894168961781e-02
-7.827440825613232178e-01 4.614283863662143048e-01 5.626742805853939267e-01
-1.416689061949176764e-01 -2.315715163672109611e-01 3.317027253286410904e-01
-2.212170698081579179e-01 -2.087738105379881581e-01 -1.208086078315542822e-01
-5.284632301402769627e-01 -9.377071596756364480e-02 5.413090772748332391e-01
-1.620864983428575989e-01 -3.935104102451947305e-01 -5.087043279189989997e-02
-7.244941988895394758e-01 5.755655510133470543e-01 -1.359264099474403742e-01
-1.728720177881724052e-01 -1.676069651957536877e-01 4.701531053973913021e-01
-1.048953973290075448e-01 -4.703952744592232449e-01 -4.926065287249647984e-03
-5.411917372006653792e-01 2.060878616028190002e-01 -7.183008645447861440e-01
-5.343489166030828130e-01 3.446558933327041885e-01 -8.118590798873013270e-01
-7.509548435493051954e-01 3.271501930490006149e-01 8.922412004388269313e-02
-6.225968301701101382e-01 2.756661015970058859e-01 -5.630771755970300774e-01
-7.287245734513154716e-01 1.401335437086168589e-01 7.040034530641570143e-01
-2.605728537641989195e-01 2.400015929782930990e-02 -1.083634324340127630e+00
-2.254279034209934890e-03 -3.706531683055338533e-01 -2.712892017542745116e-01
-2.448696376384289497e-01 -2.228761566318473442e-01 2.238685640547001532e-02
-7.051313400882222027e-01 6.744801579281917148e-02 4.988128589812492741e-01
-4.120148150485718475e-01 -1.625334358820587077e-01 4.381451702353424960e-01
-3.523703053242668304e-01 -1.795242463654846965e-01 4.232935857422757131e-01
-2.499567365681117925e-01 -1.016850280617068170e-01 -6.421068982893842758e-01
-6.788464372023170768e-01 1.258823218976189984e-01 -1.307807561658456685e-01
-1.280227270767180237e-01 5.675582362238471013e-02 -1.214351045546147034e+00
-3.395544660958471628e-01 1.847432883388420155e-01 -1.063515477686479915e+00
-4.302481903827608534e-01 2.561129407852857920e-01 -9.621794270037327124e-01
2.393712757015911685e-02 -4.091705521763140396e-01 1.048073991246807335e+00
2.107227099812797322e-02 3.511176221708328660e-02 -1.236197969753614956e+00
-2.912633872357206499e-01 -1.842834426919055524e-01 4.308671743831946621e-01
-2.313358248304087095e-01 -1.784561594378240024e-01 4.502291281651544796e-01
-1.915785888240271184e-01 -1.669697848582023525e-01 4.612092542255472605e-01
-6.760237263114108330e-01 -2.331652396699951391e-02 6.743041460924903419e-01
-2.448656964196169739e-01 -2.010234453182757619e-01 5.688040708140760238e-01
-3.109679513709977527e-01 -2.145901847644720029e-01 6.122381238641341206e-01
-3.741571633614864112e-01 -2.111881313378205505e-01 6.228356000644317270e-01
-4.336727603084478133e-01 -1.915971474746354097e-01 6.074507216957201194e-01
-4.689598060716715366e-01 -1.659288042033835175e-01 5.797148858279808081e-01
-7.739549983144646816e-01 3.201885039616796380e-01 7.801017697365448811e-01
-4.510300875117723152e-01 -1.425709131551724518e-01 4.656394309181675073e-01
2.391360326611066678e-02 -3.008195906552502130e-01 -3.706526982299360728e-01
-2.104979759881214774e-01 -2.224206059781750344e-01 -3.814543472734388541e-01
-1.458767143688124435e-01 -3.315003175890498532e-01 -1.951168319365600423e-01
-7.644124653480871556e-02 -2.922725767665430574e-01 -3.701337987019455156e-01
2.576320067528506397e-02 -3.630100329327690112e-01 5.401960556177614059e-01
-4.490402363413164011e-01 1.540226311650938484e-01 -8.619208681690198048e-01
-3.593912823487848129e-01 9.434012678636055638e-02 -9.742984888534902410e-01
-1.364331636682029059e-01 -3.923041706771229764e-02 -1.163955808896837141e+00
-6.103718678592011671e-01 4.525573513754510557e-01 -6.364430469300366155e-01
-1.958898498343324412e-01 -1.819455848629485395e-01 5.078337070763987438e-01
-8.961429421806277329e-02 -3.689058967201019890e-01 2.102631219664841122e-01
1.549521980067450344e-02 -5.857515894588605221e-02 -1.184057043064064452e+00
-2.425423063559191128e-01 1.082969250961768326e-01 -1.152691092973165965e+00
-7.257200010881401653e-01 3.457067150665411592e-01 -1.380819665326254997e-01
-1.342145746956731611e-01 -1.832671026951374627e-01 -6.486912298674396560e-01
-1.490329507064196424e-01 -1.899276998618830703e-01 -6.795365209213586333e-01
-1.610795021730735410e-01 -1.984661451655449493e-01 -7.190897579200838940e-01
-1.682256543902244106e-01 -1.849115701859096461e-01 -7.623538259226445568e-01
-1.779089111537346390e-01 -1.244992746467096234e-01 -8.333467233531308693e-01
-2.264568996229102682e-01 -1.196299472088815374e-01 -5.841466856847790101e-01
-2.402798697739150224e-01 -1.209451097042583689e-01 -5.761031820155415595e-01
-2.518821423362517242e-01 -1.223948236693700453e-01 -5.672863553067701847e-01
-3.446951793596988445e-01 -1.140131965412871651e-01 -4.826588260880197989e-01
-5.920035265677210390e-01 -6.305277513045159932e-03 -2.122373602817986260e-01
-8.812746526384107604e-02 -3.182046610351645377e-01 3.267271650141352346e-01
-1.235906020228454416e-01 -2.240026467682323386e-01 5.515443880061725590e-01
-1.673639067393999369e-01 -1.981703022314795781e-01 5.461745804784248204e-01
-2.123631911083698753e-01 -1.129465537075035608e-01 -5.915875907853280768e-01
-5.966414597398088659e-01 1.277488779744456182e-01 -4.403129324147108115e-01
-6.577800239861575360e-02 -3.140352839020903453e-01 5.381080567855760499e-01
-2.154588238062835615e-01 -7.237498282228160829e-02 -9.114372571889952646e-01
2.377878245254189116e-02 -4.916702064208822165e-01 1.512941810381136509e-01
-4.046770305829738845e-02 -4.230199285631361938e-01 2.538002232813680870e-01
2.479917980109691555e-02 -4.424150155587893707e-01 2.689056345072979859e-01
-1.399754958453720555e-01 -3.456533709140541255e-01 4.942201546143129565e-02
1.351580142431482723e-02 -1.096769470307110694e-01 -1.095782185901546413e+00
1.381864672863242216e-02 -1.262314873252037839e-01 -9.866877828374169823e-01
-1.039568794435627441e-01 -1.090126469624749794e-01 -9.738877082611288039e-01
-3.789036083416559286e-01 -1.347296442250143361e-02 -7.031038095292463375e-01
-2.839896600480287248e-01 -1.810703682128460557e-01 -1.926753452083622697e-01
-3.042818146221406561e-01 -3.831519497268062735e-02 -8.225026707943223769e-01
-4.441363137730931498e-01 -1.535398406269736782e-01 -1.568045001725089094e-01
-3.513697820056078669e-01 -1.552552519574823542e-01 -2.845361855921353378e-01
-5.033989410130175202e-01 -7.636580403352977164e-02 -3.068780970580031742e-01
-1.274992362174348082e-01 -8.815753927497782527e-02 -1.077721337951591973e+00
-1.818961117576083364e-01 -2.876256589018821863e-01 9.775220430614517397e-04
-4.315360708071775964e-01 6.172232754925791043e-02 -7.647649683641666307e-01
-3.409705498020483283e-01 2.688024305533623370e-02 -8.860186334207655889e-01
-4.368625733945648015e-01 -1.983273072760520506e-02 -5.694011122975555228e-01
-6.582911684698018462e-01 1.731783186712854139e-01 -3.016542692817654192e-01
-5.161321175201070144e-01 4.983074633441239576e-02 -5.709142511193578962e-01
-6.887904814868521797e-01 3.425005990730605188e-01 -3.534642014147806321e-01
-4.101376300255958895e-01 -1.032087667738910697e-01 -4.018723078297494755e-01
-1.339583356444755680e-01 -3.113819622720228608e-01 1.518989668851766783e-01
-1.361007622351273483e-01 -4.213296662429828476e-01 -1.752260880246677699e-01
-1.773575072773514449e-01 -3.398161528483478744e-01 -1.858814858987204444e-01
-1.065811081666968585e-01 -4.789244045606437794e-01 -1.163818559700064426e-01
-1.818076588341446254e-01 -2.573238724546573764e-01 6.606769254407018899e-01
-3.009564573670475696e-01 -2.748264759767220511e-01 7.409319581241593511e-01
-4.036292317859064838e-01 -2.694317955335043813e-01 7.579655093469774840e-01
-4.870455769409867131e-01 -2.376956715125642106e-01 7.389411490850008590e-01
-5.432306610660608825e-01 -1.893933243445160564e-01 6.940536877936884785e-01
-5.781028311882669968e-01 -6.068930778912257074e-02 5.210159896695676363e-01
-7.677808212864682957e-01 2.840199259477662608e-01 3.055978531523095842e-01
-5.307579840065308474e-01 -9.704775717494640297e-02 3.522831183742307637e-01
-4.617690939232597103e-01 -1.356235754258039439e-01 3.077786741673702586e-01
-3.682889712539134663e-01 -1.655020550170842597e-01 2.959591035480497734e-01
-2.776808311988286926e-01 -1.836121383838809074e-01 3.137448187155300605e-01
-2.057683069163593892e-01 -1.895433234739845041e-01 3.458224483877978539e-01
-1.558840343393372851e-01 -1.986812970485867247e-01 3.761925405244064269e-01
-7.722766045074811458e-01 5.394344524989813650e-01 3.468346722622714928e-01
-1.769559520766862404e-01 -3.018850632600684758e-01 -2.071911866038619321e-01
-9.039274313708134390e-02 -4.110004417781376596e-01 1.060132095461401858e-01
-8.791341717127421074e-02 -4.744218285551127234e-01 -1.935649921913037419e-01
-5.215309255830857804e-02 -4.393091037093534990e-01 -2.395678371819742747e-01
-8.811544205202226365e-02 -4.385828876136588228e-01 -2.044222285081641610e-01
-1.581589710279321936e-01 -2.742254344969714541e-01 -2.342842169507122208e-01
-3.763127643557109825e-02 -4.569339545108752620e-01 -2.527429286117088836e-01
-2.721459975924946095e-02 -3.713856201249521316e-01 -2.633967405767501102e-01
-1.496838818523353876e-01 -1.761329356702785454e-01 4.646588442368746463e-01
-1.164865876390489552e-01 -2.139549999807495162e-01 4.324309574797344791e-01
-9.733929927453355280e-02 -2.596472292591247566e-01 4.076581115045929682e-01
-4.872493229869121478e-01 -1.399812496922452354e-01 5.581304906065647220e-01
-5.319992850065355938e-01 -1.409770643120711320e-01 6.092114671043158403e-01
8.393354281867204669e-02 -4.658332721103231044e-01 1.371898209342082842e-01
5.098737814845604177e-01 -1.366140685687529110e-01 4.578054160413411733e-01
9.562683041648389892e-02 -3.781816059834042232e-01 -2.536835752118674625e-01
7.501516996516546243e-01 1.314174634726636981e-01 8.693658931380912058e-01
3.111370412987621847e-01 -1.922567445335308101e-01 3.564115640045202316e-01
3.799246465191634670e-01 -1.871104772827743012e-01 3.442437054961071663e-01
4.453695660393215405e-01 -1.696718312609242219e-01 3.485227690030840986e-01
5.320719231659056803e-01 -1.215966446370599918e-01 4.208349611640247456e-01
2.542386298279508683e-01 -1.869210327059556143e-01 3.864654134280292030e-01
4.167053643232803140e-01 -2.552938620630307298e-01 6.847104866623485719e-01
3.354852591937698136e-01 -2.527744088356485008e-01 6.725164957393077181e-01
4.899721896679150035e-01 -2.326519757286105161e-01 6.644072878666711368e-01
5.352003529033915186e-01 -2.013314590517585323e-01 6.180651564951538113e-01
5.830846648035263868e-01 -7.955653753781483095e-02 3.541187121005602290e-01
2.724144791955189771e-01 -4.067344119359606047e-02 -1.008600854972850680e+00
5.345919085409756022e-01 -1.190066652114432078e-01 4.981069307176018146e-01
7.877435435687374365e-01 2.168494842910333453e-01 4.387544713928410722e-01
6.558339765218796913e-01 -2.119700928539572371e-02 4.384245142233536008e-01
3.659828427308351451e-01 -2.076956460634917789e-01 -8.167865754165598569e-02
6.376294237929500119e-02 -2.875496627034941355e-01 -5.226020939546702770e-01
5.835752579804528994e-02 -2.440886098251525693e-01 -5.935539334771691156e-01
1.450973701835831520e-01 -2.385908046534274130e-01 -5.469241361058170270e-01
2.024167861291280568e-01 -1.813248292757366764e-01 -5.694867613944425422e-01
1.239770320072972609e-01 -2.114891216358042447e-01 -5.939776714368911747e-01
1.786284923539146474e-01 -1.611189556651045907e-01 -5.970663279681740487e-01
3.362242942507618348e-01 -6.706383317458089466e-02 -6.967968742155989936e-01
8.242842960249352480e-02 -5.100470058493900005e-01 -2.213566585260180464e-01
9.139928385873730132e-02 -5.446439122876514105e-01 -1.225424299727361777e-01
6.183348593393773740e-01 -1.925062885398283186e-01 6.985496950604925814e-01
2.277184178863940200e-01 -2.459549362178634624e-01 1.810005570880668380e-01
2.428948209397852054e-01 -3.444395935782640361e-01 -1.667853075984628841e-01
2.470016540899402369e-01 -3.308146321981193516e-01 -1.069429750825335868e-01
5.650838380088591961e-01 -1.218058451967842792e-01 -5.970116499682698308e-02
8.787087861548925627e-02 -5.186090522965010052e-01 1.479781690980687403e-02
4.723710057867052114e-01 -3.232705074666184508e-01 8.030111268024917592e-01
5.607423776172772989e-01 -2.657421828001158559e-01 7.712354477390901408e-01
6.839832588316170359e-01 -2.546993350521653543e-02 1.027444753985702786e+00
1.763995084025822280e-01 -3.647094465734164181e-01 6.988182059952769976e-01
2.666490622376360697e-01 -2.251865755956576898e-01 6.223430521596440279e-01
3.917361040214988321e-01 -5.899015714077926464e-02 -5.910418322231063559e-01
7.209292084927625410e-01 5.192464321894352253e-01 -4.634306253003894760e-01
1.933017115371307160e-01 -3.109984285938558468e-01 -2.210667645259883907e-01
1.409899664187060919e-01 -3.134954133623737427e-01 -2.505969597174398933e-01
2.855423714282283587e-01 -5.873086255949136469e-02 -6.077754328534616945e-01
2.669060047189587559e-01 -7.984402318316055625e-02 -6.130260933256057587e-01
5.931234978949317949e-01 -2.416268460369348503e-01 8.341697781110020138e-01
2.454126112056433939e-01 -3.010866594398848850e-01 -2.046346351050127854e-01
3.496312081387893400e-01 -3.600454714238621179e-01 7.874256591502102332e-01
3.605853352530266065e-01 -3.849598944585750360e-01 8.622158829813795222e-01
4.157607356591643821e-01 -3.123819675548893393e-01 1.231318175457470687e+00
6.392712123347417119e-01 -1.480445510115515617e-01 9.175519992956089332e-01
3.794878197860285240e-01 -3.501324912605960904e-01 1.040985710221868032e+00
6.554445109329494201e-01 -1.394353068254093331e-01 7.422234973265613434e-01
7.075960486222330204e-01 -9.753536337529351841e-03 7.895777236112930808e-01
6.162891193496486397e-02 -2.729464888987116478e-01 -5.635648975144127437e-01
1.344467403805483796e-01 -2.276770075312843922e-01 -5.728447896183108679e-01
1.904574749003921097e-01 -1.769935831804142490e-01 -5.839369181296285571e-01
1.781710380692368423e-01 -2.941537928815884939e-01 -2.367648851218664419e-01
2.760135273038756276e-01 -7.025476709302763689e-02 -6.106131534581633602e-01
2.338948420964985786e-01 -1.141544346712120572e-01 -6.560794467660828744e-01
2.574483551552323446e-01 -8.199203497256146722e-02 -6.144348549400591164e-01
1.588679527203840092e-01 -4.086958358113246259e-01 -2.038090290341285638e-01
1.692765076793083523e-01 -1.471295259753359064e-01 -6.062154004801210139e-01
1.169161423638990227e-01 -1.800220092097284397e-01 -6.062919784136677759e-01
5.589372200588518802e-02 -2.087174444967093700e-01 -6.104016209544333993e-01
1.045066639830182775e-01 -1.431573976793180103e-01 -8.883334323215406059e-01
6.539113500262661027e-02 -2.102547383934324499e-01 -8.118687444501464512e-01
6.115735009350176110e-02 -2.209965177034021178e-01 -7.640278247822327451e-01
5.756858616966409325e-02 -2.087733690999123981e-01 -7.148804416775380588e-01
5.122900741830704874e-02 -2.041941943802546566e-01 -6.736507380775296205e-01
1.636782881880590734e-01 -1.482899328996231114e-01 -6.525770029370860925e-01
1.764565693582654804e-01 -1.576574311309204557e-01 -6.721546122798920386e-01
1.887461159662374710e-01 -1.659195458453855965e-01 -6.967656042026577623e-01
2.013029305792046753e-01 -1.508350217115931313e-01 -7.227447567716582810e-01
3.106658806859710076e-01 -1.825165994753286114e-01 -4.436097546385633361e-01
7.951155850417306326e-01 5.511005932193517864e-01 4.329936068220296974e-02
2.068316295363016311e-01 -1.097893069886707318e-01 -6.369854165790886924e-01
2.195824540949181669e-01 -1.162225718432454147e-01 -6.468207577518674256e-01
1.186961646979752261e-01 -3.096568082837956037e-01 -2.886718613849829085e-01
2.241040606440013461e-01 -2.452025565994037093e-01 -2.564363537411856742e-01
1.295797082154441227e-01 -3.132588569996610506e-01 -2.705473067477611737e-01
2.980653654982727829e-01 -2.149196174423844141e-01 1.231652164649958969e-01
4.090197548253140525e-01 -1.881319680285313822e-01 5.347764602626112196e-02
2.588924609122085219e-01 -2.862940258318915632e-01 -1.461648723416981710e-01
5.791671930821138403e-01 -1.828698921372406971e-01 1.150292570307811957e+00
5.360284412239026963e-01 -2.595441921630952109e-01 1.004949274783859092e+00
4.946553553934567304e-01 -3.220580754786710465e-01 8.778409364243415780e-01
2.696708592592698128e-01 -9.708314743348978038e-02 -7.783377943064189175e-01
1.988609966708745347e-01 -4.098257922760164540e-01 8.242826663226416883e-01
2.132661347990310041e-01 -3.981275896574625328e-01 1.045198856502254969e+00
2.365272248569276758e-01 -3.852988392764049586e-01 1.272767690999561552e+00
5.005821502651368604e-01 -1.435545216374118915e-01 3.723994605246310208e-01
6.538418816530011668e-01 -3.386984779546584057e-02 2.849771598602344191e-01
2.169199107115764580e-01 -1.789044273462443435e-01 4.155263072448740491e-01
5.937340708480984830e-01 -1.376465108294468442e-01 5.686793329577377598e-01
1.809361006993950305e-01 -2.785860328718117174e-01 2.454123600971114261e-01
2.015881870518398955e-01 -4.171797074683976092e-01 -1.401830999620332641e-01
7.348963558147172392e-01 5.018516330782660240e-02 2.196157210085831757e-01
6.091491255098047120e-01 -8.563493538353306178e-02 2.057630888703780858e-01
5.234517292914286912e-01 -1.435154420415969412e-01 1.623297859606205318e-01
3.948103472685371429e-01 -1.735554783449377858e-01 1.806014853925841379e-01
3.000134916644556782e-01 -1.930533696220071427e-01 2.244478553028259604e-01
2.295865223440400893e-01 -2.168701050139314468e-01 2.707035217035294039e-01
9.167152728983796184e-02 -3.678976764073067507e-01 3.723871034620935827e-01
7.241534913324940703e-01 5.960017146932081178e-02 5.021602403031219519e-03
6.417648563992708333e-01 -1.069562233109757066e-01 5.810764288648675446e-01
5.935599051393833370e-02 -4.681677113468825091e-01 -2.649682664133303778e-01
2.238191888529001972e-01 -2.623344087858217044e-01 7.181704808646965921e-02
8.080350000850788916e-01 4.409618163481872077e-01 4.823745804405967785e-01
1.775181493605737515e-01 -2.327432390570498555e-01 3.230270583050494082e-01
2.671168034255029244e-01 -2.172187282678312847e-01 -1.410722189704767260e-01
5.592804348822628668e-01 -1.056052407703518270e-01 4.935988635424082283e-01
2.038177694559666353e-01 -3.997762829716267063e-01 -6.664728136277636716e-02
7.691012127365564055e-01 5.515492602385378973e-01 -2.015099613417490332e-01
2.169414294336975413e-01 -1.654581195736191113e-01 4.558288416428339929e-01
1.470839911760353225e-01 -4.737769399775899615e-01 -1.596170892501873328e-02
5.705608534130206522e-01 1.858400744560988471e-01 -7.541544211896908934e-01
5.712065297480712900e-01 3.230567503923182926e-01 -8.436922210835540170e-01
7.907415971227385043e-01 3.070284324329806136e-01 1.841569133342493836e-02
6.557218929151593656e-01 2.548485209668926998e-01 -6.102596512155589181e-01
7.511001863865063299e-01 1.215155512316412056e-01 6.308847051200312528e-01
2.889087002361403478e-01 1.191555261493432855e-02 -1.093619788440859608e+00
5.694771633549239320e-02 -3.725575048690452640e-01 -2.740149029305832817e-01
2.841784394402377956e-01 -2.288375743624579961e-01 -1.589262770048255335e-03
7.092934001905906172e-01 5.001113991169114925e-02 4.233381159679419081e-01
4.427305126191303231e-01 -1.707973236203947920e-01 4.098365525198539583e-01
3.836076406656863114e-01 -1.852801885701849116e-01 4.017335493579554662e-01
2.486112775443052314e-01 -1.000916354032082567e-01 -6.661634071629070064e-01
7.095236871024397374e-01 1.088085444371565402e-01 -1.916469698018956613e-01
1.670102946009279776e-01 5.043365407345948292e-02 -1.217065930011834496e+00
3.772961695342651467e-01 1.697871410130011860e-01 -1.074863961500385656e+00
4.679863083954982628e-01 2.382242272033652242e-01 -9.810860356813142502e-01
3.249833245771496237e-01 -1.881720786604912377e-01 4.122581648034226998e-01
2.700149129919091617e-01 -1.791946141321894004e-01 4.332284745261658632e-01
2.346193423596265593e-01 -1.654002485125825039e-01 4.450453360895914035e-01
6.854998797415419176e-01 -3.924619500118201043e-02 6.031901932269021493e-01
2.806858543882175816e-01 -2.022862317811711108e-01 5.397242153232397754e-01
3.409808148830357766e-01 -2.195140142817728623e-01 5.774601141544568605e-01
4.032924488180578138e-01 -2.189318114522063041e-01 5.858222547991407403e-01
4.635491944570535594e-01 -2.020594370885224755e-01 5.679761475696740725e-01
4.993727116079327288e-01 -1.774046356069427510e-01 5.381036734492823381e-01
7.911682465313463197e-01 2.986130785058307424e-01 6.996614678312957913e-01
4.828032955746985877e-01 -1.522238726545395160e-01 4.313337242580133069e-01
2.472320487553396617e-01 -2.281497273276457127e-01 -3.988907279567972530e-01
1.924670759070914450e-01 -3.391477089652916721e-01 -2.092103683896900934e-01
1.205408779004617514e-01 -2.945435333005657075e-01 -3.781479128392186695e-01
4.779915081547598810e-01 1.349519366988723990e-01 -8.873827788385297843e-01
3.874394758681722895e-01 7.733115650794336604e-02 -9.910084395384539668e-01
1.648614157195629204e-01 -4.620112876396209600e-02 -1.169055289791813834e+00
6.526128865682743196e-01 4.313075929980618728e-01 -6.806047861993764769e-01
2.370049937027844944e-01 -1.799121820298128505e-01 4.884082691605724502e-01
1.360883232829275258e-01 -3.705325724236878671e-01 1.999198042732310832e-01
2.799940956534472392e-01 9.745440855792658619e-02 -1.157974122179659560e+00
7.660412970138610333e-01 3.252143727980956189e-01 -2.031554617697870491e-01
1.118850964797556968e-01 -1.790083971367153470e-01 -6.627035371638481109e-01
1.237688178836550135e-01 -1.871618134520611765e-01 -6.945691941601301878e-01
1.323708554939913573e-01 -1.961949087697621996e-01 -7.343539071439391108e-01
1.410261875335294679e-01 -1.831973347225619442e-01 -7.766045347028174284e-01
1.949767586969466393e-01 -1.265677803567144544e-01 -8.449285669629866824e-01
2.239628201400291063e-01 -1.174275924437898078e-01 -6.011311049953074193e-01
2.375268810871974390e-01 -1.174764800459870973e-01 -5.942210868597264106e-01
2.492328969543664563e-01 -1.187743735319638505e-01 -5.861047884191332713e-01
3.623686572676616535e-01 -1.211894292777850324e-01 -5.072578613674554315e-01
6.155134769297050390e-01 -2.208391676974068296e-02 -2.643183387622228819e-01
1.357573939396434781e-01 -3.189673284493199645e-01 3.158449887220078356e-01
1.703561232984516227e-01 -2.260879672601485701e-01 5.346240582928107887e-01
2.089352009538962829e-01 -1.967285145901365162e-01 5.273627010196009213e-01
2.110017211668855364e-01 -1.085341560286398055e-01 -6.073469918066436435e-01
6.239281685337929595e-01 1.098139480951408897e-01 -4.871646098630511013e-01
1.101467055444300680e-01 -3.143272334272508850e-01 5.275178823183586108e-01
2.358350739765273651e-01 -8.073282174641732700e-02 -9.238895113425380501e-01
8.841133279599477923e-02 -4.246912714132577982e-01 2.479470643459724677e-01
1.835073385486358788e-01 -3.502073577884083910e-01 3.457672652746844599e-02
1.285493590910146144e-01 -1.152471246789448789e-01 -9.805757609220582260e-01
3.999461715252650151e-01 -2.536373003729690268e-02 -7.297512249584512389e-01
3.215825017420259613e-01 -1.915109728084596341e-01 -2.188893394148823113e-01
3.222133926322436892e-01 -5.001826177989218691e-02 -8.426573705750248777e-01
4.695442721838050115e-01 -1.672939284520655878e-01 -1.979363450942231983e-01
3.791174363087195243e-01 -1.656078369540940898e-01 -3.157701418394338599e-01
5.241843510074877255e-01 -8.995183904881931536e-02 -3.484897770735255751e-01
1.529743248835613301e-01 -9.446765697408471274e-02 -1.084742516620789576e+00
2.242588259910107684e-01 -2.933884192488309672e-01 -1.633897577786912192e-02
4.559382505486246906e-01 4.493285804059279909e-02 -7.921076760130278949e-01
3.654266437353650421e-01 1.120926045922263081e-02 -9.056564861153284518e-01
4.570498078131857156e-01 -2.955045252175245163e-02 -6.008451315855600772e-01
6.892971216615539909e-01 1.541705818342510304e-01 -3.573665476963261423e-01
5.381361036865395242e-01 3.435714874349735104e-02 -6.063231981390742042e-01
7.280537347725175579e-01 3.235878041786095505e-01 -4.113889095901535065e-01
4.294332342893694143e-01 -1.130194553758792630e-01 -4.346032657983376346e-01
1.787004817449360239e-01 -3.127231740003919569e-01 1.375711564678880894e-01
1.791253684143283564e-01 -4.259408478763901940e-01 -1.888506582499249742e-01
2.209447099697505745e-01 -3.484924629396204399e-01 -2.022478615108873612e-01
1.512766664000613215e-01 -4.841338643493138250e-01 -1.281659080639379056e-01
2.265707915090384716e-01 -2.610858905328026225e-01 6.386131678968438585e-01
3.407203285899100820e-01 -2.849825811148027910e-01 7.125646048024139034e-01
4.400178897811155565e-01 -2.827281041766611658e-01 7.243929149912289311e-01
5.190482071757696048e-01 -2.526289994799864047e-01 7.006555463014980667e-01
5.704103702888216887e-01 -2.051414036810266239e-01 6.505112888515038883e-01
5.990925985077835136e-01 -7.489143897593075749e-02 4.647869924885237314e-01
7.990078462664387260e-01 2.658449538223015551e-01 2.306673641865901736e-01
5.479790814018059564e-01 -1.089356870737780980e-01 3.050410567331236500e-01
4.791175741712763170e-01 -1.458450848406251943e-01 2.695671543404982717e-01
3.891453025407409783e-01 -1.723346982901396984e-01 2.702836439085702924e-01
3.036046238163905286e-01 -1.873738903881823070e-01 2.963355270427781019e-01
2.383471699488375339e-01 -1.927404667816436934e-01 3.317399781644791990e-01
1.933834674845291701e-01 -2.000891935340698424e-01 3.652537062320180272e-01
8.041576389956262005e-01 5.197850986863024048e-01 2.686041063237589732e-01
2.201624398168769980e-01 -3.109986074988859706e-01 -2.228018308335276698e-01
1.370453410103975589e-01 -4.123185383413225935e-01 9.581104412214591637e-02
1.318890045276129852e-01 -4.791657261522990208e-01 -2.033086939530984738e-01
9.590568508908114964e-02 -4.440137751157990920e-01 -2.460571858229433362e-01
1.318203657907082160e-01 -4.429569115981901728e-01 -2.144135916525240493e-01
2.025906818192194647e-01 -2.841612654659688708e-01 -2.480634815917445168e-01
8.175784036792421716e-02 -4.606080734094619711e-01 -2.578796951919097857e-01
7.944546431381566132e-02 -3.751457325434000012e-01 -2.677874083980701370e-01
1.931937900930971175e-01 -1.757194236577106494e-01 4.514138553440469881e-01
1.582444751857907672e-01 -2.146548739677571760e-01 4.225620603974500344e-01
1.370351636858704314e-01 -2.611535730668310684e-01 4.004256857169916639e-01
5.191445259072420271e-01 -1.519067458919050040e-01 5.158540484192748465e-01
5.610144381226103150e-01 -1.561454020020707212e-01 5.647129726870301347e-01
-3.601130541801991214e-01 -1.710798275240987820e-01 5.357323817938453026e-01
-2.889168154883776651e-01 -1.777143788204105235e-01 5.338891001001180303e-01
-3.592309528693871101e-01 -1.802826565981385798e-01 6.352701003885488085e-01
-4.322707507067597987e-01 -1.643872721298285100e-01 5.386232229251615156e-01
-3.616359943439153568e-01 -1.618797922254193722e-01 4.376548243623170631e-01
3.900278694807797208e-01 -1.781484450374155593e-01 5.026769896247755831e-01
4.597255137655968937e-01 -1.844637077211115361e-01 4.987686738804086861e-01
3.890224429433448705e-01 -1.875080913831723706e-01 6.027579325784073738e-01
3.197764590084570813e-01 -1.718609538111710577e-01 5.075405878381091807e-01
3.912961769759348840e-01 -1.688068917130403079e-01 4.025053321536331552e-01
