5.027336478233337402e-01 5.438180565834045410e-01 -4.686526581645011902e-02
5.020927786827087402e-01 4.837467670440673828e-01 -4.751772806048393250e-02
5.012547969818115234e-01 5.067707896232604980e-01 -4.097477346658706665e-02
4.977656006813049316e-01 4.341668486595153809e-01 -4.304736852645874023e-02
5.134162306785583496e-01 4.720418751239776611e-01 -6.569959968328475952e-02
5.121493339538574219e-01 4.427247047424316406e-01 -5.334593728184700012e-02
5.139181017875671387e-01 3.858277499675750732e-01 -3.319106251001358032e-02
4.316657483577728271e-01 3.760226368904113770e-01 1.158590521663427353e-02
5.058463215827941895e-01 3.448570370674133301e-01 -2.605950832366943359e-02
5.231397747993469238e-01 3.001861572265625000e-01 -1.869367063045501709e-02
5.265393853187561035e-01 2.474613189697265625e-01 1.214234158396720886e-03
5.140731334686279297e-01 5.465332865715026855e-01 -4.068642854690551758e-02
4.980506300926208496e-01 5.521804690361022949e-01 -2.866708114743232727e-02
5.056465268135070801e-01 5.546411871910095215e-01 -2.332998812198638916e-02
5.045605897903442383e-01 5.788779258728027344e-01 -2.425135113298892975e-02
5.124524235725402832e-01 5.837951898574829102e-01 -2.168979309499263763e-02
5.001814961433410645e-01 5.900974869728088379e-01 -2.033911272883415222e-02
5.017641782760620117e-01 6.137570142745971680e-01 -1.814440265297889709e-02
5.002809762954711914e-01 6.309481263160705566e-01 -2.884489484131336212e-03
5.136750340461730957e-01 4.937115609645843506e-01 -5.092028528451919556e-02
4.949159324169158936e-01 4.849258661270141602e-01 -3.697261586785316467e-02
3.933708965778350830e-01 3.116183578968048096e-01 6.076885759830474854e-02
4.609909653663635254e-01 3.955243229866027832e-01 -3.136858809739351273e-03
4.571235179901123047e-01 3.895296156406402588e-01 -5.329054780304431915e-03
4.376931786537170410e-01 3.923974335193634033e-01 1.139149069786071777e-02
4.319462478160858154e-01 3.872902989387512207e-01 8.307375945150852203e-03
4.732153117656707764e-01 3.943577706813812256e-01 1.770796719938516617e-03
4.513242244720458984e-01 3.417429924011230469e-01 6.486536934971809387e-03
4.585476219654083252e-01 3.472473919391632080e-01 2.866168040782213211e-03
4.304557144641876221e-01 3.346802294254302979e-01 1.779484562575817108e-03
4.237390458583831787e-01 3.571138679981231689e-01 3.493084572255611420e-03
3.991641402244567871e-01 3.985470831394195557e-01 2.988421358168125153e-02
4.530021846294403076e-01 6.374228596687316895e-01 8.164558559656143188e-03
4.207539558410644531e-01 3.684973120689392090e-01 9.857667610049247742e-03
3.786734044551849365e-01 3.797768056392669678e-01 6.606224179267883301e-02
4.041931033134460449e-01 3.779782950878143311e-01 3.667958825826644897e-02
4.491063356399536133e-01 4.668961465358734131e-01 -5.823118146508932114e-03
4.986557960510253906e-01 5.253944396972656250e-01 -2.821777947247028351e-02
4.973765015602111816e-01 5.465090870857238770e-01 -3.247049823403358459e-02
4.660866558551788330e-01 5.337898135185241699e-01 -3.266636282205581665e-02
4.624243676662445068e-01 5.463743805885314941e-01 -2.300048060715198517e-02
4.871202409267425537e-01 5.542978048324584961e-01 -2.709770575165748596e-02
4.780253171920776367e-01 5.466525554656982422e-01 -1.824702136218547821e-02
4.483269155025482178e-01 5.727933049201965332e-01 -1.314296945929527283e-02
5.025932192802429199e-01 4.803933501243591309e-01 -6.250765919685363770e-02
5.002218484878540039e-01 4.683220088481903076e-01 -5.411782860755920410e-02
4.156275391578674316e-01 3.328742384910583496e-01 1.991635747253894806e-02
4.737636744976043701e-01 4.252163171768188477e-01 -1.187797635793685913e-02
4.687897861003875732e-01 4.772263467311859131e-01 -3.572423756122589111e-02
4.717104732990264893e-01 4.539180994033813477e-01 -2.851786836981773376e-02
4.147123694419860840e-01 4.651111066341400146e-01 1.375476364046335220e-02
5.026396512985229492e-01 4.400688409805297852e-01 -5.458079278469085693e-02
4.378215968608856201e-01 3.011936545372009277e-01 -1.492971554398536682e-03
4.179538488388061523e-01 3.168020248413085938e-01 9.497757069766521454e-03
4.074093997478485107e-01 2.710601389408111572e-01 4.565369710326194763e-02
4.977045953273773193e-01 3.315363824367523193e-01 -5.361141636967658997e-03
4.755422174930572510e-01 3.437086343765258789e-01 5.705188959836959839e-04
4.460076093673706055e-01 5.635512471199035645e-01 6.687543937005102634e-04
3.793206512928009033e-01 5.383502840995788574e-01 8.302153646945953369e-02
4.742220640182495117e-01 4.745343029499053955e-01 -3.188540786504745483e-02
4.970744550228118896e-01 4.889236688613891602e-01 -1.276437006890773773e-02
4.533389806747436523e-01 5.563024878501892090e-01 -3.262448124587535858e-03
4.643406569957733154e-01 5.668447017669677734e-01 -4.654095508158206940e-03
4.271007478237152100e-01 2.999937236309051514e-01 1.017558109015226364e-02
4.703294634819030762e-01 4.731517732143402100e-01 -3.117962926626205444e-02
4.716227650642395020e-01 3.194124698638916016e-01 -1.097816042602062225e-02
4.568103849887847900e-01 2.981975078582763672e-01 -1.411827374249696732e-02
4.594226777553558350e-01 2.449023276567459106e-01 6.946023087948560715e-03
4.203504920005798340e-01 2.925937473773956299e-01 2.533410675823688507e-02
4.683136343955993652e-01 2.826556861400604248e-01 -9.787186980247497559e-03
4.100246131420135498e-01 3.201253116130828857e-01 1.956295035779476166e-02
3.972487747669219971e-01 3.289867639541625977e-01 3.092839941382408142e-02
4.903965294361114502e-01 5.404641628265380859e-01 -4.522987082600593567e-02
4.867342412471771240e-01 5.469501614570617676e-01 -2.342277765274047852e-02
4.696032106876373291e-01 5.411297678947448730e-01 -1.061181072145700455e-02
4.882572591304779053e-01 5.004417300224304199e-01 -2.622105740010738373e-02
4.714210629463195801e-01 5.684679746627807617e-01 -3.300057491287589073e-03
4.530785679817199707e-01 5.750266313552856445e-01 -3.919306211173534393e-03
4.685351848602294922e-01 5.572922229766845703e-01 -4.800220020115375519e-03
4.936621487140655518e-01 4.813018143177032471e-01 -4.560786113142967224e-02
4.896344840526580811e-01 5.547151565551757812e-01 -1.946956850588321686e-02
4.801698923110961914e-01 5.549926757812500000e-01 -1.199882850050926208e-02
4.908965229988098145e-01 5.500293970108032227e-01 -7.978051900863647461e-03
4.800091981887817383e-01 6.297864913940429688e-01 -4.896399565041065216e-03
4.845714569091796875e-01 6.063118577003479004e-01 -1.092999614775180817e-02
4.800052344799041748e-01 6.025184988975524902e-01 -2.426274865865707397e-02
4.851944148540496826e-01 5.830420851707458496e-01 -1.765910722315311432e-02
4.879148900508880615e-01 5.828477740287780762e-01 -1.471238117665052414e-02
4.798255860805511475e-01 5.698887109756469727e-01 -3.028154838830232620e-03
4.771141707897186279e-01 5.627075433731079102e-01 -1.232287473976612091e-02
4.714440107345581055e-01 5.889018177986145020e-01 -1.305026933550834656e-02
4.618772864341735840e-01 5.876161456108093262e-01 -1.629132032394409180e-02
4.558743238449096680e-01 5.262624621391296387e-01 -2.133528329432010651e-02
3.764536380767822266e-01 4.540507197380065918e-01 1.101247370243072510e-01
5.132750272750854492e-01 4.955500662326812744e-01 -3.923577442765235901e-02
4.641163647174835205e-01 5.577921867370605469e-01 1.262055593542754650e-04
4.661952257156372070e-01 5.685368180274963379e-01 -2.960273530334234238e-03
4.962850213050842285e-01 4.972766637802124023e-01 -3.501888364553451538e-02
4.659434556961059570e-01 4.958233833312988281e-01 -1.950255781412124634e-02
4.951980412006378174e-01 5.006693601608276367e-01 -4.844061285257339478e-02
4.599362313747406006e-01 4.349557459354400635e-01 -7.129903882741928101e-03
4.466339945793151855e-01 4.401088058948516846e-01 -6.125372834503650665e-03
4.681427180767059326e-01 4.825885593891143799e-01 -3.060268424451351166e-02
4.226729869842529297e-01 2.596051692962646484e-01 2.624330297112464905e-02
4.344359040260314941e-01 2.823882699012756348e-01 7.847921922802925110e-03
4.287978708744049072e-01 3.037348687648773193e-01 4.373751115053892136e-03
4.610782265663146973e-01 5.995535850524902344e-01 1.680245809257030487e-02
4.940189719200134277e-01 3.082773089408874512e-01 -1.365281455218791962e-02
4.767931699752807617e-01 2.844583988189697266e-01 -1.352990511804819107e-02
4.880456626415252686e-01 2.517791986465454102e-01 -3.782124957069754601e-03
4.287905097007751465e-01 3.865651488304138184e-01 1.381263043731451035e-02
4.087142944335937500e-01 4.022591710090637207e-01 3.411974757909774780e-02
4.702519178390502930e-01 3.833712339401245117e-01 1.067279838025569916e-02
4.098722934722900391e-01 3.540961444377899170e-01 1.669003255665302277e-02
4.824623465538024902e-01 4.133606851100921631e-01 2.509818878024816513e-03
4.794301390647888184e-01 4.711179733276367188e-01 -3.716975077986717224e-02
3.936139643192291260e-01 4.154562652111053467e-01 3.652773052453994751e-02
4.083532094955444336e-01 4.151527285575866699e-01 1.576949842274188995e-02
4.205471873283386230e-01 4.297095239162445068e-01 7.204029709100723267e-03
4.442004859447479248e-01 4.225727021694183350e-01 -2.609287155792117119e-03
4.634314477443695068e-01 4.208538532257080078e-01 -1.462275348603725433e-02
4.831850528717041016e-01 4.039117991924285889e-01 2.734664594754576683e-03
5.076603889465332031e-01 3.966932892799377441e-01 -1.214733440428972244e-02
3.928652405738830566e-01 4.464953541755676270e-01 2.835509181022644043e-02
3.977495133876800537e-01 3.475008606910705566e-01 1.603452116250991821e-02
5.069885849952697754e-01 4.883602261543273926e-01 -5.333723500370979309e-02
4.713328182697296143e-01 4.380287528038024902e-01 -1.894935593008995056e-02
3.766596019268035889e-01 3.877897858619689941e-01 1.031677499413490295e-01
4.934370219707489014e-01 3.929947018623352051e-01 -1.317693851888179779e-02
4.719966948032379150e-01 4.732331335544586182e-01 -2.042256109416484833e-02
4.205895364284515381e-01 3.636883795261383057e-01 8.573111146688461304e-03
4.804687500000000000e-01 4.546742141246795654e-01 -3.168413415551185608e-02
3.711100220680236816e-01 4.973798692226409912e-01 9.960026293992996216e-02
4.744926095008850098e-01 3.761326074600219727e-01 7.867837324738502502e-03
4.907219409942626953e-01 4.497486650943756104e-01 -5.365926772356033325e-02
4.064371585845947266e-01 5.860500335693359375e-01 3.515017032623291016e-02
4.070150852203369141e-01 6.077159047126770020e-01 4.613344743847846985e-02
3.792786002159118652e-01 4.514386653900146484e-01 7.408609241247177124e-02
3.913193047046661377e-01 5.653845667839050293e-01 4.299600794911384583e-02
3.891101181507110596e-01 3.582038283348083496e-01 6.291148811578750610e-02
4.486293196678161621e-01 6.520302295684814453e-01 -4.043250344693660736e-03
4.999254643917083740e-01 4.887225031852722168e-01 -3.870033472776412964e-02
4.704162776470184326e-01 4.546861946582794189e-01 -9.800355881452560425e-03
3.856790661811828613e-01 3.802248835563659668e-01 3.708518669009208679e-02
4.456901848316192627e-01 3.851031363010406494e-01 -2.170248888432979584e-03
4.556017816066741943e-01 3.865515589714050293e-01 1.968897413462400436e-03
4.739739298820495605e-01 5.685469508171081543e-01 -6.353803910315036774e-04
3.919888734817504883e-01 4.844512641429901123e-01 3.647055849432945251e-02
4.665530323982238770e-01 6.920843124389648438e-01 1.787531562149524689e-02
4.323383271694183350e-01 6.458616852760314941e-01 3.160429745912551880e-02
4.222948849201202393e-01 6.300982832908630371e-01 4.332803189754486084e-02
5.218397974967956543e-01 2.903010547161102295e-01 -5.640922114253044128e-03
4.872731566429138184e-01 6.900503039360046387e-01 1.059893798083066940e-02
4.617332816123962402e-01 3.889093697071075439e-01 -2.578754210844635963e-03
4.746169447898864746e-01 3.818949460983276367e-01 1.820356119424104691e-03
4.775290191173553467e-01 3.828943967819213867e-01 6.071919575333595276e-03
3.966850042343139648e-01 3.499153256416320801e-01 2.638333290815353394e-02
4.783926010131835938e-01 3.701597750186920166e-01 6.892309524118900299e-03
4.484784603118896484e-01 3.669503033161163330e-01 8.593721315264701843e-03
4.487097263336181641e-01 3.590338528156280518e-01 -4.779061302542686462e-03
4.392547309398651123e-01 3.641944527626037598e-01 1.239569578319787979e-02
4.347424209117889404e-01 3.682965338230133057e-01 8.865972980856895447e-03
3.830103278160095215e-01 3.395402729511260986e-01 7.559081912040710449e-02
4.250491857528686523e-01 3.721133470535278320e-01 1.744200289249420166e-02
5.130652189254760742e-01 5.124572515487670898e-01 -3.794047608971595764e-02
4.684132337570190430e-01 5.106762051582336426e-01 -2.728224918246269226e-02
4.746377170085906982e-01 4.838931560516357422e-01 -3.437967225909233093e-02
4.925801455974578857e-01 5.143505334854125977e-01 -3.938294574618339539e-02
5.209400057792663574e-01 3.622630238533020020e-01 -2.240947820246219635e-02
4.207569360733032227e-01 6.138139367103576660e-01 2.202040888369083405e-02
4.345850348472595215e-01 6.298767328262329102e-01 3.046541288495063782e-02
4.651505649089813232e-01 6.637762188911437988e-01 -1.330462191253900528e-02
3.924441635608673096e-01 5.790100097656250000e-01 7.665985077619552612e-02
4.798695147037506104e-01 3.741596341133117676e-01 1.039839815348386765e-02
4.799725413322448730e-01 4.179149866104125977e-01 -2.309744246304035187e-02
5.039058923721313477e-01 6.794635057449340820e-01 -5.032139597460627556e-04
4.531437754631042480e-01 6.655617356300354004e-01 3.043563477694988251e-02
3.830881416797637939e-01 4.988132119178771973e-01 6.562507897615432739e-02
4.797106087207794189e-01 5.729662775993347168e-01 -1.684512011706829071e-02
4.803378283977508545e-01 5.823560953140258789e-01 -1.542650349438190460e-02
4.766457974910736084e-01 5.850748419761657715e-01 -2.063456922769546509e-02
4.734244644641876221e-01 6.046747565269470215e-01 -1.964863575994968414e-02
4.643246531486511230e-01 6.122073531150817871e-01 -1.622090861201286316e-02
4.680667817592620850e-01 5.530520677566528320e-01 -1.031339261680841446e-02
4.593377709388732910e-01 5.634035468101501465e-01 -1.159531064331531525e-02
4.618295431137084961e-01 5.535133481025695801e-01 -9.904747828841209412e-03
4.480466842651367188e-01 5.283855199813842773e-01 -8.856958709657192230e-03
4.124858081340789795e-01 4.958102703094482422e-01 2.307647652924060822e-02
4.960632026195526123e-01 3.926786482334136963e-01 -2.005018666386604309e-02
4.855227470397949219e-01 3.642310202121734619e-01 3.802668070420622826e-04
4.789172708988189697e-01 3.848257660865783691e-01 2.784681506454944611e-03
4.698919355869293213e-01 5.567451715469360352e-01 4.208671860396862030e-03
4.027325212955474854e-01 5.428848266601562500e-01 3.385479003190994263e-02
5.047634243965148926e-01 3.631477653980255127e-01 -8.088206872344017029e-03
4.558535814285278320e-01 6.139075160026550293e-01 -4.329393617808818817e-03
5.115072131156921387e-01 4.194787144660949707e-01 -5.171231925487518311e-02
4.905466139316558838e-01 4.126222729682922363e-01 -3.664589300751686096e-02
5.030007958412170410e-01 4.004788398742675781e-01 -4.297779873013496399e-02
4.822016954421997070e-01 4.444600939750671387e-01 -2.331484854221343994e-02
4.945714771747589111e-01 6.609320044517517090e-01 -9.761819615960121155e-03
5.025357007980346680e-01 6.432075500488281250e-01 -1.007142104208469391e-02
4.751491844654083252e-01 6.361089348793029785e-01 -1.167581044137477875e-02
4.347563683986663818e-01 5.847370028495788574e-01 3.808641806244850159e-03
4.503557682037353516e-01 4.826983511447906494e-01 -1.372908800840377808e-02
4.508604109287261963e-01 6.033626198768615723e-01 6.984148640185594559e-04
4.314278960227966309e-01 4.894623458385467529e-01 -6.015222985297441483e-03
4.456789195537567139e-01 5.169336795806884766e-01 -1.921850023791193962e-03
4.224086701869964600e-01 5.197611451148986816e-01 -1.168929738923907280e-03
4.728953838348388672e-01 6.582409739494323730e-01 -6.406615488231182098e-03
4.811575710773468018e-01 4.401156604290008545e-01 -1.626648753881454468e-02
4.343018233776092529e-01 5.915642380714416504e-01 1.260012481361627579e-02
4.441699087619781494e-01 6.248532533645629883e-01 1.215441804379224777e-02
4.301604628562927246e-01 5.579107999801635742e-01 3.830741159617900848e-03
3.858504295349121094e-01 5.087102055549621582e-01 4.287976399064064026e-02
4.151234924793243408e-01 5.578153133392333984e-01 2.252630330622196198e-02
3.822409212589263916e-01 5.333447456359863281e-01 6.166090816259384155e-02
4.448792338371276855e-01 5.257014036178588867e-01 9.906110353767871857e-04
4.848572313785552979e-01 4.279397130012512207e-01 -2.021775953471660614e-02
4.832859933376312256e-01 4.758774042129516602e-01 -5.069870129227638245e-02
4.876405596733093262e-01 4.869067370891571045e-01 -3.940673917531967163e-02
5.010542869567871094e-01 4.652586281299591064e-01 -4.517582058906555176e-02
4.871170520782470703e-01 3.530587553977966309e-01 -2.216898836195468903e-03
4.725789725780487061e-01 3.401195108890533447e-01 -7.869098335504531860e-03
4.409406185150146484e-01 3.260802924633026123e-01 -9.596474468708038330e-03
4.438923895359039307e-01 3.285875618457794189e-01 -1.491201482713222504e-02
4.182051420211791992e-01 3.400557935237884521e-01 5.087317898869514465e-03
4.006054103374481201e-01 3.791324794292449951e-01 1.144270971417427063e-02
3.784095346927642822e-01 4.178734421730041504e-01 6.451845169067382812e-02
4.205210506916046143e-01 4.035043418407440186e-01 2.217117138206958771e-02
4.293123483657836914e-01 4.060502052307128906e-01 -2.265294082462787628e-03
4.500727653503417969e-01 4.129275381565093994e-01 5.895095877349376678e-03
4.658933877944946289e-01 3.996760845184326172e-01 6.733049638569355011e-03
4.701611101627349854e-01 4.021905362606048584e-01 4.006588831543922424e-03
4.856931567192077637e-01 3.860746920108795166e-01 -5.203359760344028473e-03
3.688873648643493652e-01 4.115951359272003174e-01 1.057408154010772705e-01
4.723456203937530518e-01 4.898471832275390625e-01 -2.411285787820816040e-02
4.852768182754516602e-01 4.408570528030395508e-01 -3.320560604333877563e-02
4.908622801303863525e-01 4.815282821655273438e-01 -5.721553787589073181e-02
5.004583001136779785e-01 4.954072833061218262e-01 -5.153162032365798950e-02
4.826693534851074219e-01 4.849430620670318604e-01 -5.055321007966995239e-02
4.714790582656860352e-01 4.937339127063751221e-01 -2.752778679132461548e-02
5.030280351638793945e-01 4.785020351409912109e-01 -5.519647523760795593e-02
5.013616085052490234e-01 4.875737130641937256e-01 -3.789912164211273193e-02
4.838092923164367676e-01 3.816704154014587402e-01 4.774074070155620575e-03
4.906122088432312012e-01 3.887123465538024902e-01 -5.119314882904291153e-04
4.982920587062835693e-01 3.896488845348358154e-01 -3.704905509948730469e-03
4.414291679859161377e-01 3.667540848255157471e-01 8.152624592185020447e-03
4.414660632610321045e-01 3.546350300312042236e-01 1.688278280198574066e-02
5.199460387229919434e-01 4.313833415508270264e-01 -3.888989612460136414e-02
5.968171954154968262e-01 3.990308046340942383e-01 2.591624297201633453e-02
5.091950893402099609e-01 4.880413115024566650e-01 -3.619535639882087708e-02
6.292891502380371094e-01 3.394476175308227539e-01 7.695314288139343262e-02
5.699718594551086426e-01 4.027213752269744873e-01 1.473732478916645050e-02
5.694555640220642090e-01 4.006340801715850830e-01 2.691892907023429871e-03
5.916084051132202148e-01 4.012724459171295166e-01 9.505799040198326111e-03
6.028960943222045898e-01 4.043913483619689941e-01 2.030088193714618683e-02
5.503692030906677246e-01 3.897029757499694824e-01 2.442997507750988007e-02
5.795321464538574219e-01 3.535363972187042236e-01 1.431794557720422745e-02
5.680875182151794434e-01 3.545636534690856934e-01 6.910403724759817123e-03
5.932185649871826172e-01 3.524462878704071045e-01 1.130800973623991013e-02
5.983674526214599609e-01 3.686785697937011719e-01 2.018535509705543518e-02
6.115424036979675293e-01 4.102365672588348389e-01 2.965229004621505737e-02
5.405985116958618164e-01 6.509687304496765137e-01 4.016594961285591125e-03
5.955560207366943359e-01 3.889628052711486816e-01 1.924725063145160675e-02
6.362767219543457031e-01 4.135797023773193359e-01 7.855107635259628296e-02
6.143876314163208008e-01 4.005661904811859131e-01 3.659953549504280090e-02
5.668204426765441895e-01 4.752115905284881592e-01 2.935816068202257156e-03
5.253781676292419434e-01 5.424985885620117188e-01 -2.170184254646301270e-02
5.149610638618469238e-01 5.639367103576660156e-01 -3.316297382116317749e-02
5.392891168594360352e-01 5.415623188018798828e-01 -2.255946025252342224e-02
5.322802066802978516e-01 5.585808753967285156e-01 -1.612224429845809937e-02
5.305165052413940430e-01 5.596808195114135742e-01 -2.586090937256813049e-02
5.409883260726928711e-01 5.572658181190490723e-01 -2.026012726128101349e-02
5.402049422264099121e-01 5.859390497207641602e-01 -7.329402491450309753e-03
5.208409428596496582e-01 4.808205664157867432e-01 -6.367018818855285645e-02
5.217617154121398926e-01 4.745683372020721436e-01 -6.985852122306823730e-02
6.092865467071533203e-01 3.429403901100158691e-01 2.013189718127250671e-02
5.350013971328735352e-01 4.304578602313995361e-01 -7.543130777776241302e-03
5.350797772407531738e-01 4.780668914318084717e-01 -3.598342090845108032e-02
5.465141534805297852e-01 4.670151472091674805e-01 -3.474626690149307251e-02
6.009746789932250977e-01 4.656486809253692627e-01 1.838512904942035675e-02
5.162047743797302246e-01 4.422551691532135010e-01 -5.626872181892395020e-02
5.939493775367736816e-01 3.308205604553222656e-01 1.267265435308218002e-02
5.960119366645812988e-01 3.414388000965118408e-01 1.484209112823009491e-02
6.274570226669311523e-01 3.150558769702911377e-01 5.137491226196289062e-02
5.403465628623962402e-01 3.390074372291564941e-01 -9.857971221208572388e-03
5.509295463562011719e-01 3.524238765239715576e-01 7.813421078026294708e-03
5.596798658370971680e-01 5.678541660308837891e-01 1.268477644771337509e-02
6.037686467170715332e-01 5.698539614677429199e-01 9.542016685009002686e-02
5.368835926055908203e-01 4.901140630245208740e-01 -2.528358437120914459e-02
5.194952487945556641e-01 4.907269477844238281e-01 -3.438343852758407593e-02
5.500170588493347168e-01 5.711758136749267578e-01 9.659434668719768524e-03
5.481292605400085449e-01 5.801527500152587891e-01 5.598690826445817947e-03
6.143916845321655273e-01 3.232392072677612305e-01 1.118917018175125122e-02
5.469782948493957520e-01 4.911692738533020020e-01 -2.984113059937953949e-02
5.629032254219055176e-01 3.303503394126892090e-01 -5.641280673444271088e-03
5.742525458335876465e-01 3.113189041614532471e-01 -1.350609306246042252e-02
5.802788734436035156e-01 2.528366744518280029e-01 5.387957673519849777e-03
6.290726661682128906e-01 3.219697177410125732e-01 2.705995365977287292e-02
5.753185153007507324e-01 2.871495485305786133e-01 -2.403921447694301605e-03
6.193104386329650879e-01 3.447875082492828369e-01 3.201893344521522522e-02
6.227273344993591309e-01 3.500330150127410889e-01 4.491211846470832825e-02
5.231162309646606445e-01 5.509527921676635742e-01 -2.854952774941921234e-02
5.303799510002136230e-01 5.457910299301147461e-01 -2.983171865344047546e-02
5.397689938545227051e-01 5.570463538169860840e-01 -1.599255017936229706e-02
5.319541096687316895e-01 4.977598190307617188e-01 -3.543043509125709534e-02
5.472217798233032227e-01 5.696933865547180176e-01 7.938863709568977356e-03
5.408117175102233887e-01 5.813347697257995605e-01 7.779339328408241272e-03
5.352814197540283203e-01 5.626154541969299316e-01 -2.073738258332014084e-03
5.300093889236450195e-01 4.855288267135620117e-01 -5.044117942452430725e-02
5.400285124778747559e-01 5.584549903869628906e-01 -4.250584170222282410e-03
5.227178931236267090e-01 5.484384298324584961e-01 -2.354538068175315857e-02
5.182663202285766602e-01 5.539108514785766602e-01 -3.074516355991363525e-02
5.220505595207214355e-01 6.257385015487670898e-01 -7.960139773786067963e-04
5.106177330017089844e-01 6.067115664482116699e-01 -1.562374457716941833e-02
5.223177671432495117e-01 5.953720808029174805e-01 -2.342355437576770782e-02
5.113860368728637695e-01 5.944395661354064941e-01 -2.972066588699817657e-02
5.068442821502685547e-01 5.784915089607238770e-01 -2.759615890681743622e-02
5.313877463340759277e-01 5.815234780311584473e-01 -7.842173799872398376e-03
5.326656699180603027e-01 5.641829967498779297e-01 -5.003239493817090988e-04
5.388059616088867188e-01 5.853033661842346191e-01 -1.090209465473890305e-02
5.417909622192382812e-01 5.877173542976379395e-01 -1.253540627658367157e-02
5.549110174179077148e-01 5.442454814910888672e-01 -1.039427239447832108e-02
6.344747543334960938e-01 4.885947108268737793e-01 1.198160946369171143e-01
5.346134305000305176e-01 5.698483586311340332e-01 -1.558378804475069046e-03
5.382007956504821777e-01 5.822208523750305176e-01 -6.199580617249011993e-03
5.234069824218750000e-01 5.061975121498107910e-01 -2.558223903179168701e-02
5.345993638038635254e-01 4.969891011714935303e-01 -2.056848444044589996e-02
5.225611329078674316e-01 4.920565485954284668e-01 -2.143341489136219025e-02
5.587188005447387695e-01 4.406561851501464844e-01 8.050494361668825150e-04
5.660853981971740723e-01 4.546901285648345947e-01 -4.360716324299573898e-03
5.437215566635131836e-01 4.819851517677307129e-01 -1.521742157638072968e-02
6.076110005378723145e-01 2.690290510654449463e-01 2.232070639729499817e-02
6.028234362602233887e-01 2.982206046581268311e-01 1.971804536879062653e-02
5.871843099594116211e-01 3.135766088962554932e-01 3.480816259980201721e-03
5.543493032455444336e-01 6.057751774787902832e-01 7.672612089663743973e-03
5.408481955528259277e-01 3.301572203636169434e-01 -1.587031595408916473e-02
5.508221387863159180e-01 2.883924841880798340e-01 -2.339416928589344025e-02
5.605654120445251465e-01 2.529486715793609619e-01 -2.329898532480001450e-03
5.974104404449462891e-01 4.033284783363342285e-01 2.093424275517463684e-02
6.149458289146423340e-01 4.248758852481842041e-01 2.380740270018577576e-02
5.455708503723144531e-01 3.850368261337280273e-01 1.733857393264770508e-02
5.964573025703430176e-01 3.739098608493804932e-01 2.820321358740329742e-02
5.274831056594848633e-01 4.145076274871826172e-01 3.980870824307203293e-03
5.393247604370117188e-01 4.793707430362701416e-01 -3.784346580505371094e-02
6.286138296127319336e-01 4.396169185638427734e-01 4.681196063756942749e-02
5.982869267463684082e-01 4.349015057086944580e-01 1.241807080805301666e-02
5.872099995613098145e-01 4.416085481643676758e-01 2.318851836025714874e-02
5.773934721946716309e-01 4.380409419536590576e-01 6.769486702978610992e-03
5.587823390960693359e-01 4.244291186332702637e-01 -8.365837857127189636e-05
5.531407594680786133e-01 4.036016464233398438e-01 -4.791656974703073502e-04
5.224137306213378906e-01 3.948694169521331787e-01 -2.144711650907993317e-02
6.188741326332092285e-01 4.776441752910614014e-01 4.510934650897979736e-02
6.253387331962585449e-01 3.778753578662872314e-01 2.171711996197700500e-02
5.143423080444335938e-01 4.897483885288238525e-01 -5.479611828923225403e-02
5.322782397270202637e-01 4.532468914985656738e-01 -1.341809052973985672e-02
6.226684451103210449e-01 3.997155427932739258e-01 1.067512854933738708e-01
5.408704280853271484e-01 4.008383452892303467e-01 -1.491054659709334373e-03
5.501739978790283203e-01 4.815519750118255615e-01 -3.761425614356994629e-03
6.075484752655029297e-01 3.894963562488555908e-01 2.244974300265312195e-02
5.402584075927734375e-01 4.685587882995605469e-01 -4.345614835619926453e-02
6.307041645050048828e-01 5.320211052894592285e-01 1.225605085492134094e-01
5.398445129394531250e-01 3.907559812068939209e-01 7.794755510985851288e-03
5.328440666198730469e-01 4.539320766925811768e-01 -5.156446248292922974e-02
5.876355171203613281e-01 6.037974357604980469e-01 4.735141247510910034e-02
5.876092314720153809e-01 6.306436657905578613e-01 6.412504613399505615e-02
6.344356536865234375e-01 4.780973196029663086e-01 7.873706519603729248e-02
6.077491044998168945e-01 5.766205787658691406e-01 6.322709470987319946e-02
6.285839676856994629e-01 3.696678280830383301e-01 7.194219529628753662e-02
5.454424619674682617e-01 6.582735180854797363e-01 1.626223698258399963e-02
5.065990090370178223e-01 4.888190627098083496e-01 -4.412477463483810425e-02
5.465402603149414062e-01 4.658691287040710449e-01 -1.057345792651176453e-02
6.281681656837463379e-01 4.093859791755676270e-01 5.357852205634117126e-02
5.916603207588195801e-01 4.004326164722442627e-01 1.588392443954944611e-02
5.730488896369934082e-01 3.926654458045959473e-01 3.195974044501781464e-03
5.361260175704956055e-01 5.766499042510986328e-01 1.784027321264147758e-03
6.182281374931335449e-01 5.039582848548889160e-01 3.833626955747604370e-02
5.057643055915832520e-01 6.911574602127075195e-01 6.487981416285037994e-03
5.544234514236450195e-01 6.682850718498229980e-01 3.349564969539642334e-02
5.758938193321228027e-01 6.438814401626586914e-01 4.363501071929931641e-02
5.615196228027343750e-01 3.940751254558563232e-01 5.741755478084087372e-03
5.590022802352905273e-01 3.990491628646850586e-01 5.167802795767784119e-03
5.504643917083740234e-01 3.765732944011688232e-01 1.080443616956472397e-03
6.195299625396728516e-01 3.567808568477630615e-01 4.392294213175773621e-02
5.545773506164550781e-01 3.872376084327697754e-01 1.408252120018005371e-02
5.641933083534240723e-01 3.677044510841369629e-01 4.238566849380731583e-03
5.683341622352600098e-01 3.644274771213531494e-01 7.725510280579328537e-03
5.891660451889038086e-01 3.712801635265350342e-01 1.520058419555425644e-02
5.862305760383605957e-01 3.873634934425354004e-01 2.219664864242076874e-02
6.338485479354858398e-01 3.610567748546600342e-01 9.954376518726348877e-02
5.799317359924316406e-01 3.876536488533020020e-01 1.921453699469566345e-02
5.526514053344726562e-01 5.157057642936706543e-01 -1.670025102794170380e-02
5.432389974594116211e-01 4.922241866588592529e-01 -2.014194428920745850e-02
5.189713835716247559e-01 5.216306447982788086e-01 -3.641366958618164062e-02
5.722641348838806152e-01 6.261518001556396484e-01 2.186760865151882172e-02
5.531684756278991699e-01 6.305940747261047363e-01 2.691830135881900787e-02
5.183764100074768066e-01 6.753554344177246094e-01 6.215500179678201675e-03
5.875262022018432617e-01 6.019184589385986328e-01 9.081814438104629517e-02
5.520548224449157715e-01 3.831657767295837402e-01 4.747451748698949814e-04
5.354022383689880371e-01 4.220184981822967529e-01 -2.449348196387290955e-02
5.390412211418151855e-01 6.749768257141113281e-01 2.343575470149517059e-02
6.250947117805480957e-01 5.173739194869995117e-01 7.004048675298690796e-02
5.143463015556335449e-01 5.751239061355590820e-01 -7.039109244942665100e-03
5.281974673271179199e-01 5.894368290901184082e-01 -1.585003361105918884e-02
5.268069505691528320e-01 5.968191027641296387e-01 -1.437636651098728180e-02
5.295615196228027344e-01 6.021126508712768555e-01 -1.624613627791404724e-02
5.348948240280151367e-01 6.227676272392272949e-01 -7.547542452812194824e-03
5.517573356628417969e-01 5.702939033508300781e-01 -4.245758056640625000e-03
5.370832085609436035e-01 5.616571903228759766e-01 3.493142314255237579e-03
5.537914633750915527e-01 5.592569708824157715e-01 -6.937533151358366013e-03
5.599718093872070312e-01 5.505135655403137207e-01 1.218488207086920738e-03
5.997314453125000000e-01 5.147704482078552246e-01 2.780766785144805908e-02
5.262950658798217773e-01 4.092851877212524414e-01 -9.636709466576576233e-03
5.448837876319885254e-01 3.716661930084228516e-01 1.174661517143249512e-02
5.500158667564392090e-01 3.743532896041870117e-01 4.472630098462104797e-03
5.420680642127990723e-01 5.687814950942993164e-01 -1.818073168396949768e-02
5.997444987297058105e-01 5.524381399154663086e-01 2.574053034186363220e-02
5.213789343833923340e-01 3.648691177368164062e-01 -6.884114351123571396e-03
5.445927381515502930e-01 6.204037070274353027e-01 2.208529738709330559e-03
5.183457136154174805e-01 4.117301106452941895e-01 -2.055987343192100525e-02
5.360520482063293457e-01 4.448560476303100586e-01 -1.856395602226257324e-02
5.201994180679321289e-01 6.373803019523620605e-01 -8.423684164881706238e-03
5.588808655738830566e-01 5.898995399475097656e-01 1.658285409212112427e-02
5.563018321990966797e-01 4.951579868793487549e-01 -4.421605262905359268e-04
5.508639812469482422e-01 6.097841262817382812e-01 -6.695586489513516426e-04
5.795525908470153809e-01 4.983366727828979492e-01 5.825151689350605011e-03
5.699409246444702148e-01 5.260452628135681152e-01 5.629350431263446808e-03
5.770540237426757812e-01 5.197807550430297852e-01 -2.786390716210007668e-03
5.176053047180175781e-01 6.576701402664184570e-01 -1.082760281860828400e-02
5.438203215599060059e-01 4.594777822494506836e-01 -2.241202257573604584e-02
5.732200145721435547e-01 6.119002103805541992e-01 2.978797815740108490e-02
5.585941672325134277e-01 6.208571791648864746e-01 9.297331795096397400e-03
5.771294832229614258e-01 5.712488293647766113e-01 9.690998122096061707e-03
6.088575124740600586e-01 5.388838648796081543e-01 4.499965906143188477e-02
5.926380753517150879e-01 5.706936717033386230e-01 1.477338187396526337e-02
6.097055673599243164e-01 5.516267418861389160e-01 7.673931866884231567e-02
5.662393569946289062e-01 5.452449321746826172e-01 -7.143013179302215576e-03
5.389225482940673828e-01 4.367576241493225098e-01 -2.563655376434326172e-02
5.297092795372009277e-01 4.840126633644104004e-01 -6.177495047450065613e-02
5.313742756843566895e-01 4.921328723430633545e-01 -2.775100246071815491e-02
5.339590311050415039e-01 4.610339701175689697e-01 -4.474858939647674561e-02
5.446350574493408203e-01 3.632184267044067383e-01 5.328302271664142609e-03
5.596649050712585449e-01 3.405478894710540771e-01 -1.944814808666706085e-03
5.878486037254333496e-01 3.425112366676330566e-01 -4.218489862978458405e-03
6.006667613983154297e-01 3.493802249431610107e-01 4.263615235686302185e-03
6.045854687690734863e-01 3.515272736549377441e-01 1.046420354396104813e-02
6.047546863555908203e-01 3.881274461746215820e-01 3.739515691995620728e-02
6.366093754768371582e-01 4.434274435043334961e-01 8.307527005672454834e-02
6.037781238555908203e-01 4.159266054630279541e-01 2.079115435481071472e-02
5.957385301589965820e-01 4.301521480083465576e-01 1.817171648144721985e-02
5.719308853149414062e-01 4.189233779907226562e-01 8.031145669519901276e-03
5.518738031387329102e-01 4.071674048900604248e-01 6.198431365191936493e-03
5.438266992568969727e-01 4.041528999805450439e-01 2.693376271054148674e-03
5.420913696289062500e-01 4.053079485893249512e-01 8.184803649783134460e-03
6.353563070297241211e-01 4.482624828815460205e-01 1.171118766069412231e-01
5.378282666206359863e-01 4.945613443851470947e-01 -3.136953338980674744e-02
5.204857587814331055e-01 4.288105070590972900e-01 -3.414787352085113525e-02
5.292607545852661133e-01 4.817396402359008789e-01 -5.348353460431098938e-02
5.187916159629821777e-01 4.840105175971984863e-01 -4.681498557329177856e-02
5.346054434776306152e-01 4.850921034812927246e-01 -5.442984029650688171e-02
5.354195237159729004e-01 4.898882806301116943e-01 -3.453216515481472015e-03
5.219044685363769531e-01 4.931511282920837402e-01 -5.336645618081092834e-02
5.166181921958923340e-01 4.948933124542236328e-01 -4.269497469067573547e-02
5.371101498603820801e-01 3.867743015289306641e-01 1.270013023167848587e-02
5.359709858894348145e-01 3.819872140884399414e-01 1.017221342772245407e-02
5.397634506225585938e-01 3.884730935096740723e-01 -2.035404555499553680e-02
5.925973653793334961e-01 3.882331550121307373e-01 2.258999086916446686e-02
5.989316105842590332e-01 3.710733354091644287e-01 2.482198923826217651e-02
4.574199914932250977e-01 3.728893399238586426e-01 5.267538595944643021e-03
4.593642055988311768e-01 3.686676621437072754e-01 3.950601443648338318e-03
4.511659145355224609e-01 3.511798381805419922e-01 1.654083095490932465e-02
4.327181875705718994e-01 3.644298315048217773e-01 9.805284440517425537e-03
4.572056531906127930e-01 3.806784451007843018e-01 4.859413951635360718e-03
5.792669653892517090e-01 3.751149177551269531e-01 6.796555593609809875e-03
5.911396145820617676e-01 3.852970302104949951e-01 1.690164953470230103e-02
5.789709091186523438e-01 3.703772723674774170e-01 1.402873452752828598e-02
5.568919777870178223e-01 3.833029866218566895e-01 1.451470796018838882e-02
5.728141665458679199e-01 3.929528594017028809e-01 1.921465806663036346e-02
