-1.971652082348905599e-02 -2.868909284921811187e-01 -5.393770613305414185e-01
2.394599596794311225e-02 -5.060923771099870017e-01 -2.197455759826084654e-01
2.583979128809413273e-02 -3.197521868481755236e-01 -2.888988084691800351e-01
-3.566572063148706895e-02 -4.589582986264660880e-01 1.401855592547566198e-01
2.372999135213878230e-02 -5.424070328690213660e-01 -1.188597824255329949e-01
2.262003913385477599e-02 -5.325465856455025015e-01 2.447363096843756247e-02
2.500505412176601272e-02 -3.914734198289836486e-01 3.894388831713941901e-01
-4.694917514596834707e-01 -1.238225067526297907e-01 4.889413678807310593e-01
2.550195108594374704e-02 -3.746795776048537086e-01 6.668125306901293570e-01
2.445230320842272514e-02 -4.043320273254304986e-01 8.006209877554826271e-01
2.296261697900416066e-02 -3.919025562560852771e-01 1.271247063210147576e+00
-1.866681436035291103e-02 -2.730898568540721660e-01 -5.698220453003057795e-01
-1.664480038658285033e-02 -2.471160793830520230e-01 -5.969306108802479027e-01
-1.322173961375296136e-02 -2.112666062337771322e-01 -6.131513184205337197e-01
-1.619135079212358913e-02 -2.104577960793369007e-01 -6.518944953445682255e-01
-1.709242915352092440e-02 -2.140553428447866668e-01 -6.952911796495235830e-01
-1.909505856727995721e-02 -2.240272445982373073e-01 -7.452777435122543981e-01
-1.883965350319205534e-02 -2.117940730427566587e-01 -7.937335963991443144e-01
1.363933085201785023e-02 -1.436125262303821204e-01 -8.689197459920048328e-01
2.280541891699761070e-02 -4.643474466078261198e-01 -2.640805252442426365e-01
-4.407037489894774507e-02 -3.686736785207677114e-01 -2.440663195616981085e-01
-7.284098462816117614e-01 1.505960462335191874e-01 9.334051222292005789e-01
-2.789232905149952035e-01 -1.863954463978078069e-01 3.682287510969062261e-01
-3.503524398697213105e-01 -1.787751646580283404e-01 3.607334564790153353e-01
-4.168642645867708385e-01 -1.590537791332971018e-01 3.744243298258911334e-01
-4.981507182677773482e-01 -1.092802393839851227e-01 4.589907893548423878e-01
-2.159801928737060672e-01 -1.816153943447236241e-01 3.958492946049558814e-01
-3.797156120903080190e-01 -2.425574486004996588e-01 7.050356930901398034e-01
-2.981395535241824213e-01 -2.418284601337410411e-01 6.894209427093396236e-01
-4.518768600705183047e-01 -2.166005222161474508e-01 6.883138633138308204e-01
-4.976071934766008731e-01 -1.833121659913381496e-01 6.474897604660014849e-01
-5.581060010062151022e-01 -6.495493699477597471e-02 4.009541599209829332e-01
-2.436422254259325570e-01 -2.855884756950084757e-02 -9.783940089709919352e-01
-4.923349833590813240e-01 -1.058223726541897836e-01 5.324670948357532740e-01
-7.514827715875205261e-01 2.331073131591645531e-01 5.067253294319895573e-01
-6.343627059962442249e-01 -4.262263665222259731e-03 4.948512315556453656e-01
-3.263577289945820414e-01 -1.953646203461195663e-01 -4.883639981753107318e-02
-9.796206472715737745e-02 -2.799219394667225025e-01 -5.144740350934312589e-01
-8.537189798765087989e-02 -2.371059639071032565e-01 -5.865568281663804395e-01
-1.674613477623740354e-01 -2.354237041822062615e-01 -5.311582559905930756e-01
-2.143660399639696346e-01 -1.812573390631962988e-01 -5.473371006489116120e-01
-1.425192374961963271e-01 -2.088654795520237251e-01 -5.802972231995970898e-01
-1.872358492642839933e-01 -1.604169462454223538e-01 -5.764185851622476431e-01
-3.134750662468046567e-01 -5.899623508827939178e-02 -6.614631343040859868e-01
-3.538265095033339691e-02 -4.986001695366522046e-01 -2.124745039911549727e-01
-4.583596421795649301e-02 -5.322631028622958338e-01 -1.142069677161476615e-01
-5.904263121430652905e-01 -1.733962269884526952e-01 7.349991512951392636e-01
-1.832887088468448389e-01 -2.399778829535192948e-01 1.968677454623057876e-01
-1.965545507052627872e-01 -3.316240608200790030e-01 -1.465983392401228880e-01
-2.020445865183667644e-01 -3.182560601611115203e-01 -8.706208391139924618e-02
-5.312940756189497016e-01 -1.076569579575490654e-01 -8.254168697203453919e-03
-4.137639333829844224e-02 -5.097584854018293310e-01 1.994978100265133725e-02
-4.313507946372021618e-01 -3.027668476760722038e-01 8.268433580024332485e-01
-5.254230781004773920e-01 -2.449826194206405905e-01 7.997303061794622803e-01
-6.588623102173372104e-01 -4.289202561504407846e-03 1.084186602946547007e+00
-1.250002747542304227e-01 -3.551360931592245640e-01 7.075896580483962417e-01
-2.258849025666666011e-01 -2.182012390659114898e-01 6.369679766891971351e-01
-3.689394825688929735e-01 -5.091688556875947902e-02 -5.568431762130490181e-01
-6.650697941714023287e-01 5.322375685956123315e-01 -4.011329180603183664e-01
-1.441139246281204489e-01 -2.987920859410458929e-01 -2.044515493721973387e-01
-8.955637367643221047e-02 -2.999116607667960954e-01 -2.371545953780868077e-01
-2.709683371946937647e-01 -6.235453354817058202e-02 -5.731306330161758389e-01
-2.558844498288511682e-01 -8.083324421670634585e-02 -5.791422075367138600e-01
-5.600544008629839698e-01 -2.205965523622870350e-01 8.708532170785612259e-01
-2.007635285085646037e-01 -2.878701973822339610e-01 -1.838159983771214812e-01
-3.017874095856236671e-01 -3.411501022325311716e-01 8.061409629386342424e-01
-3.124712958856195044e-01 -3.649537184078693874e-01 8.855479021407728357e-01
-3.784394648574409548e-01 -2.935180868275889532e-01 1.258809833113244903e+00
-6.083733684841203804e-01 -1.283529603833594712e-01 9.641753957342569237e-01
-3.371844861648762848e-01 -3.328727258003228995e-01 1.063088919531227639e+00
-6.283172122040114882e-01 -1.210044246699117920e-01 7.920209732786385182e-01
-6.774929467077577261e-01 7.948013445181721648e-03 8.442886019645052809e-01
-9.370012774009167655e-02 -2.655348732355750085e-01 -5.562991557096963469e-01
-1.554541229529824986e-01 -2.247029992270769272e-01 -5.580566737654817366e-01
-2.017604478568040260e-01 -1.761213771843624931e-01 -5.627324569453964198e-01
-1.282420422865130916e-01 -2.813782062296239506e-01 -2.212406790551399993e-01
-2.631449402766868895e-01 -7.181183431736909428e-02 -5.762202004702690061e-01
-2.349420142648812604e-01 -1.136519606597400922e-01 -6.138573393792847721e-01
-2.471095005132207811e-01 -8.351787447729813740e-02 -5.815659864069786522e-01
-1.123060227771730257e-01 -4.000211607772596878e-01 -1.890654097219695018e-01
-1.760553873122992496e-01 -1.469385653346013676e-01 -5.868215036841235577e-01
-1.306263495207696801e-01 -1.785910340421876796e-01 -5.937815309497669336e-01
-7.648918384409700288e-02 -2.040779137096102591e-01 -6.037914418052465759e-01
-8.020386843907018060e-02 -1.376593068034487333e-01 -8.604161743992395639e-01
-9.978370944081571547e-02 -2.073362972255101688e-01 -7.794646304256973579e-01
-9.661780836515643234e-02 -2.193514183761928749e-01 -7.303874486014669820e-01
-8.853251366839082204e-02 -2.080609177477584781e-01 -6.806464592382419632e-01
-7.941700860841133247e-02 -2.043222346259639943e-01 -6.401955665809531126e-01
-1.757455680264836673e-01 -1.492455477770848749e-01 -6.109757267201116893e-01
-1.900518826047179477e-01 -1.563580427691911856e-01 -6.291583589896281303e-01
-2.045372904415714843e-01 -1.636769751690483332e-01 -6.528132589568134136e-01
-2.146892384394877840e-01 -1.486066912701591303e-01 -6.787386603872287427e-01
-2.807893240220228348e-01 -1.724686902953271872e-01 -4.166905991352167771e-01
-7.438916271242226319e-01 5.651269715288353979e-01 1.155000235042384082e-01
2.659321389874250152e-02 -3.705574223789512844e-01 -2.734637903390523261e-01
-2.080399235743138897e-01 -1.124923865297724757e-01 -5.969044713345019737e-01
-2.215367848047146149e-01 -1.165648827307825541e-01 -6.049839053344296946e-01
-6.706636265390267249e-02 -3.002815565572792833e-01 -2.771033274738395891e-01
-1.763293098847703022e-01 -2.307733414087300705e-01 -2.366346094839519854e-01
-7.794213776134939486e-02 -3.013548372770433748e-01 -2.576160899576693808e-01
-2.557784386962437262e-01 -2.080846457174579944e-01 1.466163353493710741e-01
-3.697645446630801747e-01 -1.773985101905563022e-01 8.913267938088026421e-02
-2.134808856911016295e-01 -2.736263955587485697e-01 -1.246408954701470895e-01
-5.484135678309023376e-01 -1.601243939821739293e-01 1.196198212915074777e+00
-5.001028503150168891e-01 -2.388552138691304449e-01 1.042227746226618512e+00
-4.533053068653991602e-01 -3.009016363805838701e-01 9.073326324410670995e-01
-2.497127025578990134e-01 -9.064995164655686999e-02 -7.425248920589850865e-01
-1.446548082356185483e-01 -3.972904315396827979e-01 8.415013069064123385e-01
-1.682335926736115983e-01 -3.850051081426391075e-01 1.049968178308743338e+00
-1.947426704472896009e-01 -3.697373716973726410e-01 1.279047603201957983e+00
-4.703121131159477830e-01 -1.314079547146829730e-01 4.063689359256864586e-01
-6.360304058434029795e-01 -1.572707326382943860e-02 3.411612005884044896e-01
-1.741095337075319049e-01 -1.765021297073366968e-01 4.230389121411398667e-01
-5.613029822679886927e-01 -1.207364676831035044e-01 6.074398388650155134e-01
-1.347535197172561316e-01 -2.734449587202532062e-01 2.558091405032129062e-01
-1.558127154639027956e-01 -4.045505241605293900e-01 -1.222361052609763077e-01
-6.981447280306123382e-01 6.777652895296831792e-02 2.844820608359340808e-01
-5.924277483907331998e-01 -6.946270283606550966e-02 2.568019755635694290e-01
-5.059131506305714066e-01 -1.291789944303285698e-01 2.045731437888689275e-01
-3.718038266316612273e-01 -1.637658332950866491e-01 2.081040142315810915e-01
-2.721371033509523696e-01 -1.858216057436853363e-01 2.408695274913854600e-01
-1.975538774422984645e-01 -2.104947240831517297e-01 2.805745798690634230e-01
-4.119586112289433388e-02 -3.616881827000818506e-01 3.728582049515183350e-01
-6.849803100851605819e-01 7.500281994593449575e-02 6.999666024019152166e-02
-6.172579461150968783e-01 -8.952394686321832329e-02 6.292607353801049630e-01
-1.405515814132760402e-02 -4.602065437388767055e-01 -2.581120897279615134e-01
-1.780824340943071848e-01 -2.557268427999123128e-01 8.826520877793092579e-02
-7.704891807290146222e-01 4.542041099985734132e-01 5.538648611607464023e-01
-1.394508906560097405e-01 -2.279459556463265812e-01 3.269226404436432754e-01
-2.177536217482774483e-01 -2.055051782860163323e-01 -1.189171885212147728e-01
-5.201894339511548004e-01 -9.230261088971444816e-02 5.326371154212800052e-01
-1.595488181868677247e-01 -3.873494803129412523e-01 -5.007398882348465530e-02
-7.131512766199574749e-01 5.665543052142776315e-01 -1.337983003850705954e-01
-1.701654759506220915e-01 -1.649828547736551521e-01 4.630817715784483202e-01
-1.032531200821178718e-01 -4.630306095076641704e-01 -4.848941625510611031e-03
-5.327186592693082812e-01 2.028612814611862047e-01 -7.070549071786771389e-01
-5.259829721481041886e-01 3.392598459746738460e-01 -7.991483439681859036e-01
-7.391976446215542396e-01 3.220282225826575084e-01 8.782719844045422386e-02
-6.128492470138446890e-01 2.713501831989265645e-01 -5.542614519592667932e-01
-7.173154190298418609e-01 1.379395663157209073e-01 6.929813407299745265e-01
-2.565312994596966045e-01 2.362176761206084136e-02 -1.066508803258234384e+00
-2.301642133010727009e-03 -3.653698399601998936e-01 -2.677133555379263008e-01
-2.410358771056729243e-01 -2.193867333565566735e-01 2.203636044576947478e-02
-6.940915691794611320e-01 6.639202675706259993e-02 4.910032788698218686e-01
-4.055641739969590986e-01 -1.599887583232265653e-01 4.317977915975586001e-01
-3.468534785649521890e-01 -1.767135550236490493e-01 4.172821166257131287e-01
-2.460403884973252353e-01 -1.002331805434112655e-01 -6.242271302628976670e-01
-6.682181914800313649e-01 1.239114659201538127e-01 -1.287332095827274647e-01
-1.260183606591581684e-01 5.586723624445967540e-02 -1.195338761474407097e+00
-3.342382937595862469e-01 1.818508856226862536e-01 -1.046864728623398744e+00
-4.235120815393496052e-01 2.521031495343707407e-01 -9.471152257076802528e-01
2.356235993530220868e-02 -4.027644418507219104e-01 1.031664992424355054e+00
2.074235651110835355e-02 3.456204032792534186e-02 -1.216843642966426664e+00
-2.867032707207040065e-01 -1.813982397886536591e-01 4.246844066836016340e-01
-2.277139541746561746e-01 -1.756621904203578000e-01 4.436084322800026847e-01
-1.885791706853064964e-01 -1.643556503435046334e-01 4.543402149248989552e-01
-6.654396738901537933e-01 -2.295147316433085449e-02 6.637451594389087717e-01
-2.410319975918941982e-01 -1.978761553632923942e-01 5.595014595688543313e-01
-3.060993336427415556e-01 -2.112304894220807805e-01 6.019531266947302228e-01
-3.682992343026731952e-01 -2.078816996759869085e-01 6.123109103611905635e-01
-4.268830352586772126e-01 -1.885974387755050552e-01 5.972740089801664709e-01
-4.616176152908724184e-01 -1.633309676282274081e-01 5.701654987080750914e-01
-7.618377013098907025e-01 3.151755280163465178e-01 7.678882368331101382e-01
-4.439686103712647824e-01 -1.403387754951316291e-01 4.586701867727098758e-01
2.284608508485026779e-02 -2.953349973104073545e-01 -3.670227007803120722e-01
-2.079043312456906878e-01 -2.189765314488770764e-01 -3.771757857300293004e-01
-1.435928199848910403e-01 -3.265804394665633437e-01 -1.921988508774314930e-01
-7.594804702600344015e-02 -2.871741632278924650e-01 -3.663567047280728017e-01
2.535984343222733722e-02 -3.573266270574065873e-01 5.317385664086017316e-01
-4.420271888633691137e-01 1.516100048533962630e-01 -8.484367347787056257e-01
-3.538193742011488396e-01 9.285930715259074764e-02 -9.589231751113995728e-01
-1.342985643750135294e-01 -3.861631305128496172e-02 -1.145691360583504625e+00
-6.008156827810069434e-01 4.454719628836623091e-01 -6.264786827965371785e-01
-1.928229331585652462e-01 -1.790969842398416612e-01 4.999101214500918378e-01
-8.821126300660939168e-02 -3.631301832393035722e-01 2.069711743818152261e-01
1.525262148309165094e-02 -5.765808676522543585e-02 -1.165450105551100624e+00
-2.387449832961939800e-01 1.066013933099440592e-01 -1.134644177637647022e+00
-7.143578872514235734e-01 3.402942175163906624e-01 -1.359201084033906937e-01
-1.322525642768793142e-01 -1.803498812889838820e-01 -6.247236775932436537e-01
-1.468630543384181752e-01 -1.869039412992650195e-01 -6.552653457992807517e-01
-1.587341126393698731e-01 -1.953090010924188880e-01 -6.942758983860535249e-01
-1.657838876177552545e-01 -1.819709872349750679e-01 -7.380399066976872646e-01
-1.753358184411655252e-01 -1.225234257237879931e-01 -8.122866078693311565e-01
-2.233544478588338489e-01 -1.175312828471765103e-01 -5.747813419412082236e-01
-2.369009606830167480e-01 -1.188998372180489205e-01 -5.671728011634042943e-01
-2.482799981976896997e-01 -1.203956219724632848e-01 -5.588098500156080117e-01
-3.393162757826322373e-01 -1.125482693961118441e-01 -4.771418923092853870e-01
-5.827349223532656275e-01 -6.206559534420424962e-03 -2.089145015424634932e-01
-8.674771234127082176e-02 -3.132227429722279632e-01 3.216299732488260288e-01
-1.216556264300184820e-01 -2.204955867885014520e-01 5.427185658063304885e-01
-1.647436017213772530e-01 -1.950676820341107343e-01 5.374068993012750539e-01
-2.095095126909362060e-01 -1.109230202329164749e-01 -5.817894748081733347e-01
-5.873002425002344928e-01 1.257487994852177493e-01 -4.334192466207776873e-01
-6.474816010395076371e-02 -3.091186429950033565e-01 5.296574854635341945e-01
-2.122753869884009825e-01 -7.124211532236846001e-02 -8.924569369778792005e-01
2.340649392153930364e-02 -4.839724540548184795e-01 1.489254671706041755e-01
-3.983412723267676370e-02 -4.163969877921399609e-01 2.498266425279326297e-01
2.441091558964514352e-02 -4.354884188516370269e-01 2.646955584090434632e-01
-1.377839929024170518e-01 -3.402417067150770302e-01 4.864824771324934016e-02
1.330427798716676824e-02 -1.079577628377459408e-01 -1.077087649681921722e+00
1.358110457980966565e-02 -1.242261604343282422e-01 -9.666004836234471931e-01
-1.024184929819188794e-01 -1.072902148728011040e-01 -9.543107111150033184e-01
-3.729888666518055285e-01 -1.330922991648108428e-02 -6.902484667073787161e-01
-2.795434234263591833e-01 -1.782354702728612406e-01 -1.896587558867181000e-01
-2.997420281257863195e-01 -3.772884917919204495e-02 -8.056208774404196582e-01
-4.371827678482969048e-01 -1.511359697882765918e-01 -1.543495167375779076e-01
-3.459665970385592537e-01 -1.528245240681530559e-01 -2.800926544117660066e-01
-4.955175596751786316e-01 -7.517019559313903310e-02 -3.020735114498623863e-01
-1.255463102948863319e-01 -8.677861344529788634e-02 -1.059509416312014674e+00
-1.790482857019019547e-01 -2.831224958721961782e-01 9.622176326627984722e-04
-4.248534842847100368e-01 6.075087862675504491e-02 -7.518559390996624181e-01
-3.357855409164038907e-01 2.644877575721797658e-02 -8.704209617372271612e-01
-4.297927295722343555e-01 -1.967858509471302753e-02 -5.605932456685138732e-01
-6.479847428750211691e-01 1.704669812851805633e-01 -2.969314696596357939e-01
-5.080512607732461383e-01 4.905016005004149415e-02 -5.619233155668026392e-01
-6.780065484981430135e-01 3.371382938965524767e-01 -3.479302482542543373e-01
-4.037565169237768981e-01 -1.017118369349109264e-01 -3.959593374018096634e-01
-1.318610393639714218e-01 -3.065068626513287597e-01 1.495207842891894678e-01
-1.339699234109792414e-01 -4.147914126776551802e-01 -1.725104350562276512e-01
-1.745807391237108597e-01 -3.346191625533905256e-01 -1.830252069503938150e-01
-1.049124388699740618e-01 -4.714262047099566644e-01 -1.145597424485980398e-01
-1.789612176268426946e-01 -2.532951242771912526e-01 6.498093207819162220e-01
-2.962445829204674030e-01 -2.705237012141288311e-01 7.287170841832768531e-01
-3.973098782163457798e-01 -2.652134816831316355e-01 7.455292672562481293e-01
-4.794202293130098713e-01 -2.339742289807735798e-01 7.268309676521913509e-01
-5.347256610641692998e-01 -1.864281194336826486e-01 6.826558845379409046e-01
-5.690518608864418848e-01 -5.973913533498423356e-02 5.128141820454796829e-01
-7.557601892520411369e-01 2.795732154730987684e-01 3.008133096461569345e-01
-5.224482603872475650e-01 -9.552834519378777811e-02 3.471833307479391673e-01
-4.545394833247276001e-01 -1.335002075971372659e-01 3.035215264229421672e-01
-3.625229165635095452e-01 -1.629108997691992577e-01 2.920460985221138284e-01
-2.733333686123418649e-01 -1.807374456442670807e-01 3.095980717752291334e-01
-2.025467298292368268e-01 -1.865757701268645485e-01 3.411241666797908412e-01
-1.534434620237961622e-01 -1.955706765463162133e-01 3.709443268777177227e-01
-7.601855849948726540e-01 5.309888872016899075e-01 3.414045132162820684e-01
-1.741934438972216892e-01 -2.973663297580535492e-01 -2.040282836125213439e-01
-8.897752427030539146e-02 -4.045656820920023877e-01 1.043534300922298319e-01
-8.653701545687050856e-02 -4.670348965750991121e-01 -1.905584372805338988e-01
-5.133656638609915279e-02 -4.326828229087084088e-01 -2.360953205383873321e-01
-8.673587736885723931e-02 -4.318705735558925340e-01 -2.013429300165907598e-01
-1.558016543476027915e-01 -2.702787139035162101e-01 -2.307387388879065249e-01
-3.704210887686941456e-02 -4.499841333915000074e-01 -2.490334507411140486e-01
-2.685136581102777475e-02 -3.660826351962812586e-01 -2.598816116292527179e-01
-1.473403811873711944e-01 -1.733753398172220850e-01 4.577026324162297710e-01
-1.146628349260263857e-01 -2.106052493027043004e-01 4.260763038224533172e-01
-9.581532281324658951e-02 -2.555821058343785701e-01 4.015947336971528170e-01
-4.796207854430392103e-01 -1.377896566651488630e-01 5.490883908781645228e-01
-5.236701271657253631e-01 -1.387698804799070151e-01 5.991351834973834833e-01
8.261945134152554049e-02 -4.585400313856474730e-01 1.350419305333438458e-01
5.018910278896500099e-01 -1.344751932498313152e-01 4.509500944293787228e-01
9.409571937616600934e-02 -3.727168347762866984e-01 -2.502231020058965916e-01
7.384070750120295124e-01 1.293599479324138990e-01 8.557548077687748833e-01
3.062657762423284247e-01 -1.892467089633506072e-01 3.521955888694364711e-01
3.739764198247736982e-01 -1.841810133852083142e-01 3.403518627676760389e-01
4.383967119066527474e-01 -1.670153926085786722e-01 3.445057967454967507e-01
5.237416280779003674e-01 -1.196928871045991327e-01 4.149388953395981572e-01
2.502581852357324554e-01 -1.839945348157262517e-01 3.814821187935193425e-01
4.101812864713367812e-01 -2.512968964037876063e-01 6.726655227002429349e-01
3.302327903355537497e-01 -2.488168885745380976e-01 6.606085848108264047e-01
4.823010220171890516e-01 -2.290094989764168698e-01 6.527494811644557471e-01
5.268210780783606495e-01 -1.981793467312652490e-01 6.072568474888554446e-01
5.739556972568033988e-01 -7.831097345623519446e-02 3.490650121441927212e-01
2.681525358927757674e-01 -4.002939671774402575e-02 -9.907874452865135240e-01
5.262221597233562864e-01 -1.171434572587438105e-01 4.901810829281353366e-01
7.754103685112134769e-01 2.134544166034214596e-01 4.318851853832793575e-01
6.455660215419216641e-01 -2.086514208206984022e-02 4.316811212562884359e-01
3.602528935560047607e-01 -2.044438939133161881e-01 -8.039986975442767192e-02
6.163101759816769221e-02 -2.798918316580002452e-01 -5.215849197454712760e-01
5.611244498320303031e-02 -2.358523755432565538e-01 -5.930286294035893579e-01
1.414492481284559400e-01 -2.334291398106255189e-01 -5.453309488965325524e-01
1.975592161960810778e-01 -1.778709761015792035e-01 -5.663051604915638748e-01
1.205538742134088237e-01 -2.058745303665908688e-01 -5.924072212277609051e-01
1.741041004519665036e-01 -1.577624480433994503e-01 -5.930923921041693081e-01
3.300161730800366122e-01 -6.609037422739486023e-02 -6.816211725784013797e-01
8.113790267871984208e-02 -5.020849318219506863e-01 -2.179086225056152681e-01
8.996830625547400095e-02 -5.361167859543434222e-01 -1.206238644546712424e-01
6.086540030167046922e-01 -1.894923460256441317e-01 6.874394581567209173e-01
2.241531825575306391e-01 -2.421041838893902565e-01 1.781667521342827909e-01
2.390919787944278951e-01 -3.390622227192381377e-01 -1.641772746167718955e-01
2.431345139981428427e-01 -3.256352882304035523e-01 -1.052686411882717832e-01
5.562366973966141881e-01 -1.198988123507441772e-01 -5.876646460204365541e-02
8.649514289887058616e-02 -5.104895363949006892e-01 1.456613656655960515e-02
4.649754081280139673e-01 -3.182092768261765015e-01 7.904389173812278457e-01
5.519632083536416545e-01 -2.615816347544988041e-01 7.591564765794680536e-01
6.732745893205098753e-01 -2.507116866187936166e-02 1.011358733366653828e+00
1.736377389981207386e-01 -3.589994341125778421e-01 6.878772756147126799e-01
2.624743157857606368e-01 -2.216609796322256409e-01 6.113659671161010278e-01
3.844710573308913748e-01 -5.826093615692329308e-02 -5.817930121786423214e-01
7.096421008991633528e-01 5.111169372561286117e-01 -4.561750012137050225e-01
1.902501706205479981e-01 -3.064117483075798898e-01 -2.177588389141632552e-01
1.386346678315280023e-01 -3.090709105940903090e-01 -2.470401130424055847e-01
2.793661605784337199e-01 -5.796388474356795051e-02 -5.962176802376759621e-01
2.609660435786909094e-01 -7.872184978432630875e-02 -6.003692105848170701e-01
5.838373590366818799e-01 -2.378438557286037813e-01 8.211097348308500354e-01
2.415703496980323717e-01 -2.964715311973931122e-01 -2.014691534610546508e-01
3.441572655965068339e-01 -3.544084797100077733e-01 7.750974573516671295e-01
3.549398912514110105e-01 -3.789328342468536448e-01 8.487167441956624536e-01
4.092514472279327187e-01 -3.074912115187123929e-01 1.212040248353644323e+00
6.292625695025304555e-01 -1.457267162557549511e-01 9.031864962132780672e-01
3.735464321963366530e-01 -3.446507004629453252e-01 1.024687691531186218e+00
6.451826535558551345e-01 -1.372522617171682835e-01 7.306029992608258361e-01
6.965176894164761823e-01 -9.600831783877199904e-03 7.772158320206581372e-01
5.940726668397448840e-02 -2.647760797473369676e-01 -5.631317045612937999e-01
1.308910418166404355e-01 -2.222068044077817328e-01 -5.714297118161488775e-01
1.857673450271299931e-01 -1.734766194011122531e-01 -5.805606113446779570e-01
1.752835602971288820e-01 -2.898989039125489109e-01 -2.332396439569179858e-01
2.699418984335802407e-01 -6.929631102010647137e-02 -5.985002730384978431e-01
2.293944319133681131e-01 -1.123598746088968481e-01 -6.365529662137070499e-01
2.516730796856255226e-01 -8.082223709780575471e-02 -6.014487477877983324e-01
1.563806631857031504e-01 -4.024732511429846005e-01 -2.007512446146759721e-01
1.649272519670570425e-01 -1.439748388394754830e-01 -6.016879170511957309e-01
1.136279474989427829e-01 -1.749574655427956760e-01 -6.041170934802477799e-01
5.372462564043352373e-02 -2.011203777284247263e-01 -6.092697311166943575e-01
1.028529605308977635e-01 -1.408364581365308954e-01 -8.669763345906973395e-01
6.433376992907596792e-02 -2.068486801097170202e-01 -7.869263439517086844e-01
6.016357567708408016e-02 -2.174122027831864035e-01 -7.375152829063658100e-01
5.661583173044830442e-02 -2.053760708727651041e-01 -6.877672352264427857e-01
5.035780604291618945e-02 -2.008750396910855551e-01 -6.468273412739171668e-01
1.608012467860827077e-01 -1.458883677107428722e-01 -6.284808556582366368e-01
1.734041277012579041e-01 -1.551050177771280403e-01 -6.478797068053310237e-01
1.855420024604825247e-01 -1.632345617069269617e-01 -6.726661904374946488e-01
1.979272491761935870e-01 -1.483891097939409320e-01 -6.991187161467236066e-01
3.049163010879432090e-01 -1.796578978408384097e-01 -4.389825314041835291e-01
7.826669908496926009e-01 5.424723789407710495e-01 4.262145148252460825e-02
2.028203709560537638e-01 -1.080484397039060407e-01 -6.170519248959824843e-01
2.153622314372248825e-01 -1.143843532368455096e-01 -6.268220195183755727e-01
1.165232937232494881e-01 -3.052894458664819899e-01 -2.848570920877052659e-01
2.204247792413941420e-01 -2.415623679412429725e-01 -2.525093944211042052e-01
1.273203784136078542e-01 -3.088518387374354912e-01 -2.668391018333202691e-01
2.933987549480661094e-01 -2.115547643923616494e-01 1.212369008500192580e-01
4.026160054332303950e-01 -1.851865113319257627e-01 5.264038197635374783e-02
2.548391543918678281e-01 -2.818117112926802337e-01 -1.438764664606622112e-01
5.700995587762882622e-01 -1.800068202518634308e-01 1.132283207041304252e+00
5.276362015725608590e-01 -2.554806819214123781e-01 9.892154508730717222e-01
4.869108665417027915e-01 -3.170158270768964615e-01 8.640971666023329334e-01
2.652176623601809613e-01 -9.551506654747188296e-02 -7.587956020426145365e-01
1.957475627315183875e-01 -4.034094232933774782e-01 8.113774226000662892e-01
2.099271692235061826e-01 -3.918943716278601164e-01 1.028834875391388071e+00
2.328240759148046402e-01 -3.792664724318240976e-01 1.252840816487148068e+00
4.927448695405973744e-01 -1.413069842756552452e-01 3.677481175406408509e-01
6.436051155732247508e-01 -3.333957087091111993e-02 2.805154626128921747e-01
2.135237404044885712e-01 -1.761034400972326663e-01 4.097961800378659980e-01
5.844383726565118842e-01 -1.354914707952660502e-01 5.591136507838676550e-01
1.781033048962813448e-01 -2.742243972353917147e-01 2.415838560538036139e-01
1.984320553123453124e-01 -4.106482031423257517e-01 -1.379883466999428654e-01
7.233905739147625802e-01 4.939944837432154456e-02 2.161773441983937394e-01
5.996120840927277040e-01 -8.429420633821438358e-02 2.025415916560904250e-01
5.152563948272859129e-01 -1.412685165229969897e-01 1.597882986353569290e-01
3.886290650896628840e-01 -1.708382360214738549e-01 1.778209367902418570e-01
2.953163806027083726e-01 -1.900308618243468084e-01 2.212544730806885740e-01
2.259920393501339553e-01 -2.134747144814198583e-01 2.669368863263197333e-01
9.023628735282221425e-02 -3.621377479592334803e-01 3.665568888727219754e-01
7.128159032938032880e-01 5.866705112366861485e-02 4.942981955186338816e-03
6.317171722457690652e-01 -1.052816806310687137e-01 5.715657822293588319e-01
5.842669314658031909e-02 -4.610291412059752680e-01 -2.610787960685553299e-01
2.203150011513415052e-01 -2.582272139841860215e-01 7.069265602722976660e-02
7.953841352318957725e-01 4.340579732340902330e-01 4.748223653108387676e-01
1.747388661410209654e-01 -2.290993334558162342e-01 3.185341561145267342e-01
2.629347338619388297e-01 -2.138178795736443982e-01 -1.388635453653157548e-01
5.505241542805809907e-01 -1.039518499783280703e-01 4.857961251728780683e-01
2.006267306324092670e-01 -3.935172524508578906e-01 -6.560382980303366973e-02
7.570599082141966640e-01 5.429140214798007236e-01 -1.983550543300030000e-01
2.135449222223352872e-01 -1.628676521936575083e-01 4.490374216284411801e-01
1.447811952646714806e-01 -4.663593305453499482e-01 -1.571180744021339476e-02
5.616269464472478656e-01 1.829305004079424535e-01 -7.423480323378406354e-01
5.622635302364935583e-01 3.179988664037640689e-01 -8.304830949126751349e-01
7.783614835411032384e-01 3.022214913015522919e-01 1.812736845818661846e-02
6.454556927534464972e-01 2.508585277160479965e-01 -6.007052230384801739e-01
7.393407119229300495e-01 1.196130628688638897e-01 6.210073605903139171e-01
2.843854494843642833e-01 1.172899881498349825e-02 -1.076251060314418861e+00
5.597193805270872513e-02 -3.672254718656188244e-01 -2.703961461990724846e-01
2.797292472255832330e-01 -2.252548171473808258e-01 -1.564380971086062888e-03
6.981884666838475972e-01 4.922814886290016734e-02 4.167101953716814133e-01
4.357989763850125264e-01 -1.681232638851364314e-01 4.042792213038094440e-01
3.776017517893393016e-01 -1.823793802817730292e-01 3.963936428216329189e-01
2.438163588720994590e-01 -9.853435570418639378e-02 -6.474267449994473012e-01
6.984151481471716494e-01 1.071050021126111751e-01 -1.886464810678302184e-01
1.643955258522176166e-01 4.964404731886472300e-02 -1.198011140805460784e+00
3.713890951502358817e-01 1.671288970328052015e-01 -1.058035533633935987e+00
4.606593590182705977e-01 2.344945094277905984e-01 -9.657258262282055750e-01
3.198952775020467154e-01 -1.852259939784839382e-01 4.066358594478463040e-01
2.657874696605621589e-01 -1.763890836222907765e-01 4.270434819622005440e-01
2.309460638607721550e-01 -1.628106871812103895e-01 4.385432632239951722e-01
6.747674655087791962e-01 -3.863174374001658584e-02 5.936456753786500951e-01
2.762913432473738107e-01 -1.991191712211040077e-01 5.306816674082046603e-01
3.356423057761785955e-01 -2.160772298259435731e-01 5.674050154521421696e-01
3.969783680347138688e-01 -2.155041421576178173e-01 5.755427749268196003e-01
4.562917140121958148e-01 -1.988959273016345231e-01 5.581755281184449524e-01
4.915543662574783923e-01 -1.746271295964910708e-01 5.291046107976833390e-01
7.787814531845926869e-01 2.939378927785138984e-01 6.887073314175535810e-01
4.752443665155070551e-01 -1.498406050483368501e-01 4.251995727962750715e-01
2.425155419192692730e-01 -2.245424970908053153e-01 -3.943286328238975180e-01
1.894537473189342736e-01 -3.340904303465049852e-01 -2.060862514771125698e-01
1.179074435052012149e-01 -2.898083471111587706e-01 -3.742496772048456988e-01
4.705078640444793070e-01 1.328390851809321815e-01 -8.734896155921072491e-01
3.813737163308670297e-01 7.612061146868026595e-02 -9.753524499859533847e-01
1.622802905337070722e-01 -4.547778851756700824e-02 -1.150652947200592191e+00
6.423953620445201906e-01 4.245548996173947875e-01 -6.699490111800625591e-01
2.332943646526223769e-01 -1.770954170381221493e-01 4.807426613482734812e-01
1.339576792071544009e-01 -3.647313911667611208e-01 1.967897932897103574e-01
2.756104149175533369e-01 9.592863036305096514e-02 -1.139844493980836759e+00
7.540478995503117066e-01 3.201227101777884831e-01 -1.999747922557623125e-01
1.099828848219156774e-01 -1.760954510053357458e-01 -6.369885494754481403e-01
1.217118768869639434e-01 -1.841138475650130335e-01 -6.685733288438469035e-01
1.302235979444485992e-01 -1.930033490736341450e-01 -7.081304667602901226e-01
1.387689561120771242e-01 -1.802159785083918830e-01 -7.514890525976989366e-01
1.918995775378429247e-01 -1.245139492417658422e-01 -8.232572960178092814e-01
2.185757647481108568e-01 -1.152608025802794312e-01 -5.936709026953805868e-01
2.318868793719414678e-01 -1.153706663650679864e-01 -5.870749611306937954e-01
2.433933090999294002e-01 -1.166951775354402310e-01 -5.795111724910861906e-01
3.556238911483058374e-01 -1.194436751763865157e-01 -5.016715919389347356e-01
6.058851677831991189e-01 -2.175753043148741239e-02 -2.602067180338304420e-01
1.336319310037930030e-01 -3.139734698115526079e-01 3.109318316873184163e-01
1.676889711422529516e-01 -2.225482588088588676e-01 5.258865398439951377e-01
2.056640419198667025e-01 -1.936484674998678601e-01 5.186813951854083449e-01
2.058948066135742883e-01 -1.065111198687875849e-01 -5.993623658388180786e-01
6.141555956164492791e-01 1.080410182759519999e-01 -4.796445214144753333e-01
1.084222120686286206e-01 -3.094060216612452008e-01 5.192037540677001406e-01
2.321415268634685614e-01 -7.943985061300323780e-02 -9.044548674995749327e-01
8.702713554887780978e-02 -4.180421635424230731e-01 2.440651225966000704e-01
1.806342865901171546e-01 -3.447243948554846726e-01 3.403538167685530441e-02
1.265296357509534675e-01 -1.134141530356527761e-01 -9.605392907233174515e-01
3.930684625865294990e-01 -2.501561911106396641e-02 -7.161134750457918141e-01
3.165476990809301672e-01 -1.885126132885794892e-01 -2.154623350766436962e-01
3.170776587559733795e-01 -4.921078890603294842e-02 -8.251744756482310983e-01
4.621932380619806491e-01 -1.646754294259613616e-01 -1.948383647896964055e-01
3.731530246902452497e-01 -1.630514676913129568e-01 -3.109032362136977534e-01
5.159770043269187312e-01 -8.864816367524053220e-02 -3.432282354923393841e-01
1.505787760262938257e-01 -9.298698488475942714e-02 -1.066188301980117936e+00
2.207477551841186547e-01 -2.887950325254647899e-01 -1.608316813332886369e-02
4.486424346890549586e-01 4.422820999278789800e-02 -7.791004679976247793e-01
3.596843235172451081e-01 1.104119490517973742e-02 -8.897663082078928198e-01
4.492077745296005897e-01 -2.925854229008049978e-02 -5.913380446595501994e-01
6.785053369192575179e-01 1.517566496814216626e-01 -3.517717540968509082e-01
5.294810511141079257e-01 3.370642008168578396e-02 -5.971321652165413330e-01
7.166550832246358915e-01 3.185216040126276349e-01 -4.049480679226818980e-01
4.224148496360118354e-01 -1.114030213017977444e-01 -4.282558429604630401e-01
1.759026875361259235e-01 -3.078270759225600894e-01 1.354172948396956677e-01
1.763209220384316378e-01 -4.193394822792555487e-01 -1.859324671272479801e-01
2.174855260661340828e-01 -3.431618862165798367e-01 -1.991492800528048557e-01
1.489082285701829877e-01 -4.765541034626101791e-01 -1.261592999571954365e-01
2.230235238006375020e-01 -2.569982429484087838e-01 6.278660926417678478e-01
3.353858977431407595e-01 -2.805207989904949795e-01 7.006413210719062423e-01
4.331288232728360832e-01 -2.783016188935248936e-01 7.123490120099080780e-01
5.109218157192407794e-01 -2.486737557961364864e-01 6.889868291376735066e-01
5.614798357146779662e-01 -2.019296415995726068e-01 6.396096621250253467e-01
5.897130054239860808e-01 -7.371891368550997914e-02 4.576878410173808032e-01
7.864983135374290502e-01 2.616827967593617910e-01 2.270559591731226012e-01
5.393997385509941012e-01 -1.072301537061468579e-01 3.009117004569240583e-01
4.716163499928835989e-01 -1.435616856591225288e-01 2.661342592775632898e-01
3.830527141872963615e-01 -1.696365689054557535e-01 2.670445427008265593e-01
2.988512887946424001e-01 -1.844403024073814068e-01 2.928174047624328979e-01
2.346155273407278252e-01 -1.897228578949775590e-01 3.276846604070646762e-01
1.903557915648856902e-01 -1.969565305359133323e-01 3.605366688922246876e-01
7.915674793979388113e-01 5.116471702110674258e-01 2.643987510510862338e-01
2.167027495458372921e-01 -3.063131871089094238e-01 -2.194086805865442802e-01
1.348997135466139530e-01 -4.058631420967677705e-01 9.431099544340076912e-02
1.298241063836909903e-01 -4.717062973739045706e-01 -2.001529347526954661e-01
9.440415376854904839e-02 -4.372998878312003290e-01 -2.424840950065961787e-01
1.297565422776922883e-01 -4.361771935393448096e-01 -2.111912604695161955e-01
1.992931452041047935e-01 -2.799953162835208120e-01 -2.443269956555382816e-01
8.047781241236062755e-02 -4.535985528424562041e-01 -2.541008067212195964e-01
7.813708443204683829e-02 -3.697488708004808000e-01 -2.641973398427801545e-01
1.901690838258133232e-01 -1.729683018863283905e-01 4.447315744604309895e-01
1.557669470228676967e-01 -2.112941658296725311e-01 4.164697009761855195e-01
1.348896955616663562e-01 -2.570648658221615923e-01 3.945284117135158253e-01
5.110166264526010416e-01 -1.495284433278292191e-01 5.074519982754432945e-01
5.522310093891689142e-01 -1.537007376274258652e-01 5.551005439577090250e-01
-3.544750043682218799e-01 -1.684013448137144930e-01 5.272272138930916840e-01
-2.843934376815120402e-01 -1.749320233671347591e-01 5.253977017898106006e-01
-3.536067135290710262e-01 -1.774600913333224117e-01 6.245124518697158233e-01
-4.255029759858635074e-01 -1.618135702937955056e-01 5.300242565037105447e-01
-3.559741008739423229e-01 -1.593453483291902284e-01 4.313056271560833377e-01
3.839214633656278242e-01 -1.753592936990010509e-01 4.946499871736403930e-01
4.525278981380604915e-01 -1.815756825285751441e-01 4.908324015264767803e-01
3.829317781206413862e-01 -1.845724023069355013e-01 5.920808368633572183e-01
3.147699323533994509e-01 -1.691702415276989946e-01 4.993763577188328195e-01
3.851699138165809444e-01 -1.661639948420845503e-01 3.971340093399253757e-01
