-2.067231081255145597e-02 -3.136545300843284201e-01 -5.789469150070903902e-01
2.594666355528740809e-02 -5.483629062283568167e-01 -2.380950237411901815e-01
2.818474010382263084e-02 -3.461168910976174518e-01 -3.124811847341136817e-01
-3.864556124209342358e-02 -4.973038739466112412e-01 1.518979434458417321e-01
2.571261193763212105e-02 -5.877246789281531658e-01 -1.287904163835521809e-01
2.450992415597482571e-02 -5.770403997294171194e-01 2.651838242330116502e-02
2.709420511670390663e-02 -4.241806909488471389e-01 4.219761693855264006e-01
-5.087173878010720074e-01 -1.341677718305719913e-01 5.301245741600562056e-01
2.763261739942637907e-02 -4.059837374968622292e-01 7.225241502349044609e-01
2.649527233488952610e-02 -4.381136241601635284e-01 8.675121900297289024e-01
2.488112408858510205e-02 -4.246456813592786039e-01 1.377458673630360675e+00
-1.941704083477713977e-02 -2.992733404967991007e-01 -6.108875248259433288e-01
-1.700521558716477227e-02 -2.716526542823834989e-01 -6.394090325997758839e-01
-1.306734477482043161e-02 -2.328479206271275581e-01 -6.567273177655057470e-01
-1.674292848924044397e-02 -2.293089893701414361e-01 -7.251722025023183971e-01
-1.764918281234677255e-02 -2.332563673085544798e-01 -7.714778269776407793e-01
-1.985276856771767129e-02 -2.439937968319411121e-01 -8.237059760081970605e-01
-1.957768459734815503e-02 -2.306262895106871991e-01 -8.732553203194721725e-01
1.540245526111166940e-02 -1.564861910191175376e-01 -9.490430890190724167e-01
2.471079226225858516e-02 -5.030275922272817724e-01 -2.859826978103828798e-01
-4.773436141174722258e-02 -3.991771144101726732e-01 -2.641474746425455100e-01
-7.892678691305665684e-01 1.631782177533402933e-01 1.011390325951988522e+00
-3.022270941001881095e-01 -2.019686273394522003e-01 4.016631201657121508e-01
-3.796240881040524595e-01 -1.937116775444530647e-01 3.936960414225637583e-01
-4.516929191809404553e-01 -1.723425870401640303e-01 4.082393095148137974e-01
-5.397707868999124248e-01 -1.184105103973709383e-01 4.982657925563016565e-01
-2.340251542095911352e-01 -1.967892060047049529e-01 4.311190053122953003e-01
-4.114405283783872935e-01 -2.628229170376278345e-01 7.610027518860313922e-01
-3.230488595325708978e-01 -2.620330222047717594e-01 7.441353592874726530e-01
-4.896307872249483495e-01 -2.346973115407519073e-01 7.430897298734009393e-01
-5.391818510749213367e-01 -1.986277414786019602e-01 6.992472792792099323e-01
-6.047352824948726280e-01 -7.038186698497964078e-02 4.354001980916697434e-01
-2.624517110272110432e-01 -3.084095760931776509e-02 -1.060348455177807514e+00
-5.334691522882351045e-01 -1.146637415698217033e-01 5.763081874484656808e-01
-8.142685177129072027e-01 2.525832308213404875e-01 5.490618006298995102e-01
-6.873631702995763870e-01 -4.618372010562636631e-03 5.362299179592441289e-01
-3.536246395525244335e-01 -2.116871681392268334e-01 -5.291663946712932276e-02
-1.055171438565057074e-01 -3.050505886745382700e-01 -5.531153852032489882e-01
-9.144880936039345709e-02 -2.598965061092152196e-01 -6.291492044617168489e-01
-1.817551783875967497e-01 -2.554817823489894391e-01 -5.705407958027882698e-01
-2.357072937446255123e-01 -1.949490011160213143e-01 -5.868075870679088091e-01
-1.543289451511887789e-01 -2.275538726109688215e-01 -6.228929031169483377e-01
-2.055926779941036897e-01 -1.728858953417637956e-01 -6.190014400536392181e-01
-3.413011155088587767e-01 -6.254062375402080765e-02 -7.194819779961085793e-01
-3.833884119254639400e-02 -5.402450564470526739e-01 -2.302173656026872406e-01
-4.966552002629714968e-02 -5.767332322008905665e-01 -1.237488624147089211e-01
-6.397559281256792740e-01 -1.878833342095515002e-01 7.962184596696491035e-01
-1.986023245096460443e-01 -2.600278308758086077e-01 2.133158791790410458e-01
-2.129765161673582985e-01 -3.593251135468676916e-01 -1.588459534003888729e-01
-2.189252398011459766e-01 -3.448460831817712346e-01 -9.433604694059904983e-02
-5.756832435559133820e-01 -1.166516054638120636e-01 -8.943797330939570744e-03
-4.483335565691813629e-02 -5.523483731009026787e-01 2.161656781785094295e-02
-4.673897864904186239e-01 -3.280627601734614762e-01 8.959254169980557236e-01
-5.693217291904362209e-01 -2.654507088162005868e-01 8.665465500976530233e-01
-7.139096956064960864e-01 -4.647561820162088991e-03 1.174769473280868448e+00
-1.354439413465372000e-01 -3.848074115554572794e-01 7.667081718864765527e-01
-2.447573939694275280e-01 -2.364317669212551154e-01 6.879063489555832245e-01
-4.060358938552550701e-01 -5.126605145949175713e-02 -5.984342550709687014e-01
-7.206358095629417093e-01 5.767055656671408181e-01 -4.346472320380906362e-01
-1.561423892160577198e-01 -3.235629040716064830e-01 -2.214485384772429954e-01
-9.695215056021089239e-02 -3.246276313504202760e-01 -2.567588486853458196e-01
-3.001797563120219281e-01 -6.349306584258498920e-02 -6.192797795201614441e-01
-2.828147200322466137e-01 -8.405849236470461228e-02 -6.280958189186016671e-01
-6.068464695017705690e-01 -2.390272066053578115e-01 9.436122623517673169e-01
-2.175371504846840276e-01 -3.118590449707494550e-01 -1.991572236811058882e-01
-3.270014908639651274e-01 -3.696529029875939010e-01 8.734933544424561269e-01
-3.385780067733490384e-01 -3.954452910397560084e-01 9.595346780455156210e-01
-4.100577601300947617e-01 -3.180412732259080277e-01 1.363982323541768071e+00
-6.592024457527823067e-01 -1.390767410071616639e-01 1.044731429625800345e+00
-3.653559630718505868e-01 -3.606839587977389572e-01 1.151909094169956127e+00
-6.808125806451459372e-01 -1.311142413877641744e-01 8.581936516611432531e-01
-7.340969059227819837e-01 8.612063686413783115e-03 9.148281984472823591e-01
-1.007256963629421520e-01 -2.901107894169698831e-01 -5.972241588253224265e-01
-1.685741490262717135e-01 -2.442853590973580458e-01 -5.990633775927300952e-01
-2.216114165662479429e-01 -1.897191080181878098e-01 -6.037477101376835797e-01
-1.389002246154312226e-01 -3.046330485399875165e-01 -2.396237065818105361e-01
-2.912342854546847715e-01 -7.398818054507907971e-02 -6.237291464779919359e-01
-2.564825297249514469e-01 -1.215817661347812773e-01 -6.735596692131238239e-01
-2.727266672505058720e-01 -8.730651744547160420e-02 -6.317709753137799034e-01
-1.216890954184042528e-01 -4.333391042345771105e-01 -2.047924309270344745e-01
-1.931398523811608814e-01 -1.583742064116512305e-01 -6.306863463947864901e-01
-1.414775665097863788e-01 -1.947591479247415824e-01 -6.376686311659225392e-01
-8.166962879978742484e-02 -2.242695665932082916e-01 -6.476392071986734056e-01
-8.545803934169851623e-02 -1.497810064027002008e-01 -9.394359257603379643e-01
-1.066190936211129925e-01 -2.254975172742026412e-01 -8.579923503138418006e-01
-1.032397985993734890e-01 -2.386037403172556193e-01 -8.075516668131403897e-01
-9.449440365236100314e-02 -2.264124024123503887e-01 -7.549586683126232600e-01
-8.479813892783560902e-02 -2.223299866978097894e-01 -7.116744980974210044e-01
-1.900009008457504978e-01 -1.613706404725259169e-01 -6.763088226824540694e-01
-2.050153878665883500e-01 -1.691998028850344449e-01 -6.959727198194061160e-01
-2.201055483003729329e-01 -1.773025656373370396e-01 -7.210683654867504622e-01
-2.305456077943991988e-01 -1.610615764813081441e-01 -7.484310480932168108e-01
-3.062874322387774129e-01 -1.856131404553842401e-01 -4.482200643517129102e-01
-8.060431395890466089e-01 6.123428491304760968e-01 1.251499513640325356e-01
2.885955649449874205e-02 -4.012140445669839517e-01 -2.958853252583230065e-01
-2.273427142509000243e-01 -1.204001276086771044e-01 -6.560394404719107619e-01
-2.419331012298852057e-01 -1.247827560287463056e-01 -6.645591533972756704e-01
-7.249431760992927631e-02 -3.250243019704549541e-01 -2.998498618186262732e-01
-1.909574701743348979e-01 -2.498866376056262384e-01 -2.563695863861452651e-01
-8.432405695367450882e-02 -3.261767923105189926e-01 -2.788389072400866420e-01
-2.771485096060594122e-01 -2.254699408068022715e-01 1.588660048615851417e-01
-4.006580577350316030e-01 -1.922200047676264623e-01 9.657963835008037679e-02
-2.313170320385540824e-01 -2.964876480775036072e-01 -1.350545359542695001e-01
-5.942330547751062397e-01 -1.735026508486725572e-01 1.296139555752606753e+00
-5.418860179186191228e-01 -2.588113637447042592e-01 1.129304989785007818e+00
-4.911785795340684047e-01 -3.260417120613534614e-01 9.831395040256547535e-01
-2.677298104652318100e-01 -9.821156090093829949e-02 -8.128281322311499135e-01
-1.567405943761465692e-01 -4.304837090382485076e-01 9.118080250604343462e-01
-1.822893661906188623e-01 -4.171719573250298740e-01 1.137692128381218692e+00
-2.110132548555701537e-01 -4.006286144911608282e-01 1.385910942100965215e+00
-5.096062899756670372e-01 -1.423869775153560613e-01 4.422166698687696185e-01
-6.891702050499104448e-01 -1.704105630317681586e-02 3.696649286016567837e-01
-1.886562370980532366e-01 -1.912487324577688552e-01 4.600997596587937943e-01
-6.081993688207387727e-01 -1.308238965479171234e-01 6.567174629095864358e-01
-1.460120616271348704e-01 -2.962910523455375422e-01 2.771878094134943016e-01
-1.688307352590304178e-01 -4.383503762199147946e-01 -1.324488281189654393e-01
-7.564741260024487879e-01 7.343919972598017543e-02 3.082502949514537294e-01
-6.419245826688069201e-01 -7.526625282662660621e-02 2.782575621077171268e-01
-5.481817638815222882e-01 -1.399717897706751757e-01 2.216650547808476368e-01
-4.028677199768515571e-01 -1.774483293176587484e-01 2.256693692664962780e-01
-2.948739262233988634e-01 -2.013468427869619104e-01 2.617431079496397306e-01
-2.140593358029407867e-01 -2.280813791692010151e-01 3.050835787408766597e-01
-4.463774026593134159e-02 -3.919069226022448005e-01 4.040101918073444320e-01
-7.422098321393288956e-01 8.126924173211258484e-02 7.584482219231708511e-02
-6.688293222848917807e-01 -9.700359672202710226e-02 6.810504749224077781e-01
-1.522945461007589943e-02 -4.985434772104393453e-01 -2.795296214295839299e-01
-1.929610699315811861e-01 -2.770926029164927362e-01 9.563969241557795931e-02
-8.348628961655168990e-01 4.921524769042229241e-01 6.001398012224996581e-01
-1.511018939108030312e-01 -2.469906462801318980e-01 3.555410040540692984e-01
-2.359467515576127439e-01 -2.226749610663464329e-01 -1.288526181600870568e-01
-5.636508185257738113e-01 -1.000144152139627873e-01 5.765164648573831707e-01
-1.728789861854290733e-01 -4.197121997953218164e-01 -5.425762770666217594e-02
-7.727344589572804345e-01 6.138894353308110841e-01 -1.449770348073435022e-01
-1.843826566715736637e-01 -1.787670319051914980e-01 5.026858719213567195e-01
-1.118798304063410576e-01 -5.017164229367820916e-01 -5.254066297534415453e-03
-5.772268499580734957e-01 2.198101689115078416e-01 -7.661287430366148232e-01
-5.699284019093253661e-01 3.676047174278218588e-01 -8.659165081070840930e-01
-8.009569788424153458e-01 3.489334054646960892e-01 9.516508558792252659e-02
-6.640522801251158569e-01 2.940212590126719538e-01 -6.005695246463993442e-01
-7.772465119222193852e-01 1.494642997078771129e-01 7.508793420863968393e-01
-2.775258698161063298e-01 2.562571384513195188e-02 -1.155461298263315228e+00
-2.444093842122952581e-03 -3.955827347678320116e-01 -2.896755828070585181e-01
-2.611742195391217325e-01 -2.377163082511402070e-01 2.387747954145610224e-02
-7.520823291781386644e-01 7.193902437407787009e-02 5.320261850220525668e-01
-4.394487156376580828e-01 -1.733556829458332560e-01 4.694915424872001530e-01
-3.758327915595549573e-01 -1.914778221793561608e-01 4.540894731215344704e-01
-2.685468286016839956e-01 -1.069930732521624794e-01 -6.836046847998078491e-01
-7.240472527877184206e-01 1.342641637356437878e-01 -1.394887594287837762e-01
-1.365470874625268616e-01 6.053489588275563771e-02 -1.295208297875383163e+00
-3.621635568367693736e-01 1.970443760233405728e-01 -1.134329349469229697e+00
-4.588961555832438144e-01 2.731661542612232596e-01 -1.026245896910094046e+00
2.553097505855733002e-02 -4.364150682529099878e-01 1.117859726890469529e+00
2.247536274782822863e-02 3.744966966309362655e-02 -1.318509893917441111e+00
-3.106570850320566901e-01 -1.965539083702533274e-01 4.619437816366450678e-01
-2.467392612829147347e-01 -1.903386169580717491e-01 4.820233982866370948e-01
-2.043347999330286102e-01 -1.780874250785935420e-01 4.934105123180616559e-01
-7.210365924174622076e-01 -2.486904894288119450e-02 7.191946420459260914e-01
-2.611700158952678930e-01 -2.144085397700057349e-01 6.049934010972843890e-01
-3.316736725070157377e-01 -2.288786170761308858e-01 6.500373676402417811e-01
-3.990703219408531233e-01 -2.252500387962541595e-01 6.610276460310078317e-01
-4.625487496174585100e-01 -2.043545943066188419e-01 6.450725186134622646e-01
-5.001853742555018023e-01 -1.769771309943629634e-01 6.163086344785031478e-01
-8.254885930025157581e-01 3.415081740983646474e-01 8.320446456202668095e-01
-4.810618099924945934e-01 -1.520639607727275466e-01 4.980048947536854786e-01
2.517286086752686114e-02 -3.204772871886476526e-01 -3.963766074525524319e-01
-2.249110890875049562e-01 -2.372262705107252012e-01 -4.076220975431004145e-01
-1.555898779107223184e-01 -3.537030048848955888e-01 -2.081743803420675887e-01
-8.186912194475709503e-02 -3.114824266055350455e-01 -3.957485781372623856e-01
2.747863677216213357e-02 -3.871809626968952811e-01 5.761648711728212247e-01
-4.787591939599653568e-01 1.642906763111361412e-01 -9.192032657709028332e-01
-3.827489977351445916e-01 1.006613791095621047e-01 -1.038753693082230534e+00
-1.455024658443604402e-01 -4.184152112260916545e-02 -1.241428249279004525e+00
-6.510133218400493416e-01 4.826907663280921579e-01 -6.788204436700917555e-01
-2.089331251498877107e-01 -1.940603848784888674e-01 5.417631316076461090e-01
-9.558123897137130176e-02 -3.934694010595124469e-01 2.242634387893374104e-01
1.652696502946592733e-02 -6.247537085288246139e-02 -1.262864050262555882e+00
-2.586919235011947427e-01 1.155078484636943847e-01 -1.229442733204411109e+00
-7.740418808802940198e-01 3.687255087325088665e-01 -1.472761183549333164e-01
-1.416976693877501914e-01 -1.959700443505790757e-01 -6.934752594515840585e-01
-1.572510820433747902e-01 -2.030976832465001269e-01 -7.261719135381761170e-01
-1.699629320595855697e-01 -2.122015780537086505e-01 -7.682367649599537440e-01
-1.774231136956738175e-01 -1.976991234343785653e-01 -8.140200255062750578e-01
-1.875395263068178053e-01 -1.330670824344891146e-01 -8.887871686532005100e-01
-2.477257808946856654e-01 -1.243335882750874477e-01 -6.175593549526263715e-01
-2.631343160212438748e-01 -1.252992003520777553e-01 -6.086910695236498192e-01
-2.759995767192397476e-01 -1.265170277459470305e-01 -5.991314738036201959e-01
-3.736868350746840317e-01 -1.179269932455131453e-01 -5.107627678814665728e-01
-6.314219292635869785e-01 -6.725112577123187885e-03 -2.263691303798581744e-01
-9.399540989328686313e-02 -3.393922366246332478e-01 3.485592024623277441e-01
-1.318198505008166821e-01 -2.389178054437945953e-01 5.874603674468850123e-01
-1.785077894639774954e-01 -2.113654208839160775e-01 5.816230596024265509e-01
-2.320097039992695676e-01 -1.176433682879243492e-01 -6.257820419343433915e-01
-6.363686780241795127e-01 1.362550044070778010e-01 -4.696310558771649157e-01
-7.015781378607657826e-02 -3.349452425865123706e-01 5.738285601832086025e-01
-2.278239542264913764e-01 -7.719134654003045881e-02 -9.720444057254764569e-01
2.536208657197176752e-02 -5.244079407763224676e-01 1.613680643304113982e-01
-4.316223466789281815e-02 -4.511866018077265172e-01 2.706994459323014413e-01
2.645042681578002597e-02 -4.718731056872427221e-01 2.868106470832382238e-01
-1.492957282682699782e-01 -3.686686117976151200e-01 5.271276755203298248e-02
1.441486639164643591e-02 -1.170011019190029256e-01 -1.167939735996657458e+00
1.495990140243031244e-02 -1.349392330671261020e-01 -1.052781380970698510e+00
-1.099480648415996076e-01 -1.164349884523427359e-01 -1.038877457073812849e+00
-4.039502054580175194e-01 -1.387749818007794067e-02 -7.489720189974151676e-01
-3.028990385886221048e-01 -1.931268921526341220e-01 -2.055045835593932724e-01
-3.222033630606688792e-01 -4.072522516158287587e-02 -8.770877445532510031e-01
-4.737090161008428169e-01 -1.637632514616738089e-01 -1.672452875241647874e-01
-3.748127238907197345e-01 -1.655928830148339914e-01 -3.034873654733886150e-01
-5.369176301474709589e-01 -8.145060147222021874e-02 -3.273114962955153695e-01
-1.355374902098156475e-01 -9.401393758946821611e-02 -1.148499097419114046e+00
-1.940076176191421475e-01 -3.067771394918566985e-01 1.042610097115592716e-03
-4.595008896887375904e-01 6.588535332518721810e-02 -8.147535590435754926e-01
-3.620739131915151621e-01 2.878089083725070274e-02 -9.431784533871663267e-01
-4.683553326154832330e-01 -1.952167365475884764e-02 -6.052498350305774988e-01
-7.021233167685103638e-01 1.847093525202819775e-01 -3.217398412891064874e-01
-5.504998999684731498e-01 5.315309904083866110e-02 -6.089009542430714461e-01
-7.346534187057274234e-01 3.653059125780014904e-01 -3.769995244401691536e-01
-4.385190602134414473e-01 -1.088397662514562492e-01 -4.277447642291934971e-01
-1.428779170015603839e-01 -3.321152502175017673e-01 1.620131196876959390e-01
-1.451629965162348768e-01 -4.494117687006710105e-01 -1.869068027270764931e-01
-1.891668113258027084e-01 -3.625019586857072262e-01 -1.982842751388322888e-01
-1.136777838669993101e-01 -5.108134629743688038e-01 -1.241311117254715601e-01
-1.939132750804983818e-01 -2.744577163803607611e-01 7.024467576804729330e-01
-3.209955657473562152e-01 -2.931257262604902714e-01 7.876606459702437668e-01
-4.305047804681993995e-01 -2.873718424061727506e-01 8.060205203067951629e-01
-5.194753815308483791e-01 -2.535225767221815918e-01 7.858490423799286972e-01
-5.794015350451264812e-01 -2.020040301796727222e-01 7.380135034500241442e-01
-6.165956596542010448e-01 -6.473028953466611335e-02 5.555185475393820127e-01
-8.189033099836207086e-01 3.029313197355165688e-01 3.259460068026107660e-01
-5.660983679885545072e-01 -1.035096571491436745e-01 3.775023835849548037e-01
-4.925158703864063181e-01 -1.446540363458301282e-01 3.306531278550227659e-01
-3.928113977696823245e-01 -1.765219668231510219e-01 3.187211439007744396e-01
-2.961701384294688766e-01 -1.958379054373765582e-01 3.378807443747191552e-01
-2.194693367583627763e-01 -2.021640169626331973e-01 3.718851232052715616e-01
-1.662635327100134286e-01 -2.119104401596155762e-01 4.039617331253666510e-01
-8.236984437751726507e-01 5.753525569060780054e-01 3.699285697925575045e-01
-1.887423495151573372e-01 -3.220857866117354806e-01 -2.210258532179231183e-01
-9.641152071163325288e-02 -4.383668005836643955e-01 1.130720712059290756e-01
-9.376710946347802111e-02 -5.060306748485828843e-01 -2.064649809950047654e-01
-5.562569282509602364e-02 -4.686813166321942559e-01 -2.556530849450293630e-01
-9.398258611899856785e-02 -4.678599462384691599e-01 -2.180918650489293009e-01
-1.687470604104583383e-01 -2.926512170181508887e-01 -2.499428547897397657e-01
-4.013694541680278005e-02 -4.874568432756354319e-01 -2.696906919439956418e-01
-2.905687299717141236e-02 -3.963600220906692284e-01 -2.812274066557650665e-01
-1.596505446628496139e-01 -1.878607019329375794e-01 4.969491713213333162e-01
-1.242428174270810148e-01 -2.282011386768006966e-01 4.629866491825729291e-01
-1.038206115045174627e-01 -2.769357733006461153e-01 4.361548114952176203e-01
-5.196926939548873747e-01 -1.493018652335587060e-01 5.940051709214329012e-01
-5.674223206966810817e-01 -1.503639859139621615e-01 6.474932580550205596e-01
8.952223619977245361e-02 -4.968506608337280861e-01 1.463245694710903488e-01
5.438235962080428809e-01 -1.457104812201862054e-01 4.884803900673955201e-01
1.019778084888135483e-01 -4.035819055228720975e-01 -2.708206867171361054e-01
8.001003578147147799e-01 1.401678615090884428e-01 9.272523959898422152e-01
3.318540212441711823e-01 -2.050581104661913789e-01 3.809824885585219034e-01
4.052218314825772882e-01 -1.995691803329230352e-01 3.680866585917510481e-01
4.750243841523227317e-01 -1.809693865467254525e-01 3.726148716014430207e-01
5.674997954492277952e-01 -1.296931259748640430e-01 4.492823506197886063e-01
2.711670436661359207e-01 -1.993671216376363686e-01 4.128548519776429337e-01
4.444515839305440696e-01 -2.722925382684371343e-01 7.294865347859400551e-01
3.578234589712236957e-01 -2.696053278953058907e-01 7.164474696640975582e-01
5.225968620141796528e-01 -2.481430477504764642e-01 7.078740833130766630e-01
5.708365308769058899e-01 -2.147370625187855486e-01 6.585225400719342259e-01
6.219092073806054000e-01 -8.485378892807018958e-02 3.779994229473750966e-01
2.905211086623850081e-01 -4.345729879370990867e-02 -1.074578635437137830e+00
5.701875734029637766e-01 -1.269306934347111393e-01 5.311949118042432749e-01
8.401952449994531946e-01 2.312883514811209240e-01 4.679688251286145961e-01
6.995025133261334460e-01 -2.260840681136615238e-02 4.676911819141545967e-01
3.903517162714753574e-01 -2.215250072873597986e-01 -8.711721018492954438e-02
6.817077958242159785e-02 -3.053048280927105340e-01 -5.599031439936531518e-01
6.279308313724829560e-02 -2.587548756015487506e-01 -6.347447034241180397e-01
1.567630356419205118e-01 -2.539643606932902031e-01 -5.842076734942647231e-01
2.208317892636534330e-01 -1.930812022883050538e-01 -6.057020107207971016e-01
1.343545411073235607e-01 -2.248969376878979798e-01 -6.339190231173057466e-01
1.952076796869117170e-01 -1.716446737987468163e-01 -6.350028219714007882e-01
3.684304758474212793e-01 -7.073084227068465735e-02 -7.377680280233767096e-01
8.791690540684710120e-02 -5.440195936711909042e-01 -2.361040898370148078e-01
9.748508168860095524e-02 -5.809088872361589662e-01 -1.307018859651579989e-01
6.595065270617705977e-01 -2.053242702960256238e-01 7.449556850840535205e-01
2.428809902270581689e-01 -2.623317824455906333e-01 1.930524326720500783e-01
2.590679101780457572e-01 -3.673813618301333683e-01 -1.778922083433788215e-01
2.634481957582160416e-01 -3.528418394772275812e-01 -1.140637460363023714e-01
6.027098001592900989e-01 -1.299162561001016014e-01 -6.367635216524819564e-02
9.372173848888679104e-02 -5.531405027823899090e-01 1.578312536318606657e-02
5.038237078270224600e-01 -3.447953911390105874e-01 8.564794163396838300e-01
5.980792647431121267e-01 -2.834365577570108208e-01 8.225853453601439380e-01
7.295261083652526679e-01 -2.716584292079254892e-02 1.095856897167202915e+00
1.881450243421234347e-01 -3.889935313581255327e-01 7.453488366738314497e-01
2.844038215288474669e-01 -2.401805658679728728e-01 6.630226402898723448e-01
4.287266552780526485e-01 -6.089000582899106728e-02 -6.208644831972855993e-01
7.689320945909905447e-01 5.538203224517146417e-01 -4.942880344033367956e-01
2.061605748874734689e-01 -3.318418710830082219e-01 -2.358600316088532711e-01
1.503066793103328136e-01 -3.346018218935837840e-01 -2.674590262627482007e-01
3.172913881912814982e-01 -6.104978896481591533e-02 -6.389426537396361017e-01
2.969050126689739555e-01 -8.382586803899111372e-02 -6.455008075285131319e-01
6.326164735938333283e-01 -2.577155074921066991e-01 8.897127566876334992e-01
2.617533468617871950e-01 -3.211819004738967198e-01 -2.182786039869886174e-01
3.729113122918181755e-01 -3.840190066216886411e-01 8.398561925771603764e-01
3.845948171451951669e-01 -4.105923501121822028e-01 9.196263059955467334e-01
4.434440574095588339e-01 -3.331818405951675333e-01 1.313305179771995235e+00
6.818369217415465311e-01 -1.579020593992730426e-01 9.786469616440036656e-01
4.047559187536631242e-01 -3.734459732214812089e-01 1.110299476246323636e+00
6.990871152710409486e-01 -1.487195711201496351e-01 7.916442581750282592e-01
7.547111496965575039e-01 -1.040297307567087867e-02 8.421515534488333010e-01
6.607805317228342135e-02 -2.895797976848893951e-01 -6.033736913344491803e-01
1.454826042243572426e-01 -2.422231853800754786e-01 -6.116959197562474859e-01
2.078685339847355928e-01 -1.885301781658557108e-01 -6.212222154402065044e-01
1.899874378078201254e-01 -3.139083434169512854e-01 -2.526170814705290812e-01
3.069566771042931408e-01 -7.345638407557736338e-02 -6.423836370126949635e-01
2.570621939785412979e-01 -1.218317639544821973e-01 -6.971052978926925991e-01
2.863943625233210111e-01 -8.626286026974308574e-02 -6.475375395722544614e-01
1.694461345297174071e-01 -4.359933507688990018e-01 -2.174435599933457475e-01
1.851102558932828934e-01 -1.567822799330421679e-01 -6.446032140506541275e-01
1.270654170441128938e-01 -1.914258735481473295e-01 -6.465631114718339845e-01
6.038942742997900626e-02 -2.211796411613241586e-01 -6.520569868273793368e-01
1.116479518365944279e-01 -1.535203148103719828e-01 -9.472586153740849557e-01
7.009558571972634988e-02 -2.254465734957542544e-01 -8.660151990781597142e-01
6.560801605540600434e-02 -2.370087721449722906e-01 -8.153838094111029999e-01
6.193855693105949911e-02 -2.240171710713001474e-01 -7.631352136429683242e-01
5.536157116105498710e-02 -2.190657837237686145e-01 -7.193209732386742772e-01
1.778578920740768177e-01 -1.589974051938236599e-01 -6.960458584004995952e-01
1.912296806802863403e-01 -1.690323317270661097e-01 -7.169423449304568319e-01
2.039124355685279499e-01 -1.778781395011737043e-01 -7.431865512703952348e-01
2.170442025693486987e-01 -1.617589145667494011e-01 -7.709192213033198016e-01
3.346579501749855634e-01 -1.939708318890592809e-01 -4.704608430467260849e-01
8.480581519596130935e-01 5.877954846085942098e-01 4.618243748706618579e-02
2.274533507403813104e-01 -1.173288465113308532e-01 -6.773556260231523574e-01
2.412811711149447369e-01 -1.241552981291679514e-01 -6.876819965188434303e-01
1.264483985000819377e-01 -3.305062029876387752e-01 -3.082316263117750310e-01
2.389439874093952643e-01 -2.616248158556426784e-01 -2.735533327749553045e-01
1.380969495279676662e-01 -3.343561358098887659e-01 -2.888151135507238676e-01
3.179119712693911914e-01 -2.292299849442513970e-01 1.313661407549043814e-01
4.362542300990424060e-01 -2.006586867775050909e-01 5.703844123589114912e-02
2.761307488972949975e-01 -3.053568399760758778e-01 -1.558972228081878519e-01
6.177308918112522917e-01 -1.950462369151306774e-01 1.226884505523706537e+00
5.717197572454535415e-01 -2.768258755060537535e-01 1.071863562263120739e+00
5.275918551261749023e-01 -3.435022296786910401e-01 9.362917496070100043e-01
2.900387347390851467e-01 -1.040494742857838162e-01 -8.300130678649182414e-01
2.121021050350779813e-01 -4.371139373462812339e-01 8.791673158528690024e-01
2.274664055839675791e-01 -4.246368129123295754e-01 1.114793153789184199e+00
2.522763293462224055e-01 -4.109538634836124027e-01 1.357514600655629344e+00
5.339132841114424544e-01 -1.531130625730098282e-01 3.979210693102920304e-01
6.973777753322973894e-01 -3.612506323615928550e-02 3.039522908220765318e-01
2.313634672267791959e-01 -1.908167326699877764e-01 4.436711837577005380e-01
6.332677013901943930e-01 -1.468116681645829369e-01 6.061372150427883909e-01
1.929836844713012090e-01 -2.971356122853874293e-01 2.617615414125401552e-01
2.150108846867837542e-01 -4.449575110920922505e-01 -1.495171556516933231e-01
7.838292408283931145e-01 5.352672983954311070e-02 2.342387773596993350e-01
6.497091635055129988e-01 -9.133691555137657403e-02 2.194637703944100071e-01
5.583056281806553223e-01 -1.530713808723493941e-01 1.731384739224264280e-01
4.210986927913329403e-01 -1.851116252738899126e-01 1.926557136357797684e-01
3.199898129157607851e-01 -2.059077786314839065e-01 2.395899546223935195e-01
2.448734819399903118e-01 -2.313103452295545148e-01 2.890184174885235269e-01
9.777545237860604810e-02 -3.923940486562610408e-01 3.971824039336127043e-01
7.723710654750970406e-01 6.356863346233883327e-02 5.355964235028327913e-03
6.844966044553479900e-01 -1.140778757378405894e-01 6.195130586026925679e-01
6.330819378078671178e-02 -4.994324134606218379e-01 -2.827355336085587423e-01
2.387221320303112293e-01 -2.798018779856331628e-01 7.659896756033882093e-02
8.618378029338624735e-01 4.703231464563358832e-01 5.144933688044552866e-01
1.893381497208579400e-01 -2.482403878241890016e-01 3.448830823741528828e-01
2.849027071435181191e-01 -2.316821814732333840e-01 -1.504654764208468443e-01
5.965199789267461306e-01 -1.126369385908265741e-01 5.264189981468455626e-01
2.173889232623779644e-01 -4.263952840471707528e-01 -7.108497368562691210e-02
8.203116193591264427e-01 5.882740260059637905e-01 -2.149274503378872936e-01
2.313864187674832817e-01 -1.764751059494723551e-01 4.863924840356512735e-01
1.568775409339334681e-01 -5.053232557847397999e-01 -1.702451537648364682e-02
6.085621069649154169e-01 1.982141880604748607e-01 -8.043601692799970948e-01
6.092401697546767636e-01 3.445674011048449614e-01 -8.998692508300765169e-01
8.433929231789705216e-01 3.274718408370850264e-01 1.964189508038781395e-02
6.993829666612605411e-01 2.718175442498471650e-01 -6.508936332800252522e-01
8.011119992950843649e-01 1.296066327669529727e-01 6.728919993474919981e-01
3.081456118036673963e-01 1.270894665135728283e-02 -1.166319671518021739e+00
6.069911651559584120e-02 -3.976047951235336386e-01 -2.925826606899774029e-01
3.031003878081528491e-01 -2.440746654495035139e-01 -1.695083532681593286e-03
7.565215189829443965e-01 5.334111881189762538e-02 4.515259765148407212e-01
4.722096100382766615e-01 -1.821698195257459574e-01 4.376540886631631322e-01
4.091500568479677913e-01 -1.976170223167150741e-01 4.290672720283891239e-01
2.734518951081458815e-01 -1.066540723885041064e-01 -7.072270279736185827e-01
7.567671394896446913e-01 1.160535336280978658e-01 -2.044077340407374210e-01
1.781306321521292091e-01 5.379176564216324452e-02 -1.298103952225604374e+00
4.024183380330503823e-01 1.810923741690145805e-01 -1.146433502180899122e+00
4.991470564867095394e-01 2.540863261578374388e-01 -1.046411397268248722e+00
3.466222557367226731e-01 -2.007014681655872046e-01 4.402202923670068824e-01
2.879937865907081229e-01 -1.911262414685088729e-01 4.624426961912938561e-01
2.502414109830861100e-01 -1.764133815587071163e-01 4.749651165585901946e-01
7.311437130887554758e-01 -4.185939292013700352e-02 6.432914525023940566e-01
2.993752498778950999e-01 -2.157554085450485992e-01 5.752970782079558365e-01
3.636849348239268309e-01 -2.341302985166188178e-01 6.152861101305888702e-01
4.301455728929759470e-01 -2.335093298612478385e-01 6.241475353576908525e-01
4.944144984568299428e-01 -2.155135127860668964e-01 6.052358754492820347e-01
5.326233152920245573e-01 -1.892170776831098022e-01 5.735797780736369145e-01
8.438479809288190747e-01 3.184961536068176002e-01 7.462482451310765708e-01
5.149506289498784195e-01 -1.623596600999449580e-01 4.604348143345385891e-01
2.648094861132395117e-01 -2.432904716347361607e-01 -4.250089367048017763e-01
2.052824467002140052e-01 -3.618511057394014907e-01 -2.232133064132439948e-01
1.283564313806829782e-01 -3.140961974909213250e-01 -4.041797059020894034e-01
5.098189716029539742e-01 1.439376771647097875e-01 -9.464689661655945052e-01
4.132357625770499698e-01 8.247838179744637621e-02 -1.056922331856303021e+00
1.758386707226222700e-01 -4.927741905091376218e-02 -1.246848861632490202e+00
6.960669479256553771e-01 4.600260991251822196e-01 -7.259226810009233866e-01
2.527859103079135861e-01 -1.918915884402100369e-01 5.209171630991957791e-01
1.451497293195991301e-01 -3.952043885468325968e-01 2.132314130695672771e-01
2.986374305655237205e-01 1.039433855288970088e-01 -1.235077531553097074e+00
8.170479599343083432e-01 3.468686891198110578e-01 -2.166825159891000441e-01
1.209053942673432858e-01 -1.920789124778944368e-01 -7.071430050466271933e-01
1.332535067961959641e-01 -2.008520970155092122e-01 -7.410574968806364904e-01
1.419654213960319100e-01 -2.105092883108730106e-01 -7.836137430354539468e-01
1.509305931970429948e-01 -1.965762653675120486e-01 -8.285335814845189439e-01
2.082155171982671416e-01 -1.357491161866365426e-01 -9.014504399398810541e-01
2.472158415453214464e-01 -1.244730069207602430e-01 -6.349146320149812173e-01
2.623750347747843548e-01 -1.243140953413776062e-01 -6.269346384628020630e-01
2.752754576945486420e-01 -1.255371428470402062e-01 -6.179846050242601141e-01
3.937372649857504570e-01 -1.275455128833054841e-01 -5.342264270232905954e-01
6.564098952526862263e-01 -2.335228908203892950e-02 -2.816399740237915950e-01
1.447967651310277937e-01 -3.402056860525859427e-01 3.368950236903551776e-01
1.816992419937366043e-01 -2.411419764648231601e-01 5.699958831024771744e-01
2.228470976216270771e-01 -2.098276321829545266e-01 5.622156663894208872e-01
2.328193017873662063e-01 -1.151851015147432600e-01 -6.419236705381425878e-01
6.655155269496253467e-01 1.176856650962357087e-01 -5.184845310894627968e-01
1.174807956299164791e-01 -3.352566314957866611e-01 5.626086017261688887e-01
2.515509758340443991e-01 -8.641091454716987030e-02 -9.860677739395826702e-01
9.429817867212669791e-02 -4.529692305920568485e-01 2.644565559132144861e-01
1.957261275320310023e-01 -3.735258247178102620e-01 3.687900892376564516e-02
1.371829955839974635e-01 -1.232195149058886718e-01 -1.046402785028249349e+00
4.330045392688015582e-01 -2.654135305926855204e-02 -7.749439541217439942e-01
3.429949899869944030e-01 -2.042626817224391100e-01 -2.334640298342322007e-01
3.446180200803754534e-01 -5.360301527852007197e-02 -8.992112875978084396e-01
5.008055507379425286e-01 -1.784257389001575600e-01 -2.111056911205666520e-01
4.044811519602189431e-01 -1.762545243405170270e-01 -3.359837202266359180e-01
5.590926874989750051e-01 -9.484935183884390941e-02 -3.696639866175487343e-01
1.631656315101991939e-01 -1.007750314594186292e-01 -1.156156608133970254e+00
2.391910422942941650e-01 -3.129236117557138153e-01 -1.742690266471911414e-02
4.879402155529137808e-01 4.793684981612450491e-02 -8.439342428892837589e-01
3.899784397103733813e-01 1.187810092541533372e-02 -9.649551687270130351e-01
4.946438798085426303e-01 -2.973640439717799289e-02 -6.341319829884743964e-01
7.351929547008808630e-01 1.644379335847891976e-01 -3.811590362001257004e-01
5.763658367767809931e-01 3.782209198043076648e-02 -6.435462050575602166e-01
7.765310056223717616e-01 3.451338140953167377e-01 -4.387811344251230095e-01
4.607822922056743487e-01 -1.189479194242448745e-01 -4.589938364642154323e-01
1.905992074032220041e-01 -3.335457661841678689e-01 1.467312956954323067e-01
1.910523850423173631e-01 -4.543343483941271188e-01 -2.014437374065787267e-01
2.356562567093503646e-01 -3.717570610456432112e-01 -2.157470969876839062e-01
1.613493843604055233e-01 -5.163697933044497645e-01 -1.366998021189891332e-01
2.416569494422593500e-01 -2.784702274655548315e-01 6.806743612869678994e-01
3.634071041179076644e-01 -3.039580730494872984e-01 7.595385133981269465e-01
4.693163679056255866e-01 -3.015534823437276968e-01 7.721941385580570749e-01
5.536088986764498010e-01 -2.694502364950612794e-01 7.468784049466141717e-01
6.083909982224133817e-01 -2.188006913321938196e-01 6.933842388866697792e-01
6.389830252371775376e-01 -7.987806619611237391e-02 4.958440601320548424e-01
8.522095783978167471e-01 2.835461717613008137e-01 2.460262913588945333e-01
5.844661277287777068e-01 -1.161891418055782665e-01 3.257499124683805869e-01
5.110194947338886351e-01 -1.555561423385282138e-01 2.880007907947601531e-01
4.150564425160208071e-01 -1.838095598928335406e-01 2.888911323212388638e-01
3.238200596792584207e-01 -1.998501327322682597e-01 3.167569591365916315e-01
2.542174550144257750e-01 -2.055740412358980640e-01 3.545293334267844987e-01
2.062598559753603400e-01 -2.134120810708128868e-01 3.901902568364947754e-01
8.577022687525914790e-01 5.543948559188605074e-01 2.864890417230786523e-01
2.348157714442875021e-01 -3.317946214869801347e-01 -2.376827307801382405e-01
1.461704698265384184e-01 -4.397726622678121977e-01 1.021905983133673534e-01
1.406708000040148010e-01 -5.110912966001790458e-01 -2.168590724579435580e-01
1.022915404869068068e-01 -4.736925454853891937e-01 -2.625750177906120975e-01
1.405975909744505703e-01 -4.725257310369548325e-01 -2.287549366496169911e-01
2.160197305455804351e-01 -3.032180311905338099e-01 -2.646514878143236826e-01
8.720166516040794846e-02 -4.913745568265606156e-01 -2.751747799110153547e-01
8.470430321104518989e-02 -4.003536806622653987e-01 -2.859074480777615834e-01
2.060575489635591007e-01 -1.874196563292684914e-01 4.817081497124675593e-01
1.687811429036914501e-01 -2.289476135933943279e-01 4.510203056600410321e-01
1.461596148474728074e-01 -2.785424166237199239e-01 4.273167741190936342e-01
5.537116307659073478e-01 -1.620214175333090090e-01 5.500016726615040152e-01
5.983694403272843410e-01 -1.665423034714091921e-01 6.018397826303103493e-01
-3.840910893584903452e-01 -1.824711338792861515e-01 5.709054800661511608e-01
-3.081542674078896482e-01 -1.895474450688550139e-01 5.688754869795997759e-01
-3.831502535585618041e-01 -1.922867309624709531e-01 6.741277749557819110e-01
-4.610533875667011117e-01 -1.753329564038008659e-01 5.737829957886873000e-01
-3.857154341016744148e-01 -1.726585165942762234e-01 4.689282828925982471e-01
4.159977749489784937e-01 -1.900104134733821004e-01 5.360510514660840053e-01
4.903362189690618766e-01 -1.967461763001082664e-01 5.319006775285427535e-01
4.149254023439019612e-01 -1.999932694660255805e-01 6.421293642960710368e-01
3.410686923620898092e-01 -1.833042712594656898e-01 5.412009070508219111e-01
4.173505323727955130e-01 -1.800468552212997064e-01 4.298785478420468209e-01
