5.018742680549621582e-01 5.395495295524597168e-01 -4.852428659796714783e-02
4.955008029937744141e-01 4.829884469509124756e-01 -5.225145444273948669e-02
4.971426129341125488e-01 5.011824369430541992e-01 -4.576358199119567871e-02
4.904101192951202393e-01 4.264776706695556641e-01 -4.145644977688789368e-02
5.126271247863769531e-01 4.734359383583068848e-01 -6.302920728921890259e-02
5.045642256736755371e-01 4.398860335350036621e-01 -4.958912357687950134e-02
5.112127065658569336e-01 3.866211175918579102e-01 -3.187178075313568115e-02
4.308003187179565430e-01 3.704406023025512695e-01 1.164013985544443130e-02
5.009204149246215820e-01 3.402657806873321533e-01 -2.906062826514244080e-02
5.176540613174438477e-01 3.036349713802337646e-01 -1.723265461623668671e-02
5.197049379348754883e-01 2.520276010036468506e-01 1.272173598408699036e-03
5.090803503990173340e-01 5.410400032997131348e-01 -3.855726122856140137e-02
4.994588494300842285e-01 5.514313578605651855e-01 -2.837542444467544556e-02
5.002252459526062012e-01 5.537664890289306641e-01 -2.268130704760551453e-02
4.973898828029632568e-01 5.769879221916198730e-01 -1.675610803067684174e-02
5.056117773056030273e-01 5.811796784400939941e-01 -2.097751013934612274e-02
4.958670139312744141e-01 5.829012989997863770e-01 -2.833822183310985565e-02
4.943851828575134277e-01 6.061337590217590332e-01 -1.777842268347740173e-02
4.941295385360717773e-01 6.249709129333496094e-01 -5.889751948416233063e-03
5.049567818641662598e-01 4.955415129661560059e-01 -5.061583220958709717e-02
4.921622872352600098e-01 4.860734939575195312e-01 -3.152926638722419739e-02
3.893989026546478271e-01 3.141914308071136475e-01 5.755991488695144653e-02
4.576656222343444824e-01 3.985196352005004883e-01 -5.189836490899324417e-03
4.534367322921752930e-01 3.920512497425079346e-01 -4.630933981388807297e-04
4.341716766357421875e-01 3.853634893894195557e-01 1.363015733659267426e-02
4.296721816062927246e-01 3.818306624889373779e-01 8.654245175421237946e-03
4.711976349353790283e-01 3.913962543010711670e-01 5.240845028311014175e-03
4.469205737113952637e-01 3.431867361068725586e-01 1.258239848539233208e-03
4.553399085998535156e-01 3.466486334800720215e-01 2.051759976893663406e-03
4.264045953750610352e-01 3.393380641937255859e-01 -1.995135098695755005e-03
4.226265549659729004e-01 3.568036258220672607e-01 2.115569077432155609e-03
3.970125317573547363e-01 3.940792679786682129e-01 3.205220773816108704e-02
4.500982761383056641e-01 6.311234235763549805e-01 6.320427637547254562e-03
4.201309084892272949e-01 3.713562488555908203e-01 7.170200347900390625e-03
3.754960298538208008e-01 3.736922740936279297e-01 6.832243502140045166e-02
3.984386920928955078e-01 3.770573437213897705e-01 3.827559947967529297e-02
4.428936243057250977e-01 4.647844135761260986e-01 -6.378365214914083481e-03
4.960166513919830322e-01 5.210798978805541992e-01 -2.642242051661014557e-02
4.824633896350860596e-01 5.393808484077453613e-01 -3.070060908794403076e-02
4.662782549858093262e-01 5.295354127883911133e-01 -3.295250236988067627e-02
4.556640982627868652e-01 5.436639189720153809e-01 -2.348386496305465698e-02
4.784751236438751221e-01 5.464529991149902344e-01 -2.419573813676834106e-02
4.758537411689758301e-01 5.487909913063049316e-01 -2.164800278842449188e-02
4.426199495792388916e-01 5.716426372528076172e-01 -1.239687763154506683e-02
4.992799758911132812e-01 4.768422544002532959e-01 -6.560979783535003662e-02
4.938367307186126709e-01 4.661856591701507568e-01 -6.399191170930862427e-02
4.094635546207427979e-01 3.347107768058776855e-01 2.127342484891414642e-02
4.662055969238281250e-01 4.308081269264221191e-01 -4.087261855602264404e-03
4.603990912437438965e-01 4.749011993408203125e-01 -3.382757306098937988e-02
4.671519696712493896e-01 4.576801061630249023e-01 -2.820406109094619751e-02
4.131683111190795898e-01 4.591895341873168945e-01 1.252479013055562973e-02
5.019840598106384277e-01 4.334663450717926025e-01 -5.317083001136779785e-02
4.392002820968627930e-01 3.004964292049407959e-01 -1.765610650181770325e-03
4.138000607490539551e-01 3.195865750312805176e-01 6.037901621311903000e-04
4.073807299137115479e-01 2.759710252285003662e-01 4.616121575236320496e-02
4.920513629913330078e-01 3.357574045658111572e-01 -1.079277135431766510e-02
4.718119502067565918e-01 3.470302224159240723e-01 -3.401609137654304504e-03
4.375358819961547852e-01 5.576749444007873535e-01 -1.797626260668039322e-03
3.685472309589385986e-01 5.370155572891235352e-01 8.247755467891693115e-02
4.741624593734741211e-01 4.775713384151458740e-01 -3.149448335170745850e-02
4.879604578018188477e-01 4.865741431713104248e-01 -9.965710341930389404e-03
4.460852146148681641e-01 5.538969635963439941e-01 5.778856575489044189e-06
4.579781889915466309e-01 5.657565593719482422e-01 -6.205915473401546478e-03
4.231042861938476562e-01 2.976839542388916016e-01 1.124732475727796555e-02
4.712032079696655273e-01 4.774001836776733398e-01 -3.214307129383087158e-02
4.684402048587799072e-01 3.188804090023040771e-01 -1.194124948233366013e-02
4.587443172931671143e-01 2.963189482688903809e-01 -1.238309033215045929e-02
4.553677439689636230e-01 2.426276952028274536e-01 5.942157935351133347e-03
4.071014523506164551e-01 2.879090011119842529e-01 2.010181732475757599e-02
4.621905982494354248e-01 2.861125767230987549e-01 -1.063564233481884003e-02
4.059118032455444336e-01 3.230229616165161133e-01 1.870331913232803345e-02
3.913916647434234619e-01 3.261305689811706543e-01 3.398386761546134949e-02
4.859859943389892578e-01 5.365325808525085449e-01 -3.919874876737594604e-02
4.771110415458679199e-01 5.427911281585693359e-01 -2.435053512454032898e-02
4.630594551563262939e-01 5.373475551605224609e-01 -9.983510710299015045e-03
4.832375645637512207e-01 4.932603240013122559e-01 -2.150598727166652679e-02
4.663691520690917969e-01 5.645343661308288574e-01 -2.870453288778662682e-03
4.478996396064758301e-01 5.707017183303833008e-01 -5.379617214202880859e-03
4.608920514583587646e-01 5.550622344017028809e-01 -7.822235114872455597e-03
4.889925420284271240e-01 4.830626547336578369e-01 -4.060614481568336487e-02
4.815904200077056885e-01 5.517166852951049805e-01 -2.067703194916248322e-02
4.757849276065826416e-01 5.499641895294189453e-01 -1.313053071498870850e-02
4.872182011604309082e-01 5.383622050285339355e-01 -9.641163051128387451e-03
4.768743515014648438e-01 6.212035417556762695e-01 -7.250574417412281036e-03
4.801040291786193848e-01 5.996361970901489258e-01 -1.220539398491382599e-02
4.768748879432678223e-01 5.944813489913940430e-01 -1.795608550310134888e-02
4.794796109199523926e-01 5.801203250885009766e-01 -2.109577320516109467e-02
4.804583787918090820e-01 5.735632181167602539e-01 -1.687483675777912140e-02
4.743549525737762451e-01 5.747252106666564941e-01 -7.918984629213809967e-04
4.696705639362335205e-01 5.607084631919860840e-01 -1.404688507318496704e-02
4.663711190223693848e-01 5.782231688499450684e-01 -1.660400256514549255e-02
4.554475843906402588e-01 5.781178474426269531e-01 -1.848673075437545776e-02
4.471483528614044189e-01 5.278156399726867676e-01 -2.087499573826789856e-02
3.710674047470092773e-01 4.485339820384979248e-01 1.119711697101593018e-01
5.041328072547912598e-01 4.970659613609313965e-01 -3.149181231856346130e-02
4.618448317050933838e-01 5.550941824913024902e-01 -2.262955298647284508e-03
4.615002870559692383e-01 5.646476745605468750e-01 -5.934694316238164902e-03
4.862773120403289795e-01 4.968306124210357666e-01 -3.587548807263374329e-02
4.616879224777221680e-01 4.919500946998596191e-01 -2.044404298067092896e-02
4.923550188541412354e-01 4.948307871818542480e-01 -4.380878806114196777e-02
4.569945931434631348e-01 4.364695549011230469e-01 -1.303515210747718811e-02
4.404141902923583984e-01 4.392036497592926025e-01 -5.091374740004539490e-03
4.619549810886383057e-01 4.880966246128082275e-01 -3.010569326579570770e-02
4.204410016536712646e-01 2.585617899894714355e-01 2.205306664109230042e-02
4.306648969650268555e-01 2.790629863739013672e-01 1.185747422277927399e-02
4.268627166748046875e-01 3.022979497909545898e-01 6.424415390938520432e-03
4.638015627861022949e-01 5.915462970733642578e-01 8.646355010569095612e-03
4.912715256214141846e-01 3.134252429008483887e-01 -1.557845622301101685e-02
4.716095328330993652e-01 2.851265072822570801e-01 -1.562803238630294800e-02
4.841064214706420898e-01 2.537591755390167236e-01 -3.875678172335028648e-03
4.253943264484405518e-01 3.921442329883575439e-01 1.381179969757795334e-02
3.960721492767333984e-01 3.990627229213714600e-01 3.344936668872833252e-02
4.684147834777832031e-01 3.843098878860473633e-01 6.892295088618993759e-03
4.053764045238494873e-01 3.552030324935913086e-01 1.787593401968479156e-02
4.793630242347717285e-01 4.162701368331909180e-01 -1.498954836279153824e-03
4.780312180519104004e-01 4.706834554672241211e-01 -3.619804605841636658e-02
3.885644972324371338e-01 4.112063348293304443e-01 3.985292464494705200e-02
4.007059335708618164e-01 4.152319729328155518e-01 1.351152732968330383e-02
4.129110574722290039e-01 4.330020248889923096e-01 8.170405402779579163e-03
4.361768662929534912e-01 4.181891679763793945e-01 -2.099943114444613457e-03
4.601072967052459717e-01 4.179463684558868408e-01 -1.416394673287868500e-02
4.782304763793945312e-01 4.043267369270324707e-01 2.554100938141345978e-04
5.019712448120117188e-01 3.962893784046173096e-01 -1.266964431852102280e-02
3.882298469543457031e-01 4.479190707206726074e-01 2.535225450992584229e-02
3.933646082878112793e-01 3.478050231933593750e-01 1.839978992938995361e-02
5.068951845169067383e-01 4.869709610939025879e-01 -4.457815364003181458e-02
4.624177515506744385e-01 4.359847009181976318e-01 -1.442587748169898987e-02
3.730235695838928223e-01 3.812466859817504883e-01 1.017916277050971985e-01
4.887056648731231689e-01 3.931134343147277832e-01 -9.073518216609954834e-03
4.671094715595245361e-01 4.689147174358367920e-01 -1.427357457578182220e-02
4.110809266567230225e-01 3.665485680103302002e-01 7.246632128953933716e-03
4.761190116405487061e-01 4.547499716281890869e-01 -3.514438495039939880e-02
3.629487156867980957e-01 4.916918277740478516e-01 1.005074307322502136e-01
4.685596227645874023e-01 3.803532421588897705e-01 1.022711582481861115e-02
4.832685887813568115e-01 4.460663795471191406e-01 -4.925747215747833252e-02
3.977829813957214355e-01 5.808709859848022461e-01 3.013284131884574890e-02
3.985944986343383789e-01 6.023938059806823730e-01 4.354007169604301453e-02
3.725232183933258057e-01 4.485420584678649902e-01 7.535278052091598511e-02
3.874403536319732666e-01 5.615826845169067383e-01 4.621927812695503235e-02
3.883899152278900146e-01 3.579111397266387939e-01 5.965697392821311951e-02
4.421284198760986328e-01 6.488273143768310547e-01 -3.584108315408229828e-03
4.977227151393890381e-01 4.871307611465454102e-01 -4.741556942462921143e-02
4.645974636077880859e-01 4.598736763000488281e-01 -1.144013926386833191e-02
3.833752274513244629e-01 3.818677067756652832e-01 3.470169007778167725e-02
4.423267245292663574e-01 3.850527107715606689e-01 -5.221226019784808159e-04
4.520594775676727295e-01 3.809100389480590820e-01 5.971511360257863998e-03
4.663640260696411133e-01 5.637482404708862305e-01 -5.262538790702819824e-03
3.928064107894897461e-01 4.849252104759216309e-01 3.570137545466423035e-02
4.599642753601074219e-01 6.819360256195068359e-01 1.147592347115278244e-02
4.297920167446136475e-01 6.434553265571594238e-01 2.531165815889835358e-02
4.187333583831787109e-01 6.246245503425598145e-01 4.370795935392379761e-02
5.164873600006103516e-01 2.900271415710449219e-01 -9.459683671593666077e-03
4.790529012680053711e-01 6.855019927024841309e-01 6.634395103901624680e-03
4.563434123992919922e-01 3.871101438999176025e-01 2.300552790984511375e-03
4.676924645900726318e-01 3.822756111621856689e-01 3.257028292864561081e-03
4.775491058826446533e-01 3.832207024097442627e-01 6.345305591821670532e-03
3.901401460170745850e-01 3.518267869949340820e-01 2.968154475092887878e-02
4.782183468341827393e-01 3.685261905193328857e-01 8.804605342447757721e-03
4.496457576751708984e-01 3.672416210174560547e-01 5.940945819020271301e-03
4.472706615924835205e-01 3.578940033912658691e-01 -1.992601901292800903e-03
4.346944987773895264e-01 3.650694489479064941e-01 1.400446239858865738e-02
4.284336268901824951e-01 3.651738166809082031e-01 4.343145992606878281e-03
3.795299828052520752e-01 3.372217118740081787e-01 7.502486556768417358e-02
4.221392273902893066e-01 3.751688897609710693e-01 2.323725074529647827e-02
5.052153468132019043e-01 5.147522091865539551e-01 -3.687002882361412048e-02
4.669904112815856934e-01 5.103713870048522949e-01 -2.782192267477512360e-02
4.721305072307586670e-01 4.847354292869567871e-01 -3.644888848066329956e-02
4.812050759792327881e-01 5.146570205688476562e-01 -3.619583696126937866e-02
5.119994878768920898e-01 3.657606542110443115e-01 -2.432108111679553986e-02
4.123739898204803467e-01 6.112531423568725586e-01 1.466919668018817902e-02
4.307445287704467773e-01 6.282135248184204102e-01 2.658107504248619080e-02
4.532249569892883301e-01 6.608549952507019043e-01 -1.609862782061100006e-02
3.823303282260894775e-01 5.758634805679321289e-01 8.126975595951080322e-02
4.749488234519958496e-01 3.761346936225891113e-01 1.042060088366270065e-02
4.749200642108917236e-01 4.179913699626922607e-01 -2.211283147335052490e-02
4.915972948074340820e-01 6.771123409271240234e-01 5.996926221996545792e-03
4.453593492507934570e-01 6.640332937240600586e-01 2.590802498161792755e-02
3.725139796733856201e-01 4.940976798534393311e-01 6.639988720417022705e-02
4.752032756805419922e-01 5.693016052246093750e-01 -1.403477601706981659e-02
4.754472970962524414e-01 5.814320445060729980e-01 -1.465134881436824799e-02
4.725037813186645508e-01 5.788155198097229004e-01 -1.753953099250793457e-02
4.681390225887298584e-01 5.960377454757690430e-01 -1.609719172120094299e-02
4.553671479225158691e-01 6.047232151031494141e-01 -1.294466853141784668e-02
4.618237912654876709e-01 5.497335791587829590e-01 -1.921577751636505127e-02
4.567870497703552246e-01 5.574765801429748535e-01 -1.048623397946357727e-02
4.585807919502258301e-01 5.469853281974792480e-01 -5.545293912291526794e-03
4.484835863113403320e-01 5.238893032073974609e-01 -9.720898233354091644e-03
4.053084254264831543e-01 4.957153797149658203e-01 2.505208365619182587e-02
4.885994195938110352e-01 3.926943838596343994e-01 -2.246399223804473877e-02
4.843359291553497314e-01 3.626368343830108643e-01 -9.605806553736329079e-04
4.768680632114410400e-01 3.835933208465576172e-01 -3.376557142473757267e-04
4.609016776084899902e-01 5.517809987068176270e-01 3.975442610681056976e-03
3.938060998916625977e-01 5.389652252197265625e-01 3.762464970350265503e-02
4.984744787216186523e-01 3.590017855167388916e-01 -1.060499437153339386e-02
4.497466385364532471e-01 6.075658202171325684e-01 -6.025451235473155975e-03
5.109994411468505859e-01 4.172891080379486084e-01 -5.298579856753349304e-02
4.864431023597717285e-01 4.122644066810607910e-01 -3.638335317373275757e-02
5.001792311668395996e-01 3.988899588584899902e-01 -3.923869505524635315e-02
4.752546250820159912e-01 4.466277956962585449e-01 -2.251324802637100220e-02
4.887883365154266357e-01 6.588459014892578125e-01 -8.124694228172302246e-03
4.983187019824981689e-01 6.366124153137207031e-01 -1.078558154404163361e-02
4.704301059246063232e-01 6.312900185585021973e-01 -9.153941646218299866e-03
4.312296807765960693e-01 5.861878395080566406e-01 9.180661290884017944e-04
4.475652277469635010e-01 4.811438918113708496e-01 -1.587719097733497620e-02
4.427569806575775146e-01 5.981616377830505371e-01 3.635947825387120247e-03
4.288112819194793701e-01 4.824411571025848389e-01 -7.466033566743135452e-03
4.415196478366851807e-01 5.099746584892272949e-01 1.562026562169194221e-03
4.146306812763214111e-01 5.182493329048156738e-01 -4.101532977074384689e-04
4.657032191753387451e-01 6.555040478706359863e-01 -5.551076494157314301e-03
4.710588753223419189e-01 4.436524212360382080e-01 -2.046081423759460449e-02
4.262499511241912842e-01 5.849249958992004395e-01 8.283355273306369781e-03
4.355280697345733643e-01 6.189672946929931641e-01 7.769427262246608734e-03
4.260762333869934082e-01 5.519246459007263184e-01 -4.514874890446662903e-04
3.864904046058654785e-01 5.063996315002441406e-01 4.616770893335342407e-02
4.093091487884521484e-01 5.545471906661987305e-01 2.319831401109695435e-02
3.721230924129486084e-01 5.259284973144531250e-01 5.825636908411979675e-02
4.346815645694732666e-01 5.232103466987609863e-01 -6.124877836555242538e-03
4.766202867031097412e-01 4.265058934688568115e-01 -2.067003585398197174e-02
4.733330309391021729e-01 4.737751185894012451e-01 -4.840168729424476624e-02
4.785835742950439453e-01 4.829287827014923096e-01 -3.913233429193496704e-02
4.946699738502502441e-01 4.628950655460357666e-01 -4.137704521417617798e-02
4.791694283485412598e-01 3.529430031776428223e-01 -7.032370194792747498e-03
4.685629010200500488e-01 3.365398645401000977e-01 -1.150696724653244019e-02
4.412284195423126221e-01 3.280947506427764893e-01 -8.132472634315490723e-03
4.386998116970062256e-01 3.343134522438049316e-01 -1.432450721040368080e-03
4.190785288810729980e-01 3.407553434371948242e-01 5.551889538764953613e-03
3.984844386577606201e-01 3.788637518882751465e-01 9.351122193038463593e-03
3.714314699172973633e-01 4.156414270401000977e-01 6.665118038654327393e-02
4.133824706077575684e-01 4.060308337211608887e-01 1.895110309123992920e-02
4.243332743644714355e-01 4.051274061203002930e-01 6.416244432330131531e-04
4.482542276382446289e-01 4.098854064941406250e-01 8.820104412734508514e-03
4.593048691749572754e-01 3.975719511508941650e-01 3.932305611670017242e-03
4.645619094371795654e-01 4.006624221801757812e-01 -2.020490355789661407e-03
4.779993593692779541e-01 3.888255655765533447e-01 -1.053496543318033218e-02
3.617756664752960205e-01 4.090086519718170166e-01 1.076579764485359192e-01
4.675096869468688965e-01 4.809097945690155029e-01 -2.685893513262271881e-02
4.873821735382080078e-01 4.354104101657867432e-01 -3.272229433059692383e-02
4.866248965263366699e-01 4.821078777313232422e-01 -5.379140377044677734e-02
4.928895235061645508e-01 4.946959912776947021e-01 -4.828056320548057556e-02
4.748903810977935791e-01 4.819785058498382568e-01 -5.612751841545104980e-02
4.663496017456054688e-01 4.875841140747070312e-01 -3.178302198648452759e-02
4.963602125644683838e-01 4.800768494606018066e-01 -5.616976693272590637e-02
4.917647540569305420e-01 4.884564280509948730e-01 -3.497761487960815430e-02
4.828989803791046143e-01 3.851692676544189453e-01 6.856710650026798248e-03
4.809986948966979980e-01 3.826426565647125244e-01 6.145981606096029282e-04
4.878702163696289062e-01 3.883697390556335449e-01 -6.236910820007324219e-03
4.325640201568603516e-01 3.674581646919250488e-01 9.362908080220222473e-03
4.328647255897521973e-01 3.503126502037048340e-01 1.657429151237010956e-02
5.098373293876647949e-01 4.273685514926910400e-01 -3.680213540792465210e-02
5.906783342361450195e-01 3.952662348747253418e-01 2.555716224014759064e-02
5.008841156959533691e-01 4.913985729217529297e-01 -4.160754755139350891e-02
6.286870241165161133e-01 3.401159048080444336e-01 7.622207701206207275e-02
5.612316727638244629e-01 4.059007167816162109e-01 1.097369007766246796e-02
5.595412254333496094e-01 4.040542542934417725e-01 1.140719279646873474e-03
5.853894948959350586e-01 3.986809551715850830e-01 7.779613602906465530e-03
5.921005010604858398e-01 4.013984501361846924e-01 2.152332849800586700e-02
5.409554243087768555e-01 3.920368254184722900e-01 2.297227643430233002e-02
5.770184397697448730e-01 3.515462875366210938e-01 8.784691803157329559e-03
5.614181756973266602e-01 3.562915921211242676e-01 5.644535180181264877e-03
5.897443294525146484e-01 3.532566130161285400e-01 1.448037382215261459e-02
5.940559506416320801e-01 3.636628091335296631e-01 1.899780705571174622e-02
6.058731675148010254e-01 4.095255732536315918e-01 1.830528303980827332e-02
5.375800132751464844e-01 6.418123841285705566e-01 -5.198689177632331848e-03
5.858802199363708496e-01 3.901473879814147949e-01 1.679257117211818695e-02
6.288130879402160645e-01 4.093912541866302490e-01 7.946301996707916260e-02
6.053841114044189453e-01 3.978463411331176758e-01 4.096353426575660706e-02
5.603674054145812988e-01 4.756470620632171631e-01 -9.199784835800528526e-04
5.273680686950683594e-01 5.389549136161804199e-01 -2.495639026165008545e-02
5.097769498825073242e-01 5.512167215347290039e-01 -2.803209051489830017e-02
5.325226783752441406e-01 5.299907326698303223e-01 -2.272145822644233704e-02
5.290849208831787109e-01 5.563572645187377930e-01 -1.010600477457046509e-02
5.226225852966308594e-01 5.513689517974853516e-01 -2.229925245046615601e-02
5.373172760009765625e-01 5.551127791404724121e-01 -1.265483535826206207e-02
5.305004119873046875e-01 5.825447440147399902e-01 -6.333136931061744690e-03
5.137625336647033691e-01 4.788823425769805908e-01 -6.146404147148132324e-02
5.115846395492553711e-01 4.691790938377380371e-01 -6.648009270429611206e-02
6.052017211914062500e-01 3.467292785644531250e-01 2.417069301009178162e-02
5.332470536231994629e-01 4.291042983531951904e-01 -7.406050339341163635e-03
5.324674248695373535e-01 4.778764545917510986e-01 -3.361069038510322571e-02
5.478740334510803223e-01 4.689468443393707275e-01 -2.720530889928340912e-02
5.928726196289062500e-01 4.676891565322875977e-01 1.524134445935487747e-02
5.144231319427490234e-01 4.405532777309417725e-01 -6.024193763732910156e-02
5.916684269905090332e-01 3.313227593898773193e-01 1.346601452678442001e-02
5.893875360488891602e-01 3.456682562828063965e-01 1.967942900955677032e-02
6.180894970893859863e-01 3.102659285068511963e-01 5.332723259925842285e-02
5.408807396888732910e-01 3.388837575912475586e-01 -1.169276610016822815e-02
5.463178157806396484e-01 3.609721660614013672e-01 4.853138700127601624e-03
5.544291734695434570e-01 5.649365186691284180e-01 1.376269664615392685e-02
5.971361398696899414e-01 5.697024464607238770e-01 9.482005238533020020e-02
5.328790545463562012e-01 4.891589283943176270e-01 -2.238277345895767212e-02
5.116696357727050781e-01 4.883830845355987549e-01 -3.290541842579841614e-02
5.417107939720153809e-01 5.644165873527526855e-01 6.225278601050376892e-03
5.402022004127502441e-01 5.752627253532409668e-01 7.208429742604494095e-03
6.109060645103454590e-01 3.245534598827362061e-01 8.270919322967529297e-03
5.383536815643310547e-01 4.927934110164642334e-01 -2.496585436165332794e-02
5.638043284416198730e-01 3.310067653656005859e-01 -5.500179715454578400e-03
5.728234052658081055e-01 3.114570677280426025e-01 -1.483736652880907059e-02
5.736727714538574219e-01 2.559353709220886230e-01 9.633000008761882782e-04
6.230291128158569336e-01 3.256226778030395508e-01 2.335455827414989471e-02
5.682443380355834961e-01 2.932128012180328369e-01 9.923810139298439026e-04
6.114398837089538574e-01 3.466520309448242188e-01 3.180372342467308044e-02
6.179302334785461426e-01 3.552359342575073242e-01 4.653391987085342407e-02
5.218795537948608398e-01 5.466756224632263184e-01 -2.553525194525718689e-02
5.244804024696350098e-01 5.456279516220092773e-01 -2.491217106580734253e-02
5.355059504508972168e-01 5.519742369651794434e-01 -1.522397156804800034e-02
5.284855365753173828e-01 4.907499253749847412e-01 -3.627738729119300842e-02
5.379055142402648926e-01 5.718184113502502441e-01 6.399875506758689880e-03
5.311052799224853516e-01 5.743401646614074707e-01 -6.448125932365655899e-04
5.300476551055908203e-01 5.587592720985412598e-01 -5.578983109444379807e-03
5.250461101531982422e-01 4.843472540378570557e-01 -4.492989927530288696e-02
5.315998196601867676e-01 5.513560175895690918e-01 -6.459855474531650543e-03
5.217429995536804199e-01 5.439187288284301758e-01 -2.447717078030109406e-02
5.143432617187500000e-01 5.459681749343872070e-01 -3.543609008193016052e-02
5.120847821235656738e-01 6.197429299354553223e-01 -3.103607799857854843e-03
5.096197128295898438e-01 6.002538800239562988e-01 -2.055552043020725250e-02
5.104349851608276367e-01 5.893830060958862305e-01 -2.981525287032127380e-02
5.013986825942993164e-01 5.857548117637634277e-01 -2.933095023036003113e-02
5.088307857513427734e-01 5.788459181785583496e-01 -2.934697084128856659e-02
5.270820856094360352e-01 5.759178400039672852e-01 -1.628102920949459076e-02
5.282112956047058105e-01 5.626165866851806641e-01 2.220713067799806595e-04
5.324577689170837402e-01 5.808615088462829590e-01 -6.771835498511791229e-03
5.336673855781555176e-01 5.881289243698120117e-01 -1.867066137492656708e-02
5.471594929695129395e-01 5.391856431961059570e-01 -1.213380321860313416e-02
6.290442347526550293e-01 4.913639426231384277e-01 1.194919124245643616e-01
5.313332080841064453e-01 5.667851567268371582e-01 -3.265068400651216507e-03
5.318312048912048340e-01 5.802388787269592285e-01 -5.017747171223163605e-03
5.148378014564514160e-01 5.025604963302612305e-01 -2.086650207638740540e-02
5.275126695632934570e-01 4.943171143531799316e-01 -1.772037334740161896e-02
5.168327093124389648e-01 4.949417114257812500e-01 -1.778052933514118195e-02
5.593370199203491211e-01 4.405567348003387451e-01 4.128492437303066254e-03
5.637362599372863770e-01 4.548503458499908447e-01 -6.026210030540823936e-04
5.385692119598388672e-01 4.855631589889526367e-01 -1.993985101580619812e-02
6.026787161827087402e-01 2.742413878440856934e-01 2.581761032342910767e-02
5.986685156822204590e-01 2.984617650508880615e-01 2.250468172132968903e-02
5.844041109085083008e-01 3.130883574485778809e-01 5.597166717052459717e-03
5.441647768020629883e-01 5.976207256317138672e-01 2.152996137738227844e-03
5.370111465454101562e-01 3.301137387752532959e-01 -1.947771571576595306e-02
5.450531840324401855e-01 2.879003882408142090e-01 -2.144437655806541443e-02
5.492120385169982910e-01 2.542728781700134277e-01 4.354952368885278702e-03
5.904037356376647949e-01 4.048794806003570557e-01 2.014804258942604065e-02
6.104420423507690430e-01 4.170268177986145020e-01 2.348059043288230896e-02
5.408530235290527344e-01 3.886912465095520020e-01 1.722526550292968750e-02
5.889441370964050293e-01 3.713801503181457520e-01 2.907023578882217407e-02
5.234669446945190430e-01 4.118900299072265625e-01 2.057685051113367081e-03
5.294911861419677734e-01 4.715876281261444092e-01 -3.818930685520172119e-02
6.219981312751770020e-01 4.406638443470001221e-01 4.607632756233215332e-02
5.926719903945922852e-01 4.316198229789733887e-01 7.511548232287168503e-03
5.832228660583496094e-01 4.372318685054779053e-01 2.457836829125881195e-02
5.710916519165039062e-01 4.416779279708862305e-01 2.602674998342990875e-03
5.457868576049804688e-01 4.271463453769683838e-01 -1.094715204089879990e-03
5.440303087234497070e-01 4.062422215938568115e-01 -2.761978888884186745e-03
5.137039422988891602e-01 3.970224559307098389e-01 -2.236443944275379181e-02
6.139791607856750488e-01 4.769228994846343994e-01 4.318542033433914185e-02
6.148491501808166504e-01 3.814662694931030273e-01 2.000360563397407532e-02
5.083352327346801758e-01 4.894343316555023193e-01 -5.358867347240447998e-02
5.270245671272277832e-01 4.458903968334197998e-01 -1.148458663374185562e-02
6.105154752731323242e-01 3.975034356117248535e-01 1.024382561445236206e-01
5.329627394676208496e-01 3.998333513736724854e-01 -2.594155492261052132e-03
5.446625351905822754e-01 4.806070029735565186e-01 -5.483068525791168213e-04
6.003498435020446777e-01 3.940730988979339600e-01 2.572808228433132172e-02
5.329723954200744629e-01 4.715392589569091797e-01 -3.893755376338958740e-02
6.220291256904602051e-01 5.284500122070312500e-01 1.223062500357627869e-01
5.341253876686096191e-01 3.861071169376373291e-01 1.337376516312360764e-02
5.303409099578857422e-01 4.549336731433868408e-01 -5.033573135733604431e-02
5.793094038963317871e-01 6.000592112541198730e-01 4.140698909759521484e-02
5.827094316482543945e-01 6.257676482200622559e-01 6.081644445657730103e-02
6.279432773590087891e-01 4.748829007148742676e-01 7.704129070043563843e-02
6.017077565193176270e-01 5.791960954666137695e-01 6.688713282346725464e-02
6.270932555198669434e-01 3.702914416790008545e-01 6.906238943338394165e-02
5.398344993591308594e-01 6.493182182312011719e-01 1.637596264481544495e-02
5.021368861198425293e-01 4.855593144893646240e-01 -4.612413048744201660e-02
5.449141263961791992e-01 4.665635228157043457e-01 -8.510891348123550415e-03
6.184345483779907227e-01 4.067119359970092773e-01 6.375629454851150513e-02
5.845797657966613770e-01 4.013152122497558594e-01 1.632536388933658600e-02
5.697312951087951660e-01 3.894210755825042725e-01 4.327244125306606293e-03
5.329993367195129395e-01 5.697003006935119629e-01 -1.068704994395375252e-03
6.081528067588806152e-01 5.051515698432922363e-01 3.707408905029296875e-02
5.000385642051696777e-01 6.815822124481201172e-01 1.332373637706041336e-02
5.432729721069335938e-01 6.612207293510437012e-01 3.360016644001007080e-02
5.599689483642578125e-01 6.396214365959167480e-01 4.333231598138809204e-02
5.508238077163696289e-01 3.976048529148101807e-01 5.790879018604755402e-03
5.517576932907104492e-01 3.965973258018493652e-01 7.727285847067832947e-03
5.472951531410217285e-01 3.805114030838012695e-01 1.834346912801265717e-04
6.158160567283630371e-01 3.617585897445678711e-01 4.390658810734748840e-02
5.491511225700378418e-01 3.873994350433349609e-01 8.510164916515350342e-03
5.579624772071838379e-01 3.650114238262176514e-01 2.751112915575504303e-04
5.637528896331787109e-01 3.672009110450744629e-01 1.089075580239295959e-02
5.811417698860168457e-01 3.743302226066589355e-01 1.762604899704456329e-02
5.804684758186340332e-01 3.854461610317230225e-01 2.752716280519962311e-02
6.328338980674743652e-01 3.662827610969543457e-01 9.693115949630737305e-02
5.759285092353820801e-01 3.880335688591003418e-01 1.860477775335311890e-02
5.464987158775329590e-01 5.178419947624206543e-01 -1.642580702900886536e-02
5.399233698844909668e-01 4.870174825191497803e-01 -2.269684523344039917e-02
5.114677548408508301e-01 5.196833610534667969e-01 -3.816416114568710327e-02
5.693903565406799316e-01 6.224480867385864258e-01 1.992913521826267242e-02
5.496567487716674805e-01 6.323505043983459473e-01 2.802450954914093018e-02
5.092660784721374512e-01 6.741729378700256348e-01 5.429749842733144760e-03
5.879206061363220215e-01 6.029186248779296875e-01 9.224595129489898682e-02
5.494699478149414062e-01 3.808211386203765869e-01 5.203915759921073914e-03
5.343878865242004395e-01 4.244784414768218994e-01 -2.523028478026390076e-02
5.317897200584411621e-01 6.665508747100830078e-01 2.314502932131290436e-02
6.166152954101562500e-01 5.152419805526733398e-01 6.851723045110702515e-02
5.082067847251892090e-01 5.745419859886169434e-01 -1.046949438750743866e-02
5.233780145645141602e-01 5.851696729660034180e-01 -1.260218489915132523e-02
5.249992012977600098e-01 5.905570983886718750e-01 -1.758085377514362335e-02
5.264762639999389648e-01 6.020736694335937500e-01 -6.331893615424633026e-03
5.310376286506652832e-01 6.137935519218444824e-01 -1.010921224951744080e-02
5.384699702262878418e-01 5.622165799140930176e-01 -8.471760898828506470e-03
5.320889353752136230e-01 5.617133378982543945e-01 -3.139353357255458832e-04
5.419203042984008789e-01 5.575063228607177734e-01 -4.142974968999624252e-03
5.503765344619750977e-01 5.434544682502746582e-01 3.868808737024664879e-03
5.905715227127075195e-01 5.102123022079467773e-01 2.401168644428253174e-02
5.220410823822021484e-01 4.147760868072509766e-01 -1.667457632720470428e-02
5.372014641761779785e-01 3.782652914524078369e-01 7.545419037342071533e-03
5.430566072463989258e-01 3.737734854221343994e-01 6.473170593380928040e-03
5.327090620994567871e-01 5.685346126556396484e-01 -1.825250312685966492e-02
5.908877849578857422e-01 5.524926781654357910e-01 2.524507790803909302e-02
5.200355648994445801e-01 3.614602088928222656e-01 -1.068788021802902222e-02
5.334623456001281738e-01 6.198453307151794434e-01 -1.949581550434231758e-03
5.186781883239746094e-01 4.113475084304809570e-01 -2.383875474333763123e-02
5.284213423728942871e-01 4.479877948760986328e-01 -1.965120248496532440e-02
5.168550014495849609e-01 6.337996125221252441e-01 -1.255933754146099091e-02
5.519176721572875977e-01 5.893993973731994629e-01 1.197719573974609375e-02
5.509589910507202148e-01 4.951873719692230225e-01 2.427687635645270348e-03
5.413436293601989746e-01 6.099790930747985840e-01 3.390041238162666559e-04
5.723763704299926758e-01 5.017102956771850586e-01 3.812555223703384399e-03
5.669069886207580566e-01 5.173301696777343750e-01 3.838756121695041656e-03
5.716546177864074707e-01 5.168640613555908203e-01 -4.866931121796369553e-03
5.107922554016113281e-01 6.566112637519836426e-01 -1.608531735837459564e-02
5.369675159454345703e-01 4.575207531452178955e-01 -2.911089919507503510e-02
5.629752278327941895e-01 6.089624762535095215e-01 2.553706243634223938e-02
5.454162955284118652e-01 6.161862015724182129e-01 4.928162321448326111e-03
5.696155428886413574e-01 5.674586892127990723e-01 1.401220820844173431e-02
6.031748056411743164e-01 5.357887744903564453e-01 4.544994980096817017e-02
5.907177329063415527e-01 5.696790218353271484e-01 1.553342491388320923e-02
6.058616638183593750e-01 5.510846972465515137e-01 8.031622320413589478e-02
5.630316138267517090e-01 5.394180417060852051e-01 -9.678507223725318909e-03
5.322295427322387695e-01 4.426495432853698730e-01 -2.634507417678833008e-02
5.276002287864685059e-01 4.779765009880065918e-01 -6.316967308521270752e-02
5.295302867889404297e-01 4.923136830329895020e-01 -3.123387321829795837e-02
5.298609137535095215e-01 4.669712483882904053e-01 -4.916767030954360962e-02
5.372277498245239258e-01 3.644542098045349121e-01 3.776965895667672157e-03
5.508451461791992188e-01 3.408987820148468018e-01 -1.634783111512660980e-03
5.820753574371337891e-01 3.422040939331054688e-01 -2.068438567221164703e-03
5.965139269828796387e-01 3.459795713424682617e-01 4.937773570418357849e-03
6.008093357086181641e-01 3.534287810325622559e-01 9.545394219458103180e-03
6.011266708374023438e-01 3.851982951164245605e-01 3.384244441986083984e-02
6.313661932945251465e-01 4.400308430194854736e-01 8.078486472368240356e-02
5.982626676559448242e-01 4.129362702369689941e-01 2.316632866859436035e-02
5.874289274215698242e-01 4.310976862907409668e-01 1.147632673382759094e-02
5.627077817916870117e-01 4.188611209392547607e-01 -3.308049635961651802e-04
5.525762438774108887e-01 4.058268964290618896e-01 8.727381937205791473e-03
5.392891168594360352e-01 4.040732383728027344e-01 5.126779899001121521e-03
5.411170125007629395e-01 4.074379503726959229e-01 1.211454905569553375e-02
6.291478276252746582e-01 4.473259449005126953e-01 1.147794872522354126e-01
5.328945517539978027e-01 4.969993531703948975e-01 -2.870261669158935547e-02
5.198494791984558105e-01 4.211250245571136475e-01 -3.417295962572097778e-02
5.235301256179809570e-01 4.789581298828125000e-01 -5.217576026916503906e-02
5.086178779602050781e-01 4.814499616622924805e-01 -4.350196570158004761e-02
5.266377329826354980e-01 4.828237891197204590e-01 -4.696779325604438782e-02
5.313504934310913086e-01 4.930113255977630615e-01 -1.222703885287046432e-02
5.183698534965515137e-01 4.898992776870727539e-01 -4.943653196096420288e-02
5.102503895759582520e-01 4.939281046390533447e-01 -4.080570116639137268e-02
5.291783213615417480e-01 3.882177770137786865e-01 1.443220395594835281e-02
5.283054113388061523e-01 3.820801675319671631e-01 1.203057076781988144e-02
5.302044153213500977e-01 3.916244804859161377e-01 -1.804120652377605438e-02
5.845372080802917480e-01 3.908930122852325439e-01 2.306581102311611176e-02
5.957911610603332520e-01 3.712168931961059570e-01 2.402111887931823730e-02
4.494867324829101562e-01 3.719294071197509766e-01 1.247840933501720428e-02
4.561340510845184326e-01 3.694552183151245117e-01 4.939483478665351868e-03
4.449818134307861328e-01 3.473887443542480469e-01 1.589046604931354523e-02
4.281137287616729736e-01 3.636563122272491455e-01 1.239158585667610168e-02
4.495416283607482910e-01 3.817172050476074219e-01 3.248702734708786011e-03
5.709354281425476074e-01 3.817955255508422852e-01 6.886582821607589722e-03
5.825682282447814941e-01 3.861387372016906738e-01 1.017217244952917099e-02
5.730555057525634766e-01 3.667429089546203613e-01 1.410394720733165741e-02
5.486829280853271484e-01 3.831373155117034912e-01 1.399547699838876724e-02
5.709683895111083984e-01 3.931590914726257324e-01 1.796273328363895416e-02
