-1.314806107387747613e-02 -2.991048198900141397e-01 -4.784958361992914799e-01
2.308758494026896813e-02 -4.878335345731121819e-01 -2.117779648929054570e-01
2.657409565050045108e-02 -3.051630841030277264e-01 -2.735900254922125630e-01
-3.438718337870377839e-02 -4.425056580551178786e-01 1.351602168072740806e-01
2.287932361250674673e-02 -5.229629396216117776e-01 -1.145989243937050595e-01
2.180916072792353499e-02 -5.134559676365335612e-01 2.359630907118540066e-02
2.410867820011097784e-02 -3.774399630008618001e-01 3.754783501749572316e-01
-4.526615098863295827e-01 -1.193837435701333716e-01 4.737195174696577915e-01
2.458776250641309113e-02 -3.612481429010783174e-01 6.429087753190021459e-01
2.357574218526704846e-02 -3.898376178399098890e-01 7.719204949550695360e-01
2.213945791452329170e-02 -3.778537158355710357e-01 1.225675665828354077e+00
-1.195959709404380289e-02 -2.888877052262697198e-01 -5.052125856408040683e-01
-1.037199053831293349e-02 -2.663336892588599181e-01 -5.321005356967885014e-01
-8.206051638985648045e-03 -2.307838035520173303e-01 -5.519815129338239146e-01
-1.808219009884359796e-02 -1.990034045192530243e-01 -6.824156519527204701e-01
-1.916721384537298234e-02 -2.023200487296479277e-01 -7.239910232724269257e-01
-2.099429696592036709e-02 -2.121430396870949142e-01 -7.677311361625327457e-01
-2.074292748527961638e-02 -2.006946771946442887e-01 -8.077111084446935152e-01
1.122700922285535530e-02 -1.357655467528466886e-01 -8.657728495760408371e-01
2.198789505558518265e-02 -4.466690655457514758e-01 -2.531721164256910406e-01
-4.232939623206316559e-02 -3.527894527870369945e-01 -2.325468692210104216e-01
-7.022979632949266637e-01 1.451975108381220458e-01 8.999446117003540024e-01
-2.689245070535029036e-01 -1.797135816338479852e-01 3.735331498538245754e-01
-3.377930792835370788e-01 -1.723664701513494268e-01 3.673772446111500667e-01
-4.019206020954046998e-01 -1.533520527075493689e-01 3.785566779629454537e-01
-4.802931160791978904e-01 -1.053627843439164380e-01 4.489616224532788635e-01
-2.082377803396784355e-01 -1.751048838815294495e-01 3.968890214095392999e-01
-3.661036466813638590e-01 -2.338623001923101352e-01 6.593929100670865573e-01
-2.874519095074701269e-01 -2.331594443508033798e-01 6.446981117323451471e-01
-4.356780734193144156e-01 -2.088358722463057315e-01 6.446979829949985863e-01
-4.797690754504335686e-01 -1.767408300149830858e-01 6.080582244389161062e-01
-5.380991344504781893e-01 -6.262644852589199784e-02 3.931437532185442230e-01
-2.396786754232212990e-01 -2.785572594917107292e-02 -9.564795141617605800e-01
-4.746858624124739023e-01 -1.020288720408302763e-01 5.089002372626851844e-01
-7.245437752266492559e-01 2.247509312189355235e-01 4.885603561961735508e-01
-6.116222051166242402e-01 -4.109469570750434037e-03 4.773496111047095258e-01
-3.146585257578204953e-01 -1.883612305206561199e-01 -4.708572282704825973e-02
-8.864356222088271009e-02 -2.845987605503683682e-01 -4.595901716587389441e-01
-7.671431691986663193e-02 -2.509996318006375571e-01 -5.238715810189256139e-01
-1.524164341509092191e-01 -2.355542775777701436e-01 -4.811914152245055920e-01
-1.873609141299708014e-01 -1.846780456252181679e-01 -5.164889232022016330e-01
-1.288575634430575434e-01 -2.162954222024400242e-01 -5.284298463301992932e-01
-1.635242925500935973e-01 -1.656202814248310951e-01 -5.493669544854129505e-01
-2.969092357110443281e-01 -6.115240339058369834e-02 -6.594774975196209255e-01
-3.411425989363145450e-02 -4.806128100065207853e-01 -2.047756286611261967e-01
-4.419284621186292394e-02 -5.131826470845235466e-01 -1.101128979022670262e-01
-5.692608338705773541e-01 -1.671803555081752268e-01 7.073390731718447455e-01
-1.767182137572725908e-01 -2.313752062721663449e-01 1.898104817343391204e-01
-1.895085045065242335e-01 -3.196838103836368017e-01 -1.413381829987869764e-01
-1.948017346703412311e-01 -3.068472838449309847e-01 -8.394110063628779095e-02
-5.122483573260128153e-01 -1.037976964213226938e-01 -7.958273767257911802e-03
-3.989313986494216757e-02 -4.914847704181135590e-01 1.923462176969933934e-02
-4.158878220630701783e-01 -2.919133253917116644e-01 7.972028511879081236e-01
-5.065878220919262098e-01 -2.362005339988981767e-01 7.710579845626583939e-01
-6.352435526778066333e-01 -4.135444436668404833e-03 1.045320929227040008e+00
-1.205192911920943688e-01 -3.424052491759088657e-01 6.822241327910605335e-01
-2.177874280825020659e-01 -2.103792069350662874e-01 5.983291668678654140e-01
-3.348426248360678592e-01 -6.113615812881889600e-02 -5.546042140389979558e-01
-6.412285120525051951e-01 5.131580379754205889e-01 -3.867531895709686030e-01
-1.388394847385274744e-01 -2.863584141530906013e-01 -1.963658720250804901e-01
-8.557320776210497471e-02 -2.861134587613405333e-01 -2.267805026695282056e-01
-2.369486157382824087e-01 -7.284791682623187326e-02 -5.810618928795534543e-01
-2.251135358341793680e-01 -8.906403763403819562e-02 -5.887985272598066366e-01
-5.399776884789253550e-01 -2.126886535441219195e-01 8.396350540910413329e-01
-1.935665997586710763e-01 -2.769931923007042940e-01 -1.770798253610985640e-01
-2.909689979919560798e-01 -3.289206251107357204e-01 7.772425912286928806e-01
-3.012698905826649565e-01 -3.518709342592629685e-01 8.538029867945158280e-01
-3.648732465061299557e-01 -2.829961121771329413e-01 1.213684282940445947e+00
-5.865645279101405762e-01 -1.237517904518520284e-01 9.296118389117147274e-01
-3.250971676139147171e-01 -3.209399743281571293e-01 1.024979531508884989e+00
-6.057934289145028295e-01 -1.166666835012808434e-01 7.636287719886292180e-01
-6.532063220292960715e-01 7.663099022765976209e-03 8.140227413342366880e-01
-8.434308886029873165e-02 -2.749583674661528754e-01 -4.948496886431117403e-01
-1.408543687446089931e-01 -2.285843635672346608e-01 -5.055662459118730467e-01
-1.764388304612334313e-01 -1.804050433956876365e-01 -5.321176596579424434e-01
-1.231420770334646919e-01 -2.690237972170863578e-01 -2.124042831066939030e-01
-2.305622629587669170e-01 -8.128729185883792896e-02 -5.851124387864832244e-01
-2.192782320647452821e-01 -1.144072003704089679e-01 -6.265921996793824000e-01
-2.184475540799464266e-01 -9.056958164394263155e-02 -5.914221693939678559e-01
-1.082801000903402255e-01 -3.847576615104344455e-01 -1.816699097564229426e-01
-1.540363556994625016e-01 -1.520052788801580235e-01 -5.624724558646234662e-01
-1.176683356410803682e-01 -1.876532163232595973e-01 -5.472913617376922168e-01
-6.903172568792409480e-02 -2.194703759103344698e-01 -5.442045443111624969e-01
-8.179132769215519128e-02 -1.308109772798353720e-01 -8.564497543310465311e-01
-1.008378895382586737e-01 -1.973175802353437369e-01 -7.926120116315553688e-01
-9.762781827901512166e-02 -2.086328698497914580e-01 -7.510913295244661114e-01
-8.978480336088179303e-02 -1.976160976304841554e-01 -7.059429682944511342e-01
-8.043829523950973837e-02 -1.941081941070981198e-01 -6.667376728794138785e-01
-1.707488253166198344e-01 -1.449572401678738132e-01 -6.293373982515331200e-01
-1.860617489521598777e-01 -1.514371533758318566e-01 -6.465271698488948005e-01
-2.018955045328355569e-01 -1.579621416139715961e-01 -6.676130798042114733e-01
-2.134110616858334586e-01 -1.431594143028043220e-01 -6.909273246705729399e-01
-2.589564880377961398e-01 -1.705066641024337581e-01 -3.962634190332510187e-01
-7.172247565136724567e-01 5.448684186982966082e-01 1.113595955931136472e-01
2.603710051357166488e-02 -3.545681922589529744e-01 -2.598573704727222822e-01
-1.932066465812418699e-01 -1.130584203218610306e-01 -6.112859774342265240e-01
-2.063358184660832872e-01 -1.170778349615440583e-01 -6.189266192831968105e-01
-6.309684344898930375e-02 -2.864332363378994106e-01 -2.635531478853769816e-01
-1.690800335581051916e-01 -2.210045710190859936e-01 -2.278336547938768497e-01
-7.398708331129588700e-02 -2.873746654225288744e-01 -2.456965074182044795e-01
-2.466093470154440137e-01 -2.006252710974731901e-01 1.413604588875462253e-01
-3.565093030265820140e-01 -1.710391657037202418e-01 8.593746492954090765e-02
-2.058280677953577831e-01 -2.638174940737236795e-01 -1.201727924083706989e-01
-5.287541535813389260e-01 -1.543842883804713573e-01 1.153317150936068458e+00
-4.821752685073366074e-01 -2.302927823930200901e-01 1.004866204778962047e+00
-4.370553135538912670e-01 -2.901149777984945999e-01 8.748067826642809131e-01
-2.495399939692661828e-01 -8.743772596734555869e-02 -7.416256914276515566e-01
-1.394692530905422556e-01 -3.830484476990592135e-01 8.113353450221083563e-01
-1.622027902225631202e-01 -3.712035259915791308e-01 1.012329159479600893e+00
-1.877615761510048609e-01 -3.564831041516347554e-01 1.233196573702972643e+00
-4.534524633904601920e-01 -1.266972699888441189e-01 4.049456180743715716e-01
-6.132301216103752672e-01 -1.516328754355378283e-02 3.289313256150816489e-01
-1.678680917579955523e-01 -1.701749184795564585e-01 4.197725594711034791e-01
-5.411815110002970997e-01 -1.164083297275453899e-01 5.754494107666854319e-01
-1.299229038807692138e-01 -2.636425613448589722e-01 2.466807747120907113e-01
-1.502271740069877071e-01 -3.900482820464135081e-01 -1.178542135181758765e-01
-6.731177826383083485e-01 6.534688529102228305e-02 2.742840077449726355e-01
-5.711905230525360366e-01 -6.697262092527517252e-02 2.475961923483971372e-01
-4.877772823990711437e-01 -1.245482154566578958e-01 1.972396389410016049e-01
-3.584754812440094085e-01 -1.578951901426806081e-01 2.018810303125118111e-01
-2.623815847945188962e-01 -1.791603118988172039e-01 2.374284361573271163e-01
-1.904720075888466368e-01 -2.029489534807471518e-01 2.779154094100182437e-01
-3.971908055675016369e-02 -3.487224607887939865e-01 3.594920722421477421e-01
-6.604252799789200878e-01 7.231413462942315462e-02 6.748743958930758513e-02
-5.951306130706068842e-01 -8.631471369537341287e-02 6.012647019897321421e-01
-1.355131148146290071e-02 -4.427012097721640949e-01 -2.475427403696917050e-01
-1.716985724471969954e-01 -2.465596007179537974e-01 8.510110104089740890e-02
-7.428688466102406629e-01 4.379218965813636011e-01 5.340100497154049997e-01
-1.344518844539560609e-01 -2.197745969647968423e-01 3.242452115419227621e-01
-2.099476357089019585e-01 -1.981382718720581249e-01 -1.146542677024620649e-01
-5.015417925174459057e-01 -8.899376385291485336e-02 5.092309090120525905e-01
-1.538293457052331004e-01 -3.734638576013360467e-01 -4.827894454993880702e-02
-6.875863796296632913e-01 5.462445856259479093e-01 -1.290019295029631308e-01
-1.640654197541296933e-01 -1.590685840912220428e-01 4.528179000351673089e-01
-9.955172394729400187e-02 -4.464319855922438407e-01 -4.675115333200363654e-03
-5.136218728012598156e-01 1.955891529045994393e-01 -6.817085515580623145e-01
-5.071276451754780368e-01 3.270981303616937730e-01 -7.705006421925664206e-01
-7.126990429086266232e-01 3.104842127707077015e-01 8.467878259532779506e-02
-5.908799560875976908e-01 2.616228690853363847e-01 -5.343924039892655742e-01
-6.916012467381471573e-01 1.329947377507900708e-01 6.681394913597760166e-01
-2.486874547722047746e-01 2.268131717390038660e-02 -1.030073003217369276e+00
-1.774221313284363166e-03 -3.494745599778115164e-01 -2.545017232739921198e-01
-2.323952736724471668e-01 -2.115222038756869871e-01 2.124640501754261612e-02
-6.692099205732837675e-01 6.401202179659665203e-02 4.734018965856912065e-01
-3.910255947766749784e-01 -1.542535149601020894e-01 4.275318497719613475e-01
-3.344195480077982729e-01 -1.703787646655918753e-01 4.157992157315748560e-01
-2.299343362746359976e-01 -1.016199332823803370e-01 -6.345942267651647484e-01
-6.442640462765147902e-01 1.194695162007674560e-01 -1.241184061052469922e-01
-1.215008809676032531e-01 5.386451562935276605e-02 -1.152488508929905286e+00
-3.222567808119460864e-01 1.753319220754738783e-01 -1.009337054406902467e+00
-4.083301095038871509e-01 2.430658186570997525e-01 -9.131632382725385355e-01
2.271770141144845157e-02 -3.883262268396392436e-01 9.946821023536807083e-01
1.999878887696523999e-02 3.332307002720241718e-02 -1.173222487952623183e+00
-2.764255921649083625e-01 -1.748955138363184059e-01 4.217822932367265576e-01
-2.195509122330935314e-01 -1.693650891594999930e-01 4.370781011023847640e-01
-1.818190242323203254e-01 -1.584638635535839946e-01 4.457523058881092126e-01
-6.415851324008836620e-01 -2.212871112833530995e-02 6.399107321441643847e-01
-2.323915332306625281e-01 -1.907827325587030387e-01 5.307514427072077545e-01
-2.951263491022615426e-01 -2.036583432585359343e-01 5.650640294179334333e-01
-3.550965208038237009e-01 -2.004296002230177010e-01 5.734359551444296876e-01
-4.115802219831876663e-01 -1.818366374518631812e-01 5.612819992255815293e-01
-4.450696440949863941e-01 -1.574759134487957457e-01 5.393708893518347480e-01
-7.345275036059484286e-01 3.038771721581048357e-01 7.403611408041443909e-01
-4.280533169921940662e-01 -1.353079405840851290e-01 4.492521289101238935e-01
2.575791280871150835e-02 -2.889186923140321106e-01 -3.421689236903355802e-01
-1.964484837939127759e-01 -2.110053925266381913e-01 -3.547074930689269046e-01
-1.384453347712932825e-01 -3.134188569094293886e-01 -1.845724241333894788e-01
-6.943830514682480803e-02 -2.796920165765122146e-01 -3.423622986983512195e-01
2.445074909798221341e-02 -3.445172572755728080e-01 5.126769141033127308e-01
-4.267952707989315364e-01 1.461326032480412263e-01 -8.183911674040360573e-01
-3.430841414151100111e-01 8.939554597099713673e-02 -9.265500921819684876e-01
-1.295355502606998499e-01 -3.723555366735592509e-02 -1.104877976962923114e+00
-5.792777685347494376e-01 4.295027776398785413e-01 -6.040208067225893984e-01
-1.859106572008906166e-01 -1.726767532124717786e-01 4.825852774773715659e-01
-8.504908420096241040e-02 -3.501127687959348922e-01 1.995517054375519628e-01
1.470584871575496277e-02 -5.559117179622097282e-02 -1.124042409056811742e+00
-2.301865033424810303e-01 1.027799640753036536e-01 -1.093969691770602104e+00
-6.887497359369598726e-01 3.280954121593506745e-01 -1.310476778462931202e-01
-1.324605827855294127e-01 -1.721818511630146542e-01 -6.458354310431397849e-01
-1.474040962544131972e-01 -1.784207887945883364e-01 -6.753988550365921384e-01
-1.593154355275878675e-01 -1.865350347528742514e-01 -7.131940514962091804e-01
-1.666633655191150920e-01 -1.738295709523911547e-01 -7.525273781385992677e-01
-1.765933320802766104e-01 -1.171845196805395561e-01 -8.120478769219614534e-01
-1.905594548829805390e-01 -1.263520637154280646e-01 -5.755126244931298984e-01
-2.013423568395830143e-01 -1.290448988480843440e-01 -5.681538895630513508e-01
-2.106242067412383845e-01 -1.314716537760961534e-01 -5.595430369342464516e-01
-3.044501090088087558e-01 -1.211513493348924664e-01 -4.678500749688896398e-01
-5.618451634044818732e-01 -5.984070546094455434e-03 -2.014253784253805524e-01
-8.363799859209375409e-02 -3.019943999521401690e-01 3.104976231098641737e-01
-1.172945411176373742e-01 -2.125913073629925876e-01 5.190906924793861066e-01
-1.588379077320478672e-01 -1.880749367908107761e-01 5.134019525788016125e-01
-1.796735442325581023e-01 -1.184440540562730626e-01 -5.823292002641227150e-01
-5.662468269148979161e-01 1.212409805132986240e-01 -4.178821246149289070e-01
-6.242708167692484489e-02 -2.980374228878168719e-01 5.101064072013448136e-01
-2.114110864956317837e-01 -6.869745594464315985e-02 -8.776390661753787903e-01
2.256742284976867574e-02 -4.666231113000907094e-01 1.435868281526939683e-01
-3.840616181665978957e-02 -4.014700761410405772e-01 2.408709095845262826e-01
2.353583822114369006e-02 -4.198771215947982860e-01 2.552068076960278820e-01
-1.328447413004896216e-01 -3.280447935647579083e-01 4.690431678615267219e-02
1.283034929227738763e-02 -1.040150460195650162e-01 -1.047003955174001355e+00
1.234131137226014002e-02 -1.187424631105561956e-01 -9.470860902294679917e-01
-1.019160180471701538e-01 -1.028865264028605564e-01 -9.350697204173314958e-01
-3.602397568429984709e-01 -1.450917416807495641e-02 -6.756736332687016677e-01
-2.695224095706727496e-01 -1.718461226170053813e-01 -1.828599086904658666e-01
-2.969605937957315867e-01 -3.685702680200633741e-02 -7.917628815650559204e-01
-4.215107319249433715e-01 -1.457180793268331165e-01 -1.488164277208969821e-01
-3.330370828535658134e-01 -1.473461026679834251e-01 -2.699913323996747661e-01
-4.777543504020798082e-01 -7.247551022962539502e-02 -2.912448437367320953e-01
-1.225821493899705850e-01 -8.371392400672100775e-02 -1.030004241404160137e+00
-1.726298004094789507e-01 -2.729731801801416058e-01 9.277242573191291086e-04
-4.122413429335969326e-01 5.839175321578998767e-02 -7.317520037001861155e-01
-3.291962335387332850e-01 2.512328276995837162e-02 -8.522795527182043251e-01
-4.061984269980443152e-01 -2.452840389202198823e-02 -5.478529804764744604e-01
-6.247559220820519954e-01 1.643561167888607510e-01 -2.862871327792426701e-01
-4.898344627373467652e-01 4.727688689513373510e-02 -5.420706747447070484e-01
-6.537015123307088338e-01 3.250526410468699279e-01 -3.354577178837203633e-01
-3.851191438368832820e-01 -1.022914392227770586e-01 -3.837291471525350328e-01
-1.271341125549074746e-01 -2.955192690966512714e-01 1.441608044684059564e-01
-1.291673977700913412e-01 -3.996086590617198286e-01 -1.661769760356124337e-01
-1.683224055015086762e-01 -3.219602092119235870e-01 -1.761737996335941414e-01
-1.011515598241938263e-01 -4.545266172632977941e-01 -1.104530313455753254e-01
-1.725458535324642106e-01 -2.442150539294507539e-01 6.150513113077340499e-01
-2.856248694114493780e-01 -2.608260244634807989e-01 6.891438217843290914e-01
-3.830671972553467697e-01 -2.557061645655045456e-01 7.063450335336787234e-01
-4.622340737535046706e-01 -2.255867700244817975e-01 6.889343755967631822e-01
-5.155569280178462499e-01 -1.797450834136038456e-01 6.465531783042384184e-01
-5.486526094476062987e-01 -5.759762182713007439e-02 4.934546392271954574e-01
-7.286678569222626578e-01 2.695511336383860090e-01 2.900298271928267724e-01
-5.037196450184833196e-01 -9.210386516465940421e-02 3.438345481091251710e-01
-4.382452475150500071e-01 -1.287145202299638802e-01 3.049301260784413881e-01
-3.495272712882280253e-01 -1.570709040940387879e-01 2.973477153973305143e-01
-2.635349665903897742e-01 -1.742584077014563970e-01 3.152492177078549673e-01
-1.952858772534027398e-01 -1.798874411557871422e-01 3.445657824849672757e-01
-1.479428530659537833e-01 -1.885599000615212351e-01 3.716877779157825579e-01
-7.329346120091551064e-01 5.119541092389545689e-01 3.291659160230431258e-01
-1.679060776657053111e-01 -2.855885400423829878e-01 -1.962785895680090320e-01
-8.578787669202031507e-02 -3.900628965995467379e-01 1.006125976334746874e-01
-8.343485472529638125e-02 -4.500732558199496136e-01 -1.835983541800401131e-01
-4.949626395024525616e-02 -4.158173502633479846e-01 -2.261341747443839090e-01
-8.362658787728238785e-02 -4.155585042989518030e-01 -1.934728337836992829e-01
-1.495766598916993262e-01 -2.587239591399057570e-01 -2.218076031620652699e-01
-3.571422992139697272e-02 -4.327546595461195800e-01 -2.387736819460295479e-01
-2.555052154443096524e-02 -3.502058819184699079e-01 -2.472890275547372507e-01
-1.420585541878899294e-01 -1.671602170958663702e-01 4.482684351922519017e-01
-1.105524271902448841e-01 -2.030555166154723867e-01 4.198983525332322664e-01
-9.238055527076655116e-02 -2.464200522527226767e-01 3.941809375518237069e-01
-4.624274403895611840e-01 -1.328502020298460984e-01 5.227557087415708459e-01
-5.048977105736418558e-01 -1.337952869874314832e-01 5.658777278994051585e-01
7.965772662450409936e-02 -4.421023847703875465e-01 1.302009807118530427e-01
4.838993438683236725e-01 -1.296545548020172633e-01 4.378831129751663553e-01
9.090531255854417125e-02 -3.569003833517545576e-01 -2.385011137768191514e-01
7.119368134722092734e-01 1.247226797230149842e-01 8.250779090041500119e-01
2.952868251025408952e-01 -1.824626327385547864e-01 3.531077575856447215e-01
3.605701917732262451e-01 -1.775785311501942854e-01 3.430147380475236929e-01
4.226811587719847552e-01 -1.610282599372769852e-01 3.464428269082673317e-01
5.049666483361536784e-01 -1.154021616587963539e-01 4.069383397153731874e-01
2.412869824400892815e-01 -1.773987374252550264e-01 3.783991612463242227e-01
3.954771939740386877e-01 -2.422884581086304223e-01 6.354034841878162254e-01
3.183946747147570200e-01 -2.398973530785042385e-01 6.232442498524142227e-01
4.650115964066481311e-01 -2.208000146172506284e-01 6.168889631664755679e-01
5.079357068605983017e-01 -1.910750551862772095e-01 5.742572250669348843e-01
5.533806541230279485e-01 -7.550370060102279401e-02 3.414195281610457045e-01
2.586488758789686759e-01 -3.833693976646135315e-02 -9.669352011554694926e-01
5.073582584048330624e-01 -1.129441232379163607e-01 4.713456167822462906e-01
7.476136206877370682e-01 2.058025475659663872e-01 4.164030560820630722e-01
6.224239065626502310e-01 -2.011717163028062250e-02 4.174044097418796451e-01
3.473386235881159578e-01 -1.971150321983650144e-01 -7.751770967872834150e-02
6.287423159815613838e-02 -2.863765113790595063e-01 -4.678399723256017051e-01
5.680904494072525068e-02 -2.491558093349945935e-01 -5.341099876177346495e-01
1.337962377835784089e-01 -2.320922010036825522e-01 -4.975694611055168082e-01
1.780204967408629546e-01 -1.748858895689184845e-01 -5.318506464819634516e-01
1.135857507342588613e-01 -2.092715939126439384e-01 -5.420192129721130847e-01
1.564908594117212504e-01 -1.558525662305665360e-01 -5.594005302256221945e-01
2.847664511744172344e-01 -6.643960415269234421e-02 -6.928006911362634135e-01
7.822928820659658111e-02 -4.839603880684171244e-01 -2.100023590916033633e-01
8.674314133294364071e-02 -5.168981841555075896e-01 -1.162997679812449170e-01
5.868351023150175649e-01 -1.826994642550960890e-01 6.610743461826498191e-01
2.161177864080771061e-01 -2.334252840192441170e-01 1.717798678718074346e-01
2.305210598190665650e-01 -3.268252906898436727e-01 -1.582745861881635907e-01
2.344186790709340551e-01 -3.139619828982287419e-01 -1.014949881714145574e-01
5.362968412435642485e-01 -1.156007049400231690e-01 -5.665981183215496042e-02
8.339448320594994302e-02 -4.921896148489235401e-01 1.404397705826389287e-02
4.483070674806377554e-01 -3.068021775891482950e-01 7.621034292983264180e-01
5.321765473370998478e-01 -2.522045113218007728e-01 7.319001943641256780e-01
6.491391834305559883e-01 -2.417241777481493603e-02 9.751037778003230905e-01
1.674132098461100782e-01 -3.461300978952175367e-01 6.632183956973936034e-01
2.530651917111825799e-01 -2.137149234491342309e-01 5.772087742990981152e-01
3.338636383079109926e-01 -6.307724587606489131e-02 -5.966451053643715419e-01
6.842030001021370822e-01 4.927945247760190384e-01 -4.398221357026887990e-01
1.835654689751645696e-01 -2.939074281987283932e-01 -2.091282110604220090e-01
1.344610825540901722e-01 -2.953878952557604798e-01 -2.362110881532633044e-01
2.277252365694667491e-01 -6.130520308547687813e-02 -6.170210671786651169e-01
2.120917689587287214e-01 -8.044367054343415369e-02 -6.210760744253569499e-01
5.629080801695107716e-01 -2.293176792064288705e-01 7.916747853551293623e-01
2.329105866037139982e-01 -2.853119596466688890e-01 -1.940405252808417025e-01
3.318199883148387208e-01 -3.417037190606042607e-01 7.473119463227502202e-01
3.422160806728258287e-01 -3.653489296934253616e-01 8.182921248328023367e-01
3.945806874122892438e-01 -2.964683312328431075e-01 1.168591284419777665e+00
6.067048972433908283e-01 -1.405027355773924569e-01 8.708092762560633027e-01
3.601556182508680592e-01 -3.322957346319532768e-01 9.879549026545042523e-01
6.220542814715268598e-01 -1.323320690503083097e-01 7.044124965873566069e-01
6.715490697622494842e-01 -9.256662878540385109e-03 7.493543623209797389e-01
6.048385517295376546e-02 -2.750178714184368101e-01 -5.043321939820093469e-01
1.235852720391998338e-01 -2.233666914000389525e-01 -5.212345111992942037e-01
1.675004786025566794e-01 -1.708608239019944186e-01 -5.450777679479466009e-01
1.695273839331965515e-01 -2.776201574784173953e-01 -2.239008764974941279e-01
2.194409572573877698e-01 -7.183856342298311493e-02 -6.194982174298533373e-01
1.957137790437039060e-01 -1.080719469995689019e-01 -6.568487111805132450e-01
2.046588354815860322e-01 -8.197184557961062490e-02 -6.212150655910151364e-01
1.507747620582949866e-01 -3.870976275880322337e-01 -1.928382322815194172e-01
1.480001462269893153e-01 -1.424015015191208988e-01 -5.697492678994877657e-01
1.059139578915127000e-01 -1.789151726728515079e-01 -5.566208684049498423e-01
5.353252202879818511e-02 -2.147966776187879567e-01 -5.534599846775605236e-01
9.854372884611473093e-02 -1.329590458699414501e-01 -8.634189442879249832e-01
6.083452325067295607e-02 -1.953748767432923472e-01 -8.021966849580417502e-01
5.671807697196395992e-02 -2.052016055296128627e-01 -7.613832276817906752e-01
5.275866973549644956e-02 -1.934422888961018216e-01 -7.176842558214575618e-01
4.609608002091161727e-02 -1.893317821649276311e-01 -6.788835819378267189e-01
1.438654325531826261e-01 -1.378202997744581992e-01 -6.555996484269344116e-01
1.568926783629127630e-01 -1.465577795341848066e-01 -6.737881246878880681e-01
1.700427591320176068e-01 -1.542816258490344872e-01 -6.956979665805835822e-01
1.828731403354245666e-01 -1.400715203266138520e-01 -7.179609839896556878e-01
2.847654510103470038e-01 -1.758400378780224926e-01 -4.250122609938902229e-01
7.546101091546764117e-01 5.230259431811234982e-01 4.109356665296659550e-02
1.726450912203416621e-01 -1.033946122494587838e-01 -6.382675801896677825e-01
1.839162898142763236e-01 -1.096231461287153208e-01 -6.479837198736984050e-01
1.140391624452480324e-01 -2.917579102165446248e-01 -2.708520531892626426e-01
2.134414976697736055e-01 -2.318329073429741261e-01 -2.429843912953402185e-01
1.239973898742817160e-01 -2.951024990098836120e-01 -2.544337701563703646e-01
2.828810580817320286e-01 -2.039709936878764118e-01 1.168908259241729919e-01
3.881831115396261467e-01 -1.785479842179715781e-01 5.075334185972943390e-02
2.457037339772821793e-01 -2.717093843305773415e-01 -1.387188131478511721e-01
5.496627496838257798e-01 -1.735539736144708911e-01 1.091693356751690658e+00
5.087216099791969093e-01 -2.463222641628592946e-01 9.537542830408924921e-01
4.694561881940861880e-01 -3.056515103755008678e-01 8.331211930915038977e-01
2.474982226020889797e-01 -9.038163405414056939e-02 -7.585061305073841353e-01
1.887304452679550160e-01 -3.889480871231765224e-01 7.822913353853966356e-01
2.024017442083547724e-01 -3.778458246081772831e-01 9.919534191398282630e-01
2.244778474037473215e-01 -3.656706076869042921e-01 1.207929242367091760e+00
4.750810550803530319e-01 -1.362414412198564850e-01 3.662662843617943143e-01
6.205332947387454112e-01 -3.214441726660197118e-02 2.704596033008643818e-01
2.058693862619914716e-01 -1.697905210107519824e-01 4.028019348799887211e-01
5.634875487794888116e-01 -1.306344034963635159e-01 5.324985199644620693e-01
1.717186950770510645e-01 -2.643940587120208185e-01 2.330600716964148500e-01
1.913187047232867144e-01 -3.959273727143974853e-01 -1.330417694660568362e-01
6.974586207483435274e-01 4.762858365862329690e-02 2.084278642251391478e-01
5.781173161991337572e-01 -8.127244535626854116e-02 1.952809330829650136e-01
4.967855919426833466e-01 -1.362043524511058479e-01 1.540602314984087506e-01
3.746975720920753261e-01 -1.647140628634413684e-01 1.719129905862678553e-01
2.847299410951786847e-01 -1.832186754526954342e-01 2.165051183535300350e-01
2.178907242490862872e-01 -2.058221178099028936e-01 2.620478642623447207e-01
8.700151590026988790e-02 -3.491559101270780285e-01 3.534166247958760998e-01
6.872630286959768853e-01 5.656396823884521363e-02 4.765790043353354544e-03
6.090715079036868040e-01 -1.015075675369269681e-01 5.469766357731364881e-01
5.633222656397288142e-02 -4.434730005951346143e-01 -2.503258043619596140e-01
2.124171953217768305e-01 -2.489703391218356376e-01 6.815848301309873625e-02
7.668713720194508809e-01 4.184979444803718085e-01 4.578010232026055171e-01
1.684748640147559762e-01 -2.208866287291244568e-01 3.127177073855054168e-01
2.535091048169907380e-01 -2.061529811920681521e-01 -1.338855941937255878e-01
5.307890801718206930e-01 -1.002254059211260540e-01 4.676391847762653153e-01
1.934347057840118955e-01 -3.794105287407201210e-01 -6.325207505594071522e-02
7.299209838323905686e-01 5.234517538112903878e-01 -1.912444640559662901e-01
2.058898087584865033e-01 -1.570292068484901993e-01 4.363660872356942555e-01
1.395911094239565831e-01 -4.496413793381925927e-01 -1.514857203177182032e-02
5.414577518043537374e-01 1.763728462991576151e-01 -7.157686039375938947e-01
5.421076254472279032e-01 3.065993099153097035e-01 -8.007121115748194740e-01
7.504589447666476509e-01 2.913875286483766924e-01 1.747754604479836993e-02
6.223175328173824461e-01 2.418658039694210338e-01 -5.791712685298433527e-01
7.128369815634694184e-01 1.153252013981164725e-01 5.987456389453256200e-01
2.741908596968167799e-01 1.130853982546393272e-02 -1.038997481866624106e+00
5.441861011666704329e-02 -3.513653482068159750e-01 -2.570896122869976708e-01
2.697015719974205084e-01 -2.171799298328214167e-01 -1.508300144700297496e-03
6.731599533575005623e-01 4.746342853502283354e-02 4.017720461105791507e-01
4.201765463270268341e-01 -1.620964164772953353e-01 3.983135420900103529e-01
3.640655635999245909e-01 -1.758414826113718910e-01 3.916093800874633768e-01
2.072495358106692942e-01 -9.534987490519419850e-02 -6.663132025489701959e-01
6.733785087913979339e-01 1.032655220681600317e-01 -1.818839216864065467e-01
1.585023096134463572e-01 4.786442162955975577e-02 -1.155065089368694231e+00
3.580756169695131774e-01 1.611376954787735460e-01 -1.020107298326524692e+00
4.441457391917258413e-01 2.260883995674478619e-01 -9.311066898993680674e-01
3.084277388673517528e-01 -1.785860514989190406e-01 4.003170935821627197e-01
2.562595763426284146e-01 -1.700659248467939477e-01 4.176672566245922535e-01
2.226671579308864279e-01 -1.569742839058296813e-01 4.274441663517993817e-01
6.505785433071764601e-01 -3.724687988826638763e-02 5.713647844157958566e-01
2.663869092780390968e-01 -1.919811890454470316e-01 5.057784363161155206e-01
3.236102709834742797e-01 -2.083313387316587662e-01 5.369999132013107968e-01
3.827475709809902149e-01 -2.077787949895482100e-01 5.439184985785239235e-01
4.399346646053237109e-01 -1.917659479270550360e-01 5.291531838685525901e-01
4.739332287085673556e-01 -1.683671329783764659e-01 5.044376453645833536e-01
7.508638594266758837e-01 2.834008690126132990e-01 6.640187154554895166e-01
4.582079064073929509e-01 -1.444691505496786821e-01 4.160996018979077338e-01
2.326701443235961175e-01 -2.168088259470797308e-01 -3.758203308474667992e-01
1.826622492267071518e-01 -3.207547445780540851e-01 -1.978838510202500789e-01
1.171429485824365679e-01 -2.800852696935081099e-01 -3.503938502488328499e-01
4.536394208118434968e-01 1.280770926858233461e-01 -8.421768311230115600e-01
3.677066398002826197e-01 7.339815424434448232e-02 -9.411616416093755433e-01
1.564629008058049386e-01 -4.384751031865752324e-02 -1.109938669121004473e+00
6.193669082001296289e-01 4.093355350482144051e-01 -6.459328199159264372e-01
2.249312773297923451e-01 -1.707469377708747960e-01 4.633212547126395187e-01
1.291555924939102873e-01 -3.516565769583390733e-01 1.897353141642754704e-01
2.657303907237884566e-01 9.248979854271427437e-02 -1.098983588267135048e+00
7.270169490216704666e-01 3.086470087738037993e-01 -1.928061379571899270e-01
1.006932136011574053e-01 -1.658629635578792172e-01 -6.679222029965097285e-01
1.131147062462334318e-01 -1.733321772130880234e-01 -6.978671709644772569e-01
1.228973209074534223e-01 -1.818259612614196996e-01 -7.341312986929571238e-01
1.320436240580805665e-01 -1.697353526041971428e-01 -7.701375670059631418e-01
1.841478265415079640e-01 -1.174837131130470613e-01 -8.230020185905910779e-01
1.862159860459163818e-01 -1.152038704234616961e-01 -5.887973526897654075e-01
1.966017631820838885e-01 -1.158796829922236205e-01 -5.839862104026494194e-01
2.061988476773564116e-01 -1.175930167178766972e-01 -5.762690629523983255e-01
3.195760705094681242e-01 -1.210401901560301252e-01 -5.007636728252866654e-01
5.844630600091100803e-01 -2.166559988361499434e-02 -2.518251784091392054e-01
1.288415216436389343e-01 -3.027182148936047312e-01 3.001013964271144197e-01
1.616776921693280356e-01 -2.145703956284361613e-01 5.033899270726012176e-01
1.982914405957708626e-01 -1.867065979607340775e-01 4.958726996800368880e-01
1.758585059812849405e-01 -1.060106964087486059e-01 -5.943931043840517958e-01
5.919921795573888090e-01 1.022620607906341017e-01 -4.662561954737003411e-01
1.045355154113197793e-01 -2.983144996640663127e-01 5.000443346504268582e-01
2.237758991275948794e-01 -7.556210479373737243e-02 -8.873549384402381612e-01
8.390740509531646740e-02 -4.030562759770039971e-01 2.353159274080585117e-01
1.741589466713855394e-01 -3.323667872434066251e-01 3.281528908522123034e-02
1.217411593292758165e-01 -1.083315389092336378e-01 -9.408766721372638919e-01
3.570918541945946600e-01 -2.585942262223434041e-02 -7.111013998161435090e-01
3.052001637334877948e-01 -1.817548527711543294e-01 -2.077384866000209218e-01
3.024761573901533218e-01 -4.658085951761337107e-02 -8.092888929190644731e-01
4.456355482470248930e-01 -1.587974180220341758e-01 -1.878885503831573267e-01
3.594287462153231694e-01 -1.585011532130293777e-01 -3.025256073138267165e-01
4.974611112804319113e-01 -8.918800343231247929e-02 -3.378355560419274983e-01
1.451619615762588245e-01 -8.959480744172088063e-02 -1.036643230263778914e+00
2.128344360789941048e-01 -2.784423689323844986e-01 -1.550661781221716884e-02
4.269641002714150702e-01 4.260136211916842885e-02 -7.567731042762284588e-01
3.460415357734025754e-01 1.090934405080225961e-02 -8.677622064043557515e-01
4.087213965419995709e-01 -3.427580030430424363e-02 -5.956859271002863387e-01
6.541852758104931276e-01 1.463098931776767309e-01 -3.391706091798434297e-01
5.023354465835772054e-01 2.848975933269043415e-02 -5.864474295833610462e-01
6.909645825120191986e-01 3.071033183468594441e-01 -3.904315747433828587e-01
3.980018586865643471e-01 -1.128465528322575295e-01 -4.283110198864474860e-01
1.695969649852380190e-01 -2.967921556401731387e-01 1.305628939427680990e-01
1.700002067050587762e-01 -4.039448044088373990e-01 -1.790598726189247536e-01
2.096891506643921987e-01 -3.301845692637288554e-01 -1.916448537310404543e-01
1.435701977074371749e-01 -4.594706921798508148e-01 -1.216367679033236726e-01
2.150286234207365865e-01 -2.477854239812993242e-01 5.979280500591319658e-01
3.233630546116827986e-01 -2.704647483811251085e-01 6.679117873177209397e-01
4.176021123020889902e-01 -2.683251209855830322e-01 6.798406225970503591e-01
4.926063979149519767e-01 -2.397593512938422933e-01 6.573511098065214497e-01
5.413520246418213056e-01 -1.946909102728233698e-01 6.095655235159571639e-01
5.685730976207570286e-01 -7.107625357061997384e-02 4.430443587905821268e-01
7.583040873924207226e-01 2.523020468923875548e-01 2.189165048980001860e-01
5.200634501578704771e-01 -1.033861897063292901e-01 2.965402648725696810e-01
4.547099462581094542e-01 -1.384153165422874476e-01 2.644095322710859897e-01
3.693211210441638137e-01 -1.635554728574906136e-01 2.673217288710376671e-01
2.881381306416308519e-01 -1.778285252340283673e-01 2.934494635475843882e-01
2.262050792556918877e-01 -1.829217127834137369e-01 3.272365897505595811e-01
1.835319571802274119e-01 -1.898960742487409981e-01 3.575511571874536720e-01
7.631915348611961747e-01 4.933057500514959060e-01 2.549206402258208382e-01
2.090030843336637689e-01 -2.943438675742673372e-01 -2.110314248891365096e-01
1.300638569844764225e-01 -3.913138455309139729e-01 9.093014980683944426e-02
1.251701991197420871e-01 -4.545676417415500659e-01 -1.928308979395378930e-01
9.101997351721791141e-02 -4.203439838158857800e-01 -2.322884073299740226e-01
1.251050570376066595e-01 -4.197049434349722219e-01 -2.028960206596328586e-01
1.928255753653165261e-01 -2.684349550331679435e-01 -2.347756658304751554e-01
7.759286071729043499e-02 -4.362512238552742616e-01 -2.436001090215538234e-01
7.568352037204267857e-02 -3.539291224723961626e-01 -2.514834072542457832e-01
1.833519425009211279e-01 -1.667677705751202666e-01 4.326117503434834255e-01
1.501830462634018426e-01 -2.037197370076593295e-01 4.067345878509560642e-01
1.300541981221464694e-01 -2.478496585722844703e-01 3.840764599307788796e-01
4.926978098930812067e-01 -1.441681791368809584e-01 4.860290237730722218e-01
5.324347482974234325e-01 -1.481909059078490021e-01 5.275490883451396940e-01
-3.417678589568606817e-01 -1.623645288192254732e-01 5.057544230738908464e-01
-2.741985615347530825e-01 -1.686610969812485372e-01 5.036603142259643562e-01
-3.409306944251122573e-01 -1.710985392986308362e-01 5.843623425825552609e-01
-4.102496347849626801e-01 -1.560129114549035911e-01 5.073889878912116735e-01
-3.432132161663004055e-01 -1.536331697922244111e-01 4.268495186904490701e-01
3.701587274846462883e-01 -1.690730506161119973e-01 4.753605539164820204e-01
4.363057732111230713e-01 -1.750665956462149619e-01 4.719729509830632441e-01
3.692045202681937255e-01 -1.779558896441635341e-01 5.585491153433683742e-01
3.034861260137455830e-01 -1.631058622855041662e-01 4.793112899407883098e-01
3.713624237463797328e-01 -1.602073828988692661e-01 3.921313165684185975e-01
