-2.031465060443610193e-02 -2.880052805075221656e-01 -5.469091076960843623e-01
2.416545701253625111e-02 -5.107393597312945843e-01 -2.217662656126702103e-01
2.595221303912520483e-02 -3.229168823231842733e-01 -2.919175012673116409e-01
-3.599259099079188395e-02 -4.631645746058028479e-01 1.414703364388882889e-01
2.394747275058628500e-02 -5.473781025287447477e-01 -1.199491122511379682e-01
2.282734800602276293e-02 -5.374272859570172756e-01 2.469792742389612106e-02
2.523422125705732100e-02 -3.950612081908095874e-01 3.930080260802333303e-01
-4.737945647709835839e-01 -1.249573192996815685e-01 4.936669360567635945e-01
2.573567219873340584e-02 -3.781134532139098781e-01 6.729237559124570112e-01
2.467640447412128291e-02 -4.080376626724877553e-01 8.079585450878745689e-01
2.317306551977693641e-02 -3.954942775814300759e-01 1.282897829743372853e+00
-1.920739270351284889e-02 -2.739876924924561363e-01 -5.773615571108527966e-01
-1.697679220426662888e-02 -2.477417432714007495e-01 -6.040788239840175766e-01
-1.321554049317353458e-02 -2.117312561860568154e-01 -6.196736324575675692e-01
-1.548266136513513219e-02 -2.137426486170700413e-01 -6.617943754809894052e-01
-1.631699943092870808e-02 -2.174258613982958943e-01 -7.051804470330318431e-01
-1.837396728991443073e-02 -2.274168215031229234e-01 -7.550639851018559057e-01
-1.811799723591916988e-02 -2.149514396632289381e-01 -8.030975381308271821e-01
1.443139785499297778e-02 -1.458647011608246169e-01 -8.775209204673743990e-01
2.301442676384635178e-02 -4.686804615199717805e-01 -2.666087770362542964e-01
-4.448634446797894437e-02 -3.722523772854089419e-01 -2.465106627612231316e-01
-7.350856005902191015e-01 1.519762337881420677e-01 9.419596239265715099e-01
-2.814795757820487410e-01 -1.881037294622762701e-01 3.735658382671127598e-01
-3.535633613336894854e-01 -1.804136091159529443e-01 3.661153917757160592e-01
-4.206847557904875856e-01 -1.605114803941596335e-01 3.797174600882968765e-01
-5.027161862124902569e-01 -1.102817744849140524e-01 4.638786661893992136e-01
-2.179596151872713605e-01 -1.832798690322849922e-01 4.010922691282388097e-01
-3.831956421124136369e-01 -2.447804470138867927e-01 7.093372000671638311e-01
-3.008719526249983289e-01 -2.440447774898597544e-01 6.936175440635365952e-01
-4.560182358508910738e-01 -2.185856297442958507e-01 6.926134936415846433e-01
-5.021676801075862784e-01 -1.849921913070087243e-01 6.517037832794663199e-01
-5.632209490809785279e-01 -6.555023793543907074e-02 4.053248078056952419e-01
-2.442206720044730606e-01 -2.870937655484263884e-02 -9.855873467394129506e-01
-4.968471510668841518e-01 -1.067922171690985356e-01 5.368720805507070093e-01
-7.583699853942516000e-01 2.352437026631424288e-01 5.113693815177631219e-01
-6.401765340072085309e-01 -4.301326675605057423e-03 4.994116675623121449e-01
-3.293487429499872832e-01 -1.971551043884245402e-01 -4.928397724686295334e-02
-9.930796427096444390e-02 -2.814433914309442120e-01 -5.217570903851809216e-01
-8.630638279415225878e-02 -2.378954309947740597e-01 -5.939645898406473723e-01
-1.704934457040000462e-01 -2.365830938412336604e-01 -5.373890758259844969e-01
-2.212658238397919863e-01 -1.805777364568529331e-01 -5.500772250195335999e-01
-1.450024870757217199e-01 -2.093920490928345979e-01 -5.864423021111107026e-01
-1.931036865393321866e-01 -1.597196224759163119e-01 -5.791502919533637606e-01
-3.181386527432104039e-01 -5.805564455874762109e-02 -6.660972135627796220e-01
-3.570692711525849661e-02 -5.031782697970523799e-01 -2.144279498996688460e-01
-4.625604315727782634e-02 -5.371412051015562739e-01 -1.152536556412553925e-01
-5.958374704591218318e-01 -1.749853743830458441e-01 7.415961653983793589e-01
-1.849685191817127539e-01 -2.421772400795596525e-01 1.986720046597765243e-01
-1.983559402601202670e-01 -3.346672546780762314e-01 -1.479422577704362363e-01
-2.038962913324438020e-01 -3.211728236778412793e-01 -8.785999333664218369e-02
-5.361632968857357184e-01 -1.086436157722078799e-01 -8.329816863465705490e-03
-4.175560114888346441e-02 -5.144303365892373137e-01 2.013261768162652454e-02
-4.353040524638505104e-01 -3.055416551532017522e-01 8.344212389686305187e-01
-5.302384926577854429e-01 -2.472278441186315234e-01 8.070592985173550282e-01
-6.649006729998632181e-01 -4.328512362021329218e-03 1.094122990204728918e+00
-1.261458813478637531e-01 -3.583908560048287839e-01 7.140745988170529301e-01
-2.279550998865635947e-01 -2.202010168960351066e-01 6.411296356914610861e-01
-3.792509210636774153e-01 -4.720626159043031511e-02 -5.563067900793083886e-01
-6.711650475052621800e-01 5.371154360826853047e-01 -4.048092341064775113e-01
-1.454428154314221233e-01 -3.016595078238659688e-01 -2.063819860001900874e-01
-9.043503078934223005e-02 -3.028885536914882604e-01 -2.394683556131168567e-01
-2.810663161723387926e-01 -5.854609478853273208e-02 -5.731797545153352047e-01
-2.648158870223104033e-01 -7.776412008695940403e-02 -5.804004836931868638e-01
-5.651872056962812252e-01 -2.226182828378071576e-01 8.788344410361368375e-01
-2.026034926404252090e-01 -2.905502414143215084e-01 -1.855116361853961227e-01
-3.045532406766078282e-01 -3.442766858124848284e-01 8.135291099195605113e-01
-3.153350430061081511e-01 -3.682984581454507023e-01 8.936637989573035235e-01
-3.819077992037787084e-01 -2.962081309597435208e-01 1.270346614514568984e+00
-6.139490085672854036e-01 -1.295292937795591293e-01 9.730119018374949746e-01
-3.402747255373963498e-01 -3.359234486108713114e-01 1.072831951522381644e+00
-6.340756342763587128e-01 -1.221134099664098471e-01 7.992797129179542992e-01
-6.837020561550328779e-01 8.020855336422674786e-03 8.520263642015435401e-01
-9.492656234558055628e-02 -2.667167670665157031e-01 -5.639441622746672600e-01
-1.582677044779134956e-01 -2.255386317539118668e-01 -5.643712978737651653e-01
-2.080939926421887520e-01 -1.755053564389046361e-01 -5.656611335102261773e-01
-1.294550216834022827e-01 -2.841268576739282015e-01 -2.233361367347053150e-01
-2.727118365760500263e-01 -6.834270473972456350e-02 -5.768291715373314865e-01
-2.393347079295681246e-01 -1.130186315676587894e-01 -6.196998264331203821e-01
-2.553392998769932198e-01 -8.084144668610956930e-02 -5.834587247526212828e-01
-1.133352886763978606e-01 -4.037564763682301994e-01 -1.908444510782100201e-01
-1.814229610921034297e-01 -1.462652668440366233e-01 -5.894607050547893135e-01
-1.329823700625047955e-01 -1.787666604147041260e-01 -5.993046336899183757e-01
-7.711845094362101971e-02 -2.046192028905947646e-01 -6.107042334684624763e-01
-7.939121344666286162e-02 -1.395845854678119391e-01 -8.688571274941359057e-01
-9.909202161977326284e-02 -2.101334315309115741e-01 -7.890155035425645558e-01
-9.595178528799941375e-02 -2.223520037246895509e-01 -7.403552870845011569e-01
-8.780888497486760702e-02 -2.110034646452599860e-01 -6.905644205781666933e-01
-7.880328422674559574e-02 -2.071969603005601179e-01 -6.501129412014141629e-01
-1.769007882586880465e-01 -1.502451007715828180e-01 -6.196519806763527427e-01
-1.908146742134078089e-01 -1.575537443911851909e-01 -6.380270098657443434e-01
-2.047851136270623096e-01 -1.651241143062645023e-01 -6.618139741782171903e-01
-2.144309613650218216e-01 -1.500102842329089636e-01 -6.877661740290892389e-01
-2.863364589076483613e-01 -1.726498641571816428e-01 -4.192567930483461769e-01
-7.507092693626713498e-01 5.703062656231594474e-01 1.165585624366460293e-01
2.680718246050507736e-02 -3.741561926878882449e-01 -2.762549484579295278e-01
-2.122116260759878692e-01 -1.119284662439037348e-01 -6.029704080211555350e-01
-2.257941025272809377e-01 -1.160060638086552465e-01 -6.109991606947948739e-01
-6.779827393108373013e-02 -3.032646005629571206e-01 -2.799138549466587689e-01
-1.780148743511881237e-01 -2.330004098246615252e-01 -2.388271569181739107e-01
-7.874343484611001642e-02 -3.043547125717256385e-01 -2.601782024655866499e-01
-2.581226052707235041e-01 -2.099917066630156981e-01 1.479600498873804293e-01
-3.731533748179796106e-01 -1.790243378407323505e-01 8.994956583444635445e-02
-2.154374022727112425e-01 -2.761341356702047278e-01 -1.257832085965271962e-01
-5.534396863780841613e-01 -1.615919072489102604e-01 1.207161169298188952e+00
-5.046862092231645391e-01 -2.410442819209421828e-01 1.051779587586687992e+00
-4.574597741215313818e-01 -3.036593495084183303e-01 9.156481826641331701e-01
-2.489565769135373419e-01 -9.146778102474761862e-02 -7.507594565444919432e-01
-1.459805453385274454e-01 -4.009315318400954453e-01 8.492135255206392230e-01
-1.697754253889112164e-01 -3.885336155106262623e-01 1.059590959433131641e+00
-1.965274544228834408e-01 -3.731259528165900008e-01 1.290769860378432554e+00
-4.746224449045026716e-01 -1.326122866225367680e-01 4.114871147242318283e-01
-6.418595180443009696e-01 -1.587120962510424338e-02 3.442878858829319100e-01
-1.757052184388010474e-01 -1.781197421804341374e-01 4.281777936250463767e-01
-5.664472301408558508e-01 -1.218429973823991763e-01 6.119236580252451763e-01
-1.359885131683258308e-01 -2.759510359934562729e-01 2.581580221951446097e-01
-1.572407129187749497e-01 -4.082581619945049312e-01 -1.233563785201867158e-01
-7.045431075966952505e-01 6.839768986278704777e-02 2.870892913024656323e-01
-5.978572495349681049e-01 -7.009931669608410187e-02 2.591555226821027347e-01
-5.105497599684927224e-01 -1.303628981065673709e-01 2.064480231419685285e-01
-3.752113464644359908e-01 -1.652667197435651047e-01 2.101424401528749764e-01
-2.746311947160787748e-01 -1.875246296546171365e-01 2.436278077995130964e-01
-1.993644256594180320e-01 -2.124238729934946335e-01 2.839306102280148014e-01
-4.157341429408201172e-02 -3.650029943495374241e-01 3.762753872501887198e-01
-6.912580399644383533e-01 7.569020823560101974e-02 7.063816754670992903e-02
-6.229150118650110812e-01 -9.034441866658288189e-02 6.344510797013942494e-01
-1.418397133588786968e-02 -4.644997648210484886e-01 -2.605762702653940943e-01
-1.797145297925752949e-01 -2.580705365066391366e-01 8.907414427372406518e-02
-7.775505850939392616e-01 4.583668146349655359e-01 5.589409384289587557e-01
-1.407289347254141454e-01 -2.300350421726875538e-01 3.308776990187827227e-01
-2.197492972406140943e-01 -2.073885988443562312e-01 -1.200070448315309624e-01
-5.249568830359230276e-01 -9.314854905119968054e-02 5.370613402593960028e-01
-1.610110563977888987e-01 -3.908994734594317677e-01 -5.053290873261612193e-02
-7.196871886918323469e-01 5.717466805828994580e-01 -1.350245392271333666e-01
-1.717250140527668556e-01 -1.664948950202607136e-01 4.679978040530552441e-01
-1.041994176435581121e-01 -4.672742075345404089e-01 -4.893381547544095600e-03
-5.376009366067808770e-01 2.047204711477030870e-01 -7.135349470451277654e-01
-5.308035180406349696e-01 3.423691056724447179e-01 -8.064724047667812812e-01
-7.459722672961177636e-01 3.249795580714451848e-01 8.863212037973300372e-02
-6.184659077744925071e-01 2.738370629400403988e-01 -5.593411653855753229e-01
-7.238894947698444327e-01 1.392037593505355275e-01 6.993323987157751276e-01
-2.584133853187928764e-01 2.387074215814344313e-02 -1.075927572556685252e+00
-2.356064600265234815e-03 -3.689279596433561181e-01 -2.704376803455343925e-01
-2.432449305710142617e-01 -2.213973760434075899e-01 2.223832004639809956e-02
-7.004528022231539808e-01 6.700049838483462805e-02 4.955032417289020330e-01
-4.092811017620050507e-01 -1.614550285118534489e-01 4.369442433484156396e-01
-3.500323326342726915e-01 -1.783331051743788365e-01 4.225354808511136984e-01
-2.505653256736556367e-01 -9.942468216332117636e-02 -6.297111265532002733e-01
-6.743422993481971162e-01 1.250470935793576710e-01 -1.299130280829142170e-01
-1.271732978396871161e-01 5.637925038830401969e-02 -1.206293841128935895e+00
-3.373014654887442898e-01 1.835175224473986066e-01 -1.056459029630653301e+00
-4.273934988726217910e-01 2.544136319640013522e-01 -9.557953782084211980e-01
2.377830501987515666e-02 -4.064557105393102887e-01 1.041120027913984725e+00
2.093245673635457660e-02 3.487879545827227146e-02 -1.227995811260008452e+00
-2.893308582040088339e-01 -1.830607242910593513e-01 4.298832501794678240e-01
-2.298009144463653008e-01 -1.772721049904921742e-01 4.486678925879281632e-01
-1.903074672173241666e-01 -1.658619423664990933e-01 4.593206335131938545e-01
-6.715383171097197845e-01 -2.316181975763448309e-02 6.698239640402747774e-01
-2.432410155021411668e-01 -1.996896572036099826e-01 5.637073251482442870e-01
-3.089046827959123220e-01 -2.131663814985911287e-01 6.058463208269662115e-01
-3.716746351334059284e-01 -2.097869006550467930e-01 6.161278154118723371e-01
-4.307953468185043988e-01 -1.903259027315113983e-01 6.012016678747933440e-01
-4.658482634622806984e-01 -1.648278686056636744e-01 5.742928212241316110e-01
-7.688198163141581887e-01 3.180640597065444997e-01 7.749258039826152356e-01
-4.480375083669496661e-01 -1.416249568804586190e-01 4.636187120131844974e-01
2.277599118846981852e-02 -2.977292589004840728e-01 -3.712626099861060514e-01
-2.101625927635718538e-01 -2.209725746943791425e-01 -3.812629391930706380e-01
-1.449088241432541224e-01 -3.296824431132412414e-01 -1.940154939957375868e-01
-7.692779474170891030e-02 -2.895953889206515086e-01 -3.705279232526108579e-01
2.559226215215887335e-02 -3.606014657795020284e-01 5.366118613590691311e-01
-4.458654237797476938e-01 1.530142312197466659e-01 -8.560845343685450359e-01
-3.563863245510319189e-01 9.375715457350780602e-02 -9.672430431403249429e-01
-1.355115990095704381e-01 -3.896899319319518940e-02 -1.156163781330196372e+00
-6.063220579398258536e-01 4.495546388534688020e-01 -6.322202550546265343e-01
-1.945901230632633983e-01 -1.807383781203624196e-01 5.045549008631418086e-01
-8.901970446589246855e-02 -3.664582105823166458e-01 2.088680312838795405e-01
1.539240920576329108e-02 -5.818651347872183521e-02 -1.176103460591302330e+00
-2.409330411032568620e-01 1.075783776024851202e-01 -1.145043001591314891e+00
-7.209048577077545872e-01 3.434129577910998155e-01 -1.371657930770332490e-01
-1.317482377220579592e-01 -1.825933503487356946e-01 -6.344713190189446017e-01
-1.461954841059236454e-01 -1.892352830020671561e-01 -6.650287305724194020e-01
-1.580137793466833696e-01 -1.977137359861866894e-01 -7.042425330346033796e-01
-1.649371109593654738e-01 -1.841999285806767972e-01 -7.478014164019701759e-01
-1.743267176100888882e-01 -1.239746698784626178e-01 -8.209328134600912819e-01
-2.325485691194758564e-01 -1.148411571954575106e-01 -5.736920203616893144e-01
-2.470041028458682675e-01 -1.157010519605379817e-01 -5.656280993977138571e-01
-2.590657220347968304e-01 -1.168168889977271308e-01 -5.569574248895772239e-01
-3.494649255437036750e-01 -1.092420278221932772e-01 -4.764921907482284613e-01
-5.880755903694030451e-01 -6.263441429876059896e-03 -2.108291679777432037e-01
-8.754274060369793276e-02 -3.160933769794764814e-01 3.246197978398361883e-01
-1.227705798816396410e-01 -2.225163919314390171e-01 5.472500050658704041e-01
-1.662534492538085829e-01 -1.968554446864922980e-01 5.418294787298827409e-01
-2.177749979166390126e-01 -1.086877960585709846e-01 -5.811478146276296552e-01
-5.926827509113046233e-01 1.269012663664377816e-01 -4.373914614636058573e-01
-6.534156615274988589e-02 -3.119516636129686660e-01 5.344518949364742699e-01
-2.118814579851320268e-01 -7.189184214609778412e-02 -9.012812866495356623e-01
2.362101052018739100e-02 -4.884079805813978936e-01 1.502903434128552984e-01
-4.019920034070878501e-02 -4.202131964822539700e-01 2.521162618868340033e-01
2.463463754474570777e-02 -4.394795973115908083e-01 2.671214488930049313e-01
-1.390467601329410385e-01 -3.433599650021745830e-01 4.909410066817784801e-02
1.342516891990921946e-02 -1.089723808544089678e-01 -1.086262151147387556e+00
1.396670704090598181e-02 -1.257220572982989393e-01 -9.766479959994915916e-01
-1.022580721970817730e-01 -1.084668879398878460e-01 -9.639036935770310954e-01
-3.761916242017169232e-01 -1.284957517982281833e-02 -6.957594413829668589e-01
-2.821053921077378845e-01 -1.798689685220882239e-01 -1.913969466363889538e-01
-2.997271689827549768e-01 -3.790792086961544682e-02 -8.134215510919764469e-01
-4.411894747331785993e-01 -1.525211056518980257e-01 -1.557641042210562432e-01
-3.491768286819789679e-01 -1.542251352490930927e-01 -2.826641976974639814e-01
-5.000588951621693923e-01 -7.585911785259424889e-02 -3.048419646165401176e-01
-1.261640700191681286e-01 -8.755792612020696364e-02 -1.068284861365906391e+00
-1.806892332684744140e-01 -2.857172661534201907e-01 9.710361961952074239e-04
-4.278392527006731338e-01 6.137054194054555878e-02 -7.578055974423087982e-01
-3.369735385889378598e-01 2.682205052528788269e-02 -8.765292224806326971e-01
-4.365708403450674346e-01 -1.793227039561108571e-02 -5.633071958313757843e-01
-6.539234145737111703e-01 1.720292826332459057e-01 -2.996527968740609893e-01
-5.127089510550100204e-01 4.950487471519735005e-02 -5.670494578664553309e-01
-6.842203650198523945e-01 3.402281091897580989e-01 -3.511189707375308444e-01
-4.087009206956233598e-01 -1.011784407507553829e-01 -3.984957646905862294e-01
-1.330695237167915934e-01 -3.093159467396446871e-01 1.508911165131789911e-01
-1.351977353330724441e-01 -4.186163831650120404e-01 -1.741026514475138010e-01
-1.761807423737415945e-01 -3.377356010517760243e-01 -1.847243530283099178e-01
-1.058739438103424302e-01 -4.757467469614766742e-01 -1.156096631276219422e-01
-1.806013672290820438e-01 -2.556165316907161866e-01 6.545490268811571255e-01
-2.989596149329099006e-01 -2.730030056512937620e-01 7.339693017121295959e-01
-4.009511567422947564e-01 -2.676441188472020727e-01 7.510407319630245659e-01
-4.838140354618527539e-01 -2.361185636231386553e-01 7.322365327351341158e-01
-5.396263322371286364e-01 -1.881367019410555841e-01 6.876788909392819171e-01
-5.742671259347194024e-01 -6.028663432653730281e-02 5.174105088898257598e-01
-7.626866048756468786e-01 2.821354571935987821e-01 3.035702125393482387e-01
-5.272364112381850987e-01 -9.640384648646938004e-02 3.513299020718754218e-01
-4.587052616015139250e-01 -1.347237146524249418e-01 3.076064638257083317e-01
-3.658453784090927030e-01 -1.644039508950250195e-01 2.963950809500708328e-01
-2.758384235483394287e-01 -1.823938740789534663e-01 3.142117014351171189e-01
-2.044030367027014350e-01 -1.882857058281244278e-01 3.459122667481027147e-01
-1.548497456674922113e-01 -1.973630490592030995e-01 3.758329529630799470e-01
-7.671525586296699117e-01 5.358553114677189200e-01 3.445334284303145367e-01
-1.757931125047825782e-01 -3.001753814429604095e-01 -2.059308092335602192e-01
-8.979298838580151987e-02 -4.082734588458825087e-01 1.053098112595450275e-01
-8.733011271762181060e-02 -4.713316338413517936e-01 -1.923145356577079523e-01
-5.180705742351521259e-02 -4.367497726817182180e-01 -2.383712834246571877e-01
-8.753079716574330149e-02 -4.358908050006271573e-01 -2.032370752565587635e-01
-1.572774814726060066e-01 -2.728955444211875747e-01 -2.329028359945564119e-01
-3.738159369590535186e-02 -4.541904539311258926e-01 -2.514156157850555573e-01
-2.712279475557231867e-02 -3.696439855884532388e-01 -2.625088179949581768e-01
-1.486907311168299550e-01 -1.749642957843873248e-01 4.626369022899778916e-01
-1.157137007686192542e-01 -2.125354111581829741e-01 4.309458085926392013e-01
-9.669345420777175626e-02 -2.579244730510446004e-01 4.060157427434125665e-01
-4.840164296552416090e-01 -1.390524758031101982e-01 5.534155866999861395e-01
-5.284694762211525898e-01 -1.400416832050455085e-01 6.033769589845612291e-01
8.337664478294248838e-02 -4.627424740157382033e-01 1.362795668538104854e-01
5.064907751459362117e-01 -1.357076358854176767e-01 4.557958229751839507e-01
9.494440360579570193e-02 -3.763166541238607277e-01 -2.527225100369646649e-01
7.451744522484595734e-01 1.305455102009354107e-01 8.635976558626174970e-01
3.090726508140626549e-01 -1.909811233719436174e-01 3.585377940903726746e-01
3.774038511104809146e-01 -1.858690015418025254e-01 3.468906058107481538e-01
4.424145443856204452e-01 -1.685460607242035280e-01 3.509498831299515675e-01
5.285416324272187438e-01 -1.207898523788566436e-01 4.203231536095666243e-01
2.525517596113124874e-01 -1.856808139274468417e-01 3.874151513053620821e-01
4.139405292993263430e-01 -2.535999903933472410e-01 6.758055235115678627e-01
3.332593185794809898e-01 -2.510972537074849242e-01 6.635151190474022354e-01
4.867212301489338699e-01 -2.311083326993657039e-01 6.558651345024382184e-01
5.316493050714470314e-01 -1.999956272697174242e-01 6.102385553040099442e-01
5.792159051445349149e-01 -7.902868023532655384e-02 3.533839804557341591e-01
2.705723003098288171e-01 -4.048556233200395482e-02 -9.988099717255534138e-01
5.310448977299753182e-01 -1.182170574352272574e-01 4.943828261230414078e-01
7.825168747383770551e-01 2.154106906002732913e-01 4.358433408116608732e-01
6.514825260644769855e-01 -2.105636770838362204e-02 4.359130355575047133e-01
3.635545510207158770e-01 -2.063175879780345667e-01 -8.113672128587384735e-02
6.256283291747224973e-02 -2.813302858657418248e-01 -5.281596919199351703e-01
5.747662693005808898e-02 -2.368573550389255766e-01 -5.990337138882539936e-01
1.452983088091484021e-01 -2.351942802915839570e-01 -5.502455869428146684e-01
2.053904551218742602e-01 -1.792279670002375758e-01 -5.686090314570431126e-01
1.243657413968476400e-01 -2.073368877984324010e-01 -5.970801129993295042e-01
1.814328988821570787e-01 -1.591032862364388789e-01 -5.955641165350684663e-01
3.446355468426702817e-01 -6.575328117033582553e-02 -6.822132840134114140e-01
8.188151797464682247e-02 -5.066958879799057236e-01 -2.199128140871626780e-01
9.079285072201170870e-02 -5.410302065540530947e-01 -1.217293617967737940e-01
6.142322150683838800e-01 -1.912290116567945120e-01 6.933435884012100203e-01
2.262075089534261174e-01 -2.443230282075745663e-01 1.797996205932728131e-01
2.412832167571465902e-01 -3.421758363731044472e-01 -1.656832274982507069e-01
2.453628011193011993e-01 -3.286196811371384641e-01 -1.062334110307144863e-01
5.613345136167087190e-01 -1.209976648954116385e-01 -5.930504978033079855e-02
8.728785640463709861e-02 -5.151680875422854911e-01 1.469963244836365590e-02
4.692368299086950856e-01 -3.211256115814729029e-01 7.976831577430729681e-01
5.570218587620203721e-01 -2.639789866494233195e-01 7.661043101876416905e-01
6.794450382284651369e-01 -2.530094209331734678e-02 1.020627665391196981e+00
1.752290998098544605e-01 -3.622896038313134781e-01 6.941815556981296709e-01
2.648798489529058386e-01 -2.236924654054943673e-01 6.141529175576911914e-01
4.008875101987134926e-01 -5.640016161089078661e-02 -5.760122673942891236e-01
7.161458519629775310e-01 5.158012384273824580e-01 -4.603557687381654162e-01
1.919836428015213592e-01 -3.093338338919970898e-01 -2.198163220213306124e-01
1.398455910286188209e-01 -3.120985220709600050e-01 -2.494520051952965334e-01
2.970420260081461095e-01 -5.661563621908835553e-02 -5.911588998848591459e-01
2.778884685624686268e-01 -7.786744205766402138e-02 -5.966247444023939916e-01
5.891881307004798174e-01 -2.400236548523544400e-01 8.286350666306474544e-01
2.437843015152143522e-01 -2.992284744117144069e-01 -2.033310462492197157e-01
3.473114093253055756e-01 -3.576565741001491716e-01 7.822010943306181296e-01
3.581928559393734446e-01 -3.824056902410575276e-01 8.564950910848132537e-01
4.130021682349074297e-01 -3.103093169996222755e-01 1.223148394339666822e+00
6.350296556162700057e-01 -1.470622772162357705e-01 9.114640477918611872e-01
3.769699227174072576e-01 -3.478093664396961771e-01 1.034078782695914356e+00
6.510956445749922494e-01 -1.385101559041158059e-01 7.372988534493636337e-01
7.029011574460195533e-01 -9.688821823005823453e-03 7.843388850186592265e-01
6.055182784727428102e-02 -2.660180142423482774e-01 -5.696387843673329510e-01
1.347475281723689022e-01 -2.238269429024009050e-01 -5.763073337016868525e-01
1.932515585636546129e-01 -1.748938741136168984e-01 -5.831159588197112331e-01
1.768505009280053608e-01 -2.926970971678923839e-01 -2.354504812661515345e-01
2.873385840589729456e-01 -6.818816016724710272e-02 -5.940255557402700504e-01
2.404808656138748280e-01 -1.134798327424663689e-01 -6.407392101510946958e-01
2.680142880953492179e-01 -8.015942955379751211e-02 -5.983851071373058605e-01
1.578138657863736860e-01 -4.062328542186388614e-01 -2.026447708807372905e-01
1.720243503072165225e-01 -1.452602358430853391e-01 -6.041187595284041034e-01
1.176545298518140159e-01 -1.762338794099160832e-01 -6.083904670336519604e-01
5.532242452681659928e-02 -2.019698102606274359e-01 -6.147112915238490682e-01
1.040113745074203178e-01 -1.431082595085623188e-01 -8.758294674080708830e-01
6.533714095906484332e-02 -2.101520590832010038e-01 -7.961607774532097892e-01
6.116193348198006863e-02 -2.209365956446787127e-01 -7.471212858977964721e-01
5.776855591073576379e-02 -2.088437913125659184e-01 -6.973319509101152391e-01
5.167129090814698289e-02 -2.042220276422598291e-01 -6.562600461729162227e-01
1.661494296339948162e-01 -1.482097831457059867e-01 -6.364387085603491201e-01
1.785639485030817708e-01 -1.575624997980729081e-01 -6.560131447252417480e-01
1.903111064792447626e-01 -1.658061811105463468e-01 -6.809323766247983301e-01
2.025014990613844823e-01 -1.507888919134733330e-01 -7.075168616846445602e-01
3.117044490217790731e-01 -1.804902029263928398e-01 -4.395100107751190865e-01
7.898400028058620848e-01 5.474440474863033756e-01 4.301206995072082151e-02
2.127860638231527934e-01 -1.093093878889149773e-01 -6.218880370351609344e-01
2.257101173839418662e-01 -1.156618385344340694e-01 -6.315427274479405995e-01
1.174643899500695254e-01 -3.082812080970318558e-01 -2.877519333697396986e-01
2.223761337596777965e-01 -2.438563989407206423e-01 -2.548590405703635708e-01
1.283942728155471058e-01 -3.118829990940390484e-01 -2.694973620607118425e-01
2.960877054235204753e-01 -2.134936283946924362e-01 1.223480167517925210e-01
4.063059137269000587e-01 -1.868837147088857620e-01 5.312282217353811453e-02
2.571747125829300096e-01 -2.843944684526524824e-01 -1.451950701914945796e-01
5.753244258003462619e-01 -1.816565526271318731e-01 1.142660393094672600e+00
5.324718990360235438e-01 -2.578221196048939845e-01 9.982814434202480491e-01
4.913733231268473389e-01 -3.199212240650188832e-01 8.720164724882266682e-01
2.704964037978079272e-01 -9.698330795412124505e-02 -7.667291290163205097e-01
1.975415563766826921e-01 -4.071066031289207743e-01 8.188135608572295610e-01
2.118511165885665903e-01 -3.954860179424573019e-01 1.038263974801974854e+00
2.349578695968506103e-01 -3.827423861641436886e-01 1.264322892850280766e+00
4.972607937866406758e-01 -1.426020391323818970e-01 3.738103657208222685e-01
6.495036487208238896e-01 -3.364512273263772779e-02 2.830863398707004208e-01
2.154806497423726874e-01 -1.777173986467923683e-01 4.153224008834024428e-01
5.897946525095285608e-01 -1.367332272607090782e-01 5.627258757887494411e-01
1.797355918719558687e-01 -2.767376179321114904e-01 2.438293285763082352e-01
2.002506518826407955e-01 -4.144117251834451565e-01 -1.392529867988132608e-01
7.300203274323315839e-01 4.985218632501495217e-02 2.181585733708475416e-01
6.051074284710455942e-01 -8.506674862882945831e-02 2.043978507041506187e-01
5.199786334342526573e-01 -1.425632188292098590e-01 1.612527323794081813e-01
3.921907854164352614e-01 -1.724039398570509363e-01 1.795579629331237603e-01
2.980229057962855421e-01 -1.917724628626471528e-01 2.240142969540150908e-01
2.280632185607172069e-01 -2.154311745049257709e-01 2.704599913929153221e-01
9.106328782125827637e-02 -3.654566797990339566e-01 3.699163221341577046e-01
7.193487417252839577e-01 5.920472473475055231e-02 4.988283327713824433e-03
6.375067543827608318e-01 -1.062465694266411798e-01 5.758609082263512757e-01
5.896216391703709703e-02 -4.653314982105247744e-01 -2.635759559427885979e-01
2.223341512571437306e-01 -2.605938231742657152e-01 7.134054220235669375e-02
8.026736976875348262e-01 4.380360426343170577e-01 4.791740335406713402e-01
1.763403185986955890e-01 -2.311989904967308718e-01 3.227423028657605553e-01
2.653444866836802696e-01 -2.157774846477762409e-01 -1.401362065134499346e-01
5.555696159992713490e-01 -1.049045512823028048e-01 4.900776134567639275e-01
2.024654410346342637e-01 -3.971237721965348300e-01 -6.620507810511649938e-02
7.639982355445233964e-01 5.478897376052742629e-01 -2.001729451991849373e-01
2.155020256880342266e-01 -1.643603069626928814e-01 4.539408645913940443e-01
1.461080906835450222e-01 -4.706334357433235027e-01 -1.585580366311155343e-02
5.667866870133666524e-01 1.846070278224303252e-01 -7.491403922197630294e-01
5.674165813707006123e-01 3.209132727827608278e-01 -8.380943334583790261e-01
7.854950362435122457e-01 3.049912999438919581e-01 1.829350248007480251e-02
6.513711861311239915e-01 2.531576041299654634e-01 -6.062105858522492952e-01
7.461166457853618539e-01 1.207092963836361998e-01 6.266987876264429325e-01
2.869917945240310075e-01 1.183649314870652974e-02 -1.086015267542133955e+00
5.645096666302745758e-02 -3.707929815218342640e-01 -2.731449631634640385e-01
2.822929189509757464e-01 -2.273192398398835579e-01 -1.578718352679114867e-03
7.045872471073657550e-01 4.967931660665581006e-02 4.205292752917400012e-01
4.397930010527737466e-01 -1.696640854555582223e-01 4.099460084556949546e-01
3.810624086356373397e-01 -1.840508567725596123e-01 4.021949183639925707e-01
2.558533606026973661e-01 -9.931679757072781056e-02 -6.508252064661572689e-01
7.048160060683557049e-01 1.080866017117999012e-01 -1.903753944882362603e-01
1.659021833275744484e-01 5.009902642675936879e-02 -1.208990712369214293e+00
3.747928140384075846e-01 1.686606053974779584e-01 -1.067732252189255604e+00
4.648812249313483136e-01 2.366436123533599556e-01 -9.745765417673855069e-01
3.228270641713084643e-01 -1.869235592072904240e-01 4.122624566242174549e-01
2.682233673283627162e-01 -1.780056600469421824e-01 4.323220294203551362e-01
2.330626458767137699e-01 -1.643028198754423741e-01 4.436256817614470105e-01
6.809515963770991220e-01 -3.898579729647547176e-02 5.988562766681275740e-01
2.788235071582958469e-01 -2.009440650936831219e-01 5.341926773707219578e-01
3.387184113235903737e-01 -2.180575414669325696e-01 5.702897132583837347e-01
4.006166083253415167e-01 -2.174792015460589312e-01 5.782886829634579229e-01
4.604735511899171740e-01 -2.007187751810617371e-01 5.612176340219974247e-01
4.960593797402168548e-01 -1.762275580074392778e-01 5.326425184014993430e-01
7.859188548384832274e-01 2.966317843619350469e-01 6.950192173536406948e-01
4.795999015808316557e-01 -1.512138691109550237e-01 4.305095681304922373e-01
2.461713809662460228e-01 -2.265469945365815585e-01 -3.971634028548183259e-01
1.911900591993989096e-01 -3.372541368729369271e-01 -2.080360238365387415e-01
1.188595874447428979e-01 -2.924145087742633375e-01 -3.783566174472965393e-01
4.748206059008928115e-01 1.340565335273981029e-01 -8.814950406908246272e-01
3.848674414824484469e-01 7.681605971094412899e-02 -9.842293160610435798e-01
1.637675622314507251e-01 -4.589458483655128873e-02 -1.161158480475856791e+00
6.482828080035361040e-01 4.284458749386967913e-01 -6.760889817210475883e-01
2.354324684522262068e-01 -1.787184668902925821e-01 4.851053757809584699e-01
1.351853789131691741e-01 -3.680740933123942682e-01 1.985933388034757385e-01
2.781363382343169377e-01 9.680780038602981863e-02 -1.150290977963280170e+00
7.609586223254307669e-01 3.230565819643598235e-01 -2.018075277518969202e-01
1.128453089683043031e-01 -1.790688153786927916e-01 -6.455989928998873140e-01
1.242958002493145253e-01 -1.872514759199492840e-01 -6.773540063394403177e-01
1.323389365558075847e-01 -1.962491700776062276e-01 -7.173544324745577683e-01
1.406479507803823914e-01 -1.832619366708132524e-01 -7.606648166756060370e-01
1.939609304981022575e-01 -1.265452736100005637e-01 -8.324331861679463707e-01
2.305974174694626067e-01 -1.154669554123561315e-01 -5.915279644246866919e-01
2.448435935375222749e-01 -1.153220913690748972e-01 -5.841282758157666510e-01
2.569418020987401796e-01 -1.164633729105911675e-01 -5.760864636971065877e-01
3.674920578853759778e-01 -1.185172242664389031e-01 -4.979640487813565830e-01
6.113348127605635618e-01 -2.171831193862529263e-02 -2.622632758426931554e-01
1.348566452820527672e-01 -3.168509841046152076e-01 3.138541143891260266e-01
1.692258124923848861e-01 -2.245878763472548556e-01 5.298677088767360654e-01
2.075489184368177753e-01 -1.954232232886132792e-01 5.224653137039962925e-01
2.171207877703771327e-01 -1.068668505837161442e-01 -5.977807592883657151e-01
6.198353136546752573e-01 1.096922075470918578e-01 -4.827204361690822232e-01
1.094158834928422586e-01 -3.122416760565807081e-01 5.238363007992170584e-01
2.342842790294610289e-01 -8.052512779411041821e-02 -9.142948775444672549e-01
8.782472467822843853e-02 -4.218734499928933346e-01 2.463019385897835534e-01
1.822897695893406222e-01 -3.478837362290070345e-01 3.434731020662067091e-02
1.277768889014878617e-01 -1.148062781107887509e-01 -9.707019631301787577e-01
4.042613345167858085e-01 -2.464122356886512544e-02 -7.190628484148753330e-01
3.194488057543320991e-01 -1.902402998331975681e-01 -2.174370113101860014e-01
3.211055699576981226e-01 -4.996208408613636576e-02 -8.339299398709405509e-01
4.664253757823317859e-01 -1.661758988963011330e-01 -1.966119875987174526e-01
3.767176528181581663e-01 -1.640967738686049948e-01 -3.127940414133900671e-01
5.207125262011376154e-01 -8.817124803555886903e-02 -3.439768985619908737e-01
1.519653595358965159e-01 -9.385958782560482883e-02 -1.075258240354881156e+00
2.227708714081901853e-01 -2.914417906555586413e-01 -1.623056799854220855e-02
4.546947898847677472e-01 4.464790004871241336e-02 -7.852682980542202706e-01
3.632405025938447718e-01 1.105084100682542092e-02 -8.970186242071629401e-01
4.617812640414804548e-01 -2.742285031646016225e-02 -5.889387984613916327e-01
6.847227344051547426e-01 1.531497685389543451e-01 -3.549925290401272360e-01
5.371653893259220602e-01 3.540550746385298653e-02 -5.988864919558749556e-01
7.232231070975210230e-01 3.214408004593980461e-01 -4.086593491786905119e-01
4.295446909446802852e-01 -1.105383289172398587e-01 -4.268077316737106663e-01
1.775148062220681666e-01 -3.106482595445090311e-01 1.366583709437418914e-01
1.779368737735769201e-01 -4.232097971079298304e-01 -1.876520378672534850e-01
2.194787445064219078e-01 -3.463575256931614721e-01 -2.010018192979301510e-01
1.502729475584545504e-01 -4.809216420478108489e-01 -1.273155288227982851e-01
2.250674970631258986e-01 -2.593535888246698562e-01 6.319109689454402989e-01
3.384596533538513086e-01 -2.830917251553106695e-01 7.053111543392112104e-01
4.370983764342959432e-01 -2.808522066442327159e-01 7.172735663692617614e-01
5.156043286342715248e-01 -2.509528091411290518e-01 6.937053680420071089e-01
5.666257044197795523e-01 -2.037802929627101634e-01 6.438346070385621012e-01
5.951176264033666286e-01 -7.439453518921990138e-02 4.622881984004829636e-01
7.937064389246852869e-01 2.640810757871268066e-01 2.291368890307881045e-01
5.443432468617004361e-01 -1.082129001150136105e-01 3.051454408397136220e-01
4.759386348940921607e-01 -1.448774044766016900e-01 2.703713470444120137e-01
3.865633281915048514e-01 -1.711912596630682515e-01 2.717580296049970645e-01
3.015902108300707596e-01 -1.861306669044600071e-01 2.980612832794320433e-01
2.367657393752113926e-01 -1.914616361288237201e-01 3.332871512272823633e-01
1.921003705298662823e-01 -1.987616041686290913e-01 3.661274216238059598e-01
7.988220628417508351e-01 5.163363308785946515e-01 2.668219213452962535e-01
2.186836514541737886e-01 -3.091945572451271218e-01 -2.214578737337490333e-01
1.361360468396575207e-01 -4.095828098544025409e-01 9.517534029685281727e-02
1.310139225867203994e-01 -4.760465630465431364e-01 -2.019983143835436534e-01
9.526935203500297433e-02 -4.414035279832178027e-01 -2.448190233269594840e-01
1.309457392670001497e-01 -4.402373287657310730e-01 -2.131810652131822525e-01
2.010689458371662797e-01 -2.826755253070745155e-01 -2.466255962503728361e-01
8.121537809149259601e-02 -4.578371214515961629e-01 -2.565338535463967951e-01
7.882716822126850653e-02 -3.733297062573077696e-01 -2.668616000817159994e-01
1.919119516456193608e-01 -1.745535274189933261e-01 4.496869194657613367e-01
1.571945250176391973e-01 -2.132306414897993108e-01 4.214815702467415992e-01
1.361259370415548453e-01 -2.594208222859082369e-01 3.989933319104475018e-01
5.157000082921321393e-01 -1.508988464805334218e-01 5.113591875419196686e-01
5.572921141492095387e-01 -1.551093791589623905e-01 5.584274877199497666e-01
-3.577237084457198790e-01 -1.699447149492971931e-01 5.317863224239938180e-01
-2.869998559316684350e-01 -1.765352460784530564e-01 5.299050271501977161e-01
-3.568474598663762265e-01 -1.790864833643635023e-01 6.283523416624783309e-01
-4.294026395334711310e-01 -1.632965645786672582e-01 5.344963549528056745e-01
-3.592365439199731725e-01 -1.608057217729257360e-01 4.364255309961786455e-01
3.874400393106309792e-01 -1.769664322713877525e-01 4.988251017177582902e-01
4.566752405733414122e-01 -1.832397932639890925e-01 4.950399676174961350e-01
3.864412837660431421e-01 -1.862639774774805801e-01 5.946758853908700182e-01
3.176547460923337951e-01 -1.707206584729554777e-01 5.034553314531742263e-01
3.886999316009820404e-01 -1.676868600396996811e-01 4.028979281255724576e-01
