-2.105087544333419242e-02 -3.166286156783038597e-01 -5.873328976633500620e-01
2.624923043323379446e-02 -5.547593910379824411e-01 -2.408729969234937873e-01
2.848540712417059473e-02 -3.502057150299841548e-01 -3.162085610039487293e-01
-3.909621135310252515e-02 -5.031029887426254898e-01 1.536692419566099699e-01
2.601244951409890233e-02 -5.945782006079799453e-01 -1.302922554557935930e-01
2.479573705884667925e-02 -5.837693308624331001e-01 2.682761611538950902e-02
2.741015360214721364e-02 -4.291271083204702408e-01 4.268968797558025940e-01
-5.146495968288737899e-01 -1.357323168734172747e-01 5.365755382596957279e-01
2.795484436931082450e-02 -4.107179582065765278e-01 7.309495832741705890e-01
2.680423659974095693e-02 -4.432225149878978865e-01 8.776283444385002408e-01
2.517126559441835304e-02 -4.295975210348699780e-01 1.393521369687310107e+00
-1.989308430266389580e-02 -3.017752741238973746e-01 -6.205277457214927184e-01
-1.773788748152292302e-02 -2.735186864515902205e-01 -6.504106860797527201e-01
-1.413095663052979165e-02 -2.341107829309432842e-01 -6.686748137628729660e-01
-1.809595291631054675e-02 -2.301511831495403060e-01 -7.185071965217081358e-01
-1.911408659796121762e-02 -2.340734089492823577e-01 -7.661216765699855324e-01
-2.129475886006927665e-02 -2.450337587916510684e-01 -8.206312517056347788e-01
-2.101406833506572203e-02 -2.316726017292869422e-01 -8.733196074728930558e-01
1.468096343086180977e-02 -1.570466154313207019e-01 -9.547553481001239684e-01
2.499894751005921067e-02 -5.089108610763248830e-01 -2.893418809090217425e-01
-4.829371410793743824e-02 -4.038769471857984183e-01 -2.672744338658443186e-01
-7.984716079664820887e-01 1.650810567749848579e-01 1.023184259019969122e+00
-3.057513972576192396e-01 -2.043238055644676643e-01 4.085068994255742769e-01
-3.840509260628574006e-01 -1.959705705759788308e-01 4.005718913870100484e-01
-4.569601596512172792e-01 -1.743522927731124827e-01 4.150488915704177995e-01
-5.460651130066572767e-01 -1.197913082934329854e-01 5.048260364535571698e-01
-2.367541470960652927e-01 -1.990839864317729413e-01 4.379240538872222199e-01
-4.162383813226319118e-01 -2.658877237821016259e-01 7.674993439882696888e-01
-3.268159675711299617e-01 -2.650886178993171471e-01 7.504773054440150304e-01
-4.953404253185480499e-01 -2.374341425272863959e-01 7.495440562141545415e-01
-5.454693095366798250e-01 -2.009439612686595433e-01 7.055079488742298510e-01
-6.117871666810077436e-01 -7.120259758255158278e-02 4.412435021770619858e-01
-2.677471544626784938e-01 -3.135082260380860075e-02 -1.073897585730418491e+00
-5.396899943454276372e-01 -1.160008480266677272e-01 5.825057615779274389e-01
-8.237637918428336592e-01 2.555286314663359759e-01 5.554644700972245497e-01
-6.953785873110823745e-01 -4.672227355784441122e-03 5.425106993287887036e-01
-3.577482951017759705e-01 -2.141556753300924432e-01 -5.353370618019120952e-02
-1.068220960948120662e-01 -3.082561697860916050e-01 -5.604685675585423521e-01
-9.308656155958378031e-02 -2.620249848389760161e-01 -6.391312518644205465e-01
-1.825633470723324880e-01 -2.589524025815109765e-01 -5.794179281492020106e-01
-2.325558157907826051e-01 -1.999071975267888712e-01 -5.994038738044757952e-01
-1.553153068729315467e-01 -2.304381903803034981e-01 -6.333583770017258141e-01
-2.031387443938693915e-01 -1.771215827717984581e-01 -6.317352805026548168e-01
-3.428870920181058546e-01 -6.527089884975179057e-02 -7.271496947491098428e-01
-3.878591462822996577e-02 -5.465468291625305008e-01 -2.329033402557887933e-01
-5.024467508043042874e-02 -5.834585814198036680e-01 -1.251919114581208636e-01
-6.472161918859203888e-01 -1.900742622928023873e-01 8.053501093910091502e-01
-2.009182479096522644e-01 -2.630600438152341791e-01 2.158033787818415261e-01
-2.154600585864191176e-01 -3.635161240806547567e-01 -1.606983565322921970e-01
-2.214781509362964695e-01 -3.488673710262766292e-01 -9.543610988856926491e-02
-5.823963487425440899e-01 -1.180118925359613796e-01 -9.048091949248333876e-03
-4.535616233518511425e-02 -5.587893678142229481e-01 2.186864103844279178e-02
-4.728400698450049289e-01 -3.318883358550766549e-01 9.063729011501626687e-01
-5.759606520631647131e-01 -2.685461585276455176e-01 8.766510028269688393e-01
-7.222346745493588571e-01 -4.701757541044416719e-03 1.188468588101403878e+00
-1.370233679415077954e-01 -3.892946928152182795e-01 7.756488396285685649e-01
-2.476115366760543446e-01 -2.391888235814411678e-01 6.940832748754878212e-01
-4.015430071408722101e-01 -5.750671534383039463e-02 -6.128110837141963474e-01
-7.290392224553632339e-01 5.834305920981726068e-01 -4.397157008886455887e-01
-1.579650082108068898e-01 -3.273650506345224254e-01 -2.240436296014458040e-01
-9.809574929257180997e-02 -3.284645235551424958e-01 -2.597845147191850668e-01
-2.937479703531111763e-01 -7.013500983714020254e-02 -6.315017108610410101e-01
-2.776081913934882461e-01 -9.016381481840400614e-02 -6.380683523667979307e-01
-6.139229724702041091e-01 -2.418145289712074764e-01 9.546158280165142340e-01
-2.200738749586902965e-01 -3.155050669004737518e-01 -2.014820925074433111e-01
-3.308146909682367909e-01 -3.739634658675747847e-01 8.836792558627839522e-01
-3.425262018941759301e-01 -4.000566217741893804e-01 9.707239164080999627e-01
-4.148394884627523149e-01 -3.217499872535521388e-01 1.379887870408274209e+00
-6.668894774792717417e-01 -1.406985300757958857e-01 1.056914156945665262e+00
-3.696164188661069661e-01 -3.648899338398185477e-01 1.165341631943392908e+00
-6.887516105151519907e-01 -1.326431788785700228e-01 8.682011415761079487e-01
-7.426572901302496144e-01 8.712489829414863524e-03 9.254961096678552268e-01
-1.021471059791147495e-01 -2.928758355778736666e-01 -6.058926943473759152e-01
-1.694200182947627475e-01 -2.475210350720836172e-01 -6.087983596230797101e-01
-2.189146347621298005e-01 -1.943165862035481362e-01 -6.163385858095584702e-01
-1.405284321958979177e-01 -3.082236406341709589e-01 -2.424332502452374305e-01
-2.853440320721896128e-01 -8.040378065381111050e-02 -6.348927948182441217e-01
-2.565663066551788218e-01 -1.252621165181576901e-01 -6.757964982813248200e-01
-2.682411841082155690e-01 -9.295571861157693461e-02 -6.406503204268159113e-01
-1.231081252525257769e-01 -4.384078914749338640e-01 -2.071909562129390925e-01
-1.910562718070642207e-01 -1.622706146741189071e-01 -6.434286590858284693e-01
-1.423048540042781140e-01 -1.973098507152195036e-01 -6.487547733915254300e-01
-8.346008401258937781e-02 -2.258378768696240324e-01 -6.584427765049593040e-01
-8.854529207083806919e-02 -1.506311248078046616e-01 -9.453523384772984928e-01
-1.100321035342317066e-01 -2.269154520568456013e-01 -8.575135682580283802e-01
-1.065395383582479760e-01 -2.400484277460969151e-01 -8.040646263480046851e-01
-9.766988053758138277e-02 -2.276535468174231136e-01 -7.497105958155709793e-01
-8.759923041568334900e-02 -2.235688556855466858e-01 -7.052917732778982707e-01
-1.928332667129467048e-01 -1.637498601004869769e-01 -6.726405767910935696e-01
-2.087285753062054772e-01 -1.714934073623643473e-01 -6.925391560095350840e-01
-2.248696798618029236e-01 -1.794416144509618505e-01 -7.183378276926235539e-01
-2.362408292063733761e-01 -1.628834872681566015e-01 -7.466491100832234329e-01
-3.063227652579531002e-01 -1.896401469448687482e-01 -4.565095115426780481e-01
-8.154424966861891777e-01 6.194834459821452199e-01 1.266093387414320981e-01
2.918939410747495994e-02 -4.059382620706685763e-01 -2.993998020152535688e-01
-2.270612185561695084e-01 -1.239585826438125010e-01 -6.572393330103321052e-01
-2.418722326231397823e-01 -1.284358448343172476e-01 -6.661034954954035969e-01
-7.336607387337036601e-02 -3.288664412368302314e-01 -3.034074214849687978e-01
-1.931998968597061495e-01 -2.528258169701017022e-01 -2.593645038598875185e-01
-8.532694384387295994e-02 -3.300339452570478782e-01 -2.821357416687500508e-01
-2.803803686502990833e-01 -2.280991704152761090e-01 1.607185587803681981e-01
-4.053301751113039808e-01 -1.944615032399619747e-01 9.770586414525503360e-02
-2.340144452165758560e-01 -2.999450229279281288e-01 -1.366294216917772752e-01
-6.011624713366128248e-01 -1.755258842124091112e-01 1.311253980693264154e+00
-5.482050099653258401e-01 -2.618293913280358431e-01 1.142473938297282388e+00
-4.969062666028545294e-01 -3.298437200801684899e-01 9.946040008424160694e-01
-2.749647575122800558e-01 -9.937432664403395011e-02 -8.158824507794740777e-01
-1.585683635683896864e-01 -4.355036265923087901e-01 9.224407180400593376e-01
-1.844150624017558693e-01 -4.220366450882816478e-01 1.150958880232814785e+00
-2.134739034700215699e-01 -4.053003885265502593e-01 1.402072200983815797e+00
-5.155488645888240962e-01 -1.440473676134989278e-01 4.489076478347459598e-01
-6.972066940910276456e-01 -1.723977400487600176e-02 3.739756317136368469e-01
-1.908561780863133328e-01 -1.934789048176042692e-01 4.668538992776693486e-01
-6.152916480959118584e-01 -1.323494483371825958e-01 6.631831663980746194e-01
-1.477147242270834826e-01 -2.997461346716568942e-01 2.804250076060516017e-01
-1.707994889047494691e-01 -4.434620278392790160e-01 -1.339933283300722699e-01
-7.652954534175930856e-01 7.429558233866298544e-02 3.118448353119429028e-01
-6.494101353465637771e-01 -7.614394078103341179e-02 2.815023539343236014e-01
-5.545741713096047354e-01 -1.416040160593571851e-01 2.242499153631634101e-01
-4.075656044658935162e-01 -1.795175736690198809e-01 2.284453226913694679e-01
-2.983124833697158307e-01 -2.036947703143914823e-01 2.654015365442231600e-01
-2.165555051000516151e-01 -2.307410610456736566e-01 3.095048146225572450e-01
-4.515826583108024928e-02 -3.964769920358222621e-01 4.087213986197880677e-01
-7.508648220656057859e-01 8.221693123722217944e-02 7.672925686594370132e-02
-6.766286140701933682e-01 -9.813476621803034206e-02 6.883574780569358120e-01
-1.540704694900986264e-02 -5.043740414582789100e-01 -2.828114452020186187e-01
-1.952112100457422394e-01 -2.803238100267185229e-01 9.675495723312824148e-02
-8.445983235921620258e-01 4.978915206966240126e-01 6.071380966687217606e-01
-1.528639096009884180e-01 -2.498708311858983677e-01 3.607424333480408474e-01
-2.386981524006637490e-01 -2.252715981107631937e-01 -1.303551826567436733e-01
-5.702236122897919035e-01 -1.011806942759853750e-01 5.827359297858232257e-01
-1.748949469274028723e-01 -4.246065096034976061e-01 -5.489033187141752201e-02
-7.817453998911736424e-01 6.210480670931003422e-01 -1.466676278051353144e-01
-1.865327629716651836e-01 -1.808516537914715006e-01 5.092873810154009417e-01
-1.131844733296628741e-01 -5.075669929485659981e-01 -5.315334579898925438e-03
-5.839579553075723295e-01 2.223733993016775989e-01 -7.750626539955959293e-01
-5.765743992588974187e-01 3.718913961922610811e-01 -8.760140550946545757e-01
-8.102970256635155799e-01 3.530023561862217218e-01 9.627481612882202167e-02
-6.717958662999823360e-01 2.974498731962099130e-01 -6.075728314752257830e-01
-7.863100683986011807e-01 1.512072192331830878e-01 7.596354281151618260e-01
-2.813956496000861174e-01 2.588065536886816412e-02 -1.169299556206695900e+00
-2.480096047183815225e-03 -4.002428363253593968e-01 -2.931144664261720045e-01
-2.642198006419734790e-01 -2.404883440880881684e-01 2.415591744893239370e-02
-7.608524433707861689e-01 7.277791315405683636e-02 5.382302004803347639e-01
-4.445731751129473608e-01 -1.753772025008010771e-01 4.762751753197620452e-01
-3.802154187952203612e-01 -1.937106659794591290e-01 4.609576105661355450e-01
-2.687234828215597227e-01 -1.105738014923082629e-01 -6.870687521341252157e-01
-7.324904468922257550e-01 1.358298327736709998e-01 -1.411153531305907594e-01
-1.381393779648558140e-01 6.124079997807248960e-02 -1.310311863316210301e+00
-3.663868751714971506e-01 1.993421267489103310e-01 -1.147556940589010477e+00
-4.642473937800379868e-01 2.763515744593735834e-01 -1.038213062413733567e+00
2.582869454753650498e-02 -4.415041520346717485e-01 1.130895210941932127e+00
2.273745040787873012e-02 3.788637431041706749e-02 -1.333885181815014587e+00
-3.142796912345763305e-01 -1.988459449659037426e-01 4.687688255506094470e-01
-2.496165147607691537e-01 -1.925581763616506792e-01 4.887382733754298547e-01
-2.067175703551215604e-01 -1.801641219954331907e-01 5.000629116498622739e-01
-7.294446788825289518e-01 -2.515904968047368018e-02 7.275765067587769419e-01
-2.642155479789695116e-01 -2.169087811727210546e-01 6.110335908957776896e-01
-3.355413554317827618e-01 -2.315475956309208105e-01 6.558304204323858189e-01
-4.037239245565966694e-01 -2.278767041033624707e-01 6.667603994494532005e-01
-4.679425811122689405e-01 -2.067375955530644238e-01 6.508928116444314682e-01
-5.060180905413724783e-01 -1.790408806506058048e-01 6.222867425629898808e-01
-8.351147056559952153e-01 3.454905383858482559e-01 8.417472091194582173e-01
-4.866715243065727892e-01 -1.538371952296791467e-01 5.046320862504171112e-01
2.540350170378374156e-02 -3.241440867823300875e-01 -4.011960105861246961e-01
-2.275066986796282775e-01 -2.400302083225977490e-01 -4.125974045061576723e-01
-1.574042284725660767e-01 -3.578520958383645811e-01 -2.106143425408859016e-01
-8.288765965889030585e-02 -3.150672390308762449e-01 -4.005465710118848999e-01
2.779906815713230686e-02 -3.916959221957863613e-01 5.828835926717021998e-01
-4.846296120826943943e-01 1.661865681965304931e-01 -9.300950781057361061e-01
-3.881251027163430400e-01 1.017719725688623206e-01 -1.051401512725355314e+00
-1.472232164903327645e-01 -4.233110407112396223e-02 -1.255915317235774875e+00
-6.586048592980709993e-01 4.883194760799353107e-01 -6.867362430132248896e-01
-2.113695171446226539e-01 -1.963233442243271232e-01 5.481502398704078960e-01
-9.669582223962823464e-02 -3.980576907250540919e-01 2.268785994114050908e-01
1.671968777396213093e-02 -6.320390297676115043e-02 -1.277584188801117682e+00
-2.617085582787999631e-01 1.168547981845863559e-01 -1.243779399211849546e+00
-7.830680678040449205e-01 3.730252573321884424e-01 -1.489935211757567324e-01
-1.456686115700385198e-01 -1.974574730742217343e-01 -6.878313655267351834e-01
-1.618047931263362216e-01 -2.046306668314080701e-01 -7.213632784552530541e-01
-1.748831191061350210e-01 -2.138456372226791857e-01 -7.641664668634159385e-01
-1.826883783346745782e-01 -1.992464095707505711e-01 -8.119966287594502230e-01
-1.932602899396829166e-01 -1.341752590101215892e-01 -8.926577151835157764e-01
-2.415893814783293680e-01 -1.305454769393336600e-01 -6.328955814362748900e-01
-2.561196102023415300e-01 -1.322459074261552736e-01 -6.246157226617710112e-01
-2.683569970288239848e-01 -1.340323602123551228e-01 -6.154395966207573121e-01
-3.688984250222816508e-01 -1.251421032984628701e-01 -5.245078553139694844e-01
-6.387850093527507322e-01 -6.803534808135988654e-03 -2.290088455361644626e-01
-9.509150063543961307e-02 -3.433499265686966173e-01 3.526701726613725163e-01
-1.333570161765655349e-01 -2.417038520707490701e-01 5.938237617512180933e-01
-1.805893882958327090e-01 -2.138301761448921368e-01 5.878521449720437442e-01
-2.267503422899149190e-01 -1.230885125939998187e-01 -6.405207392780326581e-01
-6.437894426909880341e-01 1.378438889383443722e-01 -4.751074749188903268e-01
-7.097593171617443131e-02 -3.388510756473393504e-01 5.804542017466134407e-01
-2.336407988027527360e-01 -7.809579953634770977e-02 -9.796418750161196565e-01
2.565783663386069641e-02 -5.305231190562925692e-01 1.632497947898537971e-01
-4.366555420108930718e-02 -4.564479380558078003e-01 2.738561017405917730e-01
2.675886813213451676e-02 -4.773756695167089559e-01 2.901551773680221546e-01
-1.510366820636051544e-01 -3.729676967505127227e-01 5.332745687174727384e-02
1.458436534276351393e-02 -1.183314189291647667e-01 -1.181519018465028603e+00
1.478159886458407617e-02 -1.360300021136823245e-01 -1.060656883472620882e+00
-1.127148538794319615e-01 -1.175315281811954715e-01 -1.047226280935124709e+00
-4.089519862669198647e-01 -1.482501922897604824e-02 -7.576295060835797068e-01
-3.064311773641312797e-01 -1.953789659378281085e-01 -2.079009949561320680e-01
-3.296915723251295782e-01 -4.142532187534481852e-02 -8.843087946581247305e-01
-4.792329886821837803e-01 -1.656729126252961537e-01 -1.691955530906645855e-01
-3.791923477408112308e-01 -1.675238797118536183e-01 -3.070273868561805286e-01
-5.431786852816671285e-01 -8.240040583306965094e-02 -3.311283114069871192e-01
-1.378378073531766890e-01 -9.513185599118233193e-02 -1.162284204084122141e+00
-1.962699616402052427e-01 -3.103545012256145319e-01 1.054768087345336891e-03
-4.660856700447983947e-01 6.656869296969415706e-02 -8.249029332307729057e-01
-3.688484120583445103e-01 2.893971460763978404e-02 -9.555464417284250667e-01
-4.699817919276157996e-01 -2.235194573018253750e-02 -6.155266108088198740e-01
-7.103108534602835533e-01 1.868632684563512059e-01 -3.254916847229407106e-01
-5.569173327234974158e-01 5.376592867597226183e-02 -6.160000540108940825e-01
-7.432202924695464619e-01 3.695657845625727744e-01 -3.813957570754009652e-01
-4.420389879212188733e-01 -1.120887148625221708e-01 -4.343870739104571110e-01
-1.445440319986786015e-01 -3.359880824281855638e-01 1.639023722081208723e-01
-1.468557580751794767e-01 -4.546576924217156646e-01 -1.890888613110164873e-01
-1.913727061759040726e-01 -3.667403220642238004e-01 -2.006013852626608029e-01
-1.150033929220214551e-01 -5.167701145637266791e-01 -1.255786181371459365e-01
-1.961745189629130470e-01 -2.776581977908725296e-01 7.092999580605706678e-01
-3.247387301027987450e-01 -2.965438973733742767e-01 7.952756541977332727e-01
-4.355249437385060318e-01 -2.907229168509183892e-01 8.139653817909273670e-01
-5.255330406986594705e-01 -2.564789311823342244e-01 7.936307418690611293e-01
-5.861579996349725041e-01 -2.043596212410751511e-01 7.452619328434862966e-01
-6.237858489939339668e-01 -6.548511647025200000e-02 5.618825544990799781e-01
-8.284526309324875548e-01 3.064638349450058419e-01 3.297468986265402746e-01
-5.726997028942109047e-01 -1.047166945678153771e-01 3.829663206180037860e-01
-4.982591517498976552e-01 -1.463408628646324650e-01 3.359433592448984318e-01
-3.973920143869856814e-01 -1.785804087602744783e-01 3.242786304756042348e-01
-2.996238108479097884e-01 -1.981215926446156517e-01 3.437758922197139411e-01
-2.220285926675646393e-01 -2.045214736473875417e-01 3.780508111575431318e-01
-1.682023499263855248e-01 -2.143815509498995797e-01 4.103113021588292719e-01
-8.333036813029689460e-01 5.820618059195631355e-01 3.742423472532629414e-01
-1.909440182521007778e-01 -3.258605116987821626e-01 -2.236106064008288041e-01
-9.753578598595742666e-02 -4.434786437293283812e-01 1.143906168553898844e-01
-9.486053796938086202e-02 -5.119352541915418442e-01 -2.088747664081106459e-01
-5.627435010528279713e-02 -4.741695021774948171e-01 -2.586595343608040221e-01
-9.507852732171856447e-02 -4.733297140628367483e-01 -2.206460577366614051e-01
-1.707256263829084741e-01 -2.960953138301273824e-01 -2.528685878334988590e-01
-4.060498674225746646e-02 -4.931596524623427236e-01 -2.728580504342847934e-01
-2.940141191285401689e-02 -4.010284444972065931e-01 -2.845620713658107426e-01
-1.615122471032481577e-01 -1.900513660987386833e-01 5.035581208056287839e-01
-1.256916266626025291e-01 -2.308622170819731312e-01 4.694473086653427885e-01
-1.050312749958936115e-01 -2.801651516035905676e-01 4.420558871642507048e-01
-5.257528872266128417e-01 -1.510428905927164722e-01 6.001558179154412587e-01
-5.740390943594860795e-01 -1.521173967783925884e-01 6.536687544717977305e-01
9.056616477486759131e-02 -5.026444906621272413e-01 1.480308761764388692e-01
5.501651825668297802e-01 -1.474096270580668999e-01 4.960398285401749208e-01
1.031639021899826703e-01 -4.083295166473504545e-01 -2.740251566576018538e-01
8.094304154844398358e-01 1.418023742530818421e-01 9.380651871350894622e-01
3.357238072352621838e-01 -2.074493154914208159e-01 3.935654705779428331e-01
4.099471675230338397e-01 -2.018963783442969118e-01 3.813166794597809828e-01
4.805636953841934123e-01 -1.830796903310498713e-01 3.855507791252927863e-01
5.741174725535850287e-01 -1.312054916836075669e-01 4.586549331769844140e-01
2.743291521826775048e-01 -2.016919634204930589e-01 4.240384689013096953e-01
4.496343823994742861e-01 -2.754677713004771711e-01 7.300868507210160896e-01
3.619960774123657243e-01 -2.727492250736531787e-01 7.165743287357915214e-01
5.286909211068751002e-01 -2.510366709356687265e-01 7.086358195827631157e-01
5.774931180175664203e-01 -2.172411348611598680e-01 6.594484453258844248e-01
6.291613585807899200e-01 -8.584327818822988510e-02 3.853343341140976763e-01
2.939599807414265409e-01 -4.384342468465016185e-02 -1.087241226209507472e+00
5.768365929796331892e-01 -1.284108461158555425e-01 5.366294496497463484e-01
8.499928535283185482e-01 2.339854302120296103e-01 4.734258607160109489e-01
7.076594885426872317e-01 -2.287204593345049802e-02 4.738654110891714066e-01
3.949036502741500865e-01 -2.241082345951470600e-01 -8.813309353031002769e-02
6.779080261396032425e-02 -3.083889772917118299e-01 -5.685062223861934161e-01
6.160043386688987543e-02 -2.605604839887040169e-01 -6.467995718764365520e-01
1.544233185871112246e-01 -2.565351244767321015e-01 -5.954168520430355160e-01
2.145357127251809604e-01 -1.953097189150380109e-01 -6.200482842624104318e-01
1.314877353205595178e-01 -2.266543508718994460e-01 -6.470509242383212234e-01
1.889626247935947412e-01 -1.732697309186109202e-01 -6.495699481439149992e-01
3.570620623845944808e-01 -7.282921990461233008e-02 -7.511025368385521039e-01
8.894211404421106804e-02 -5.503655884389959674e-01 -2.388589224443919967e-01
9.862186587474568167e-02 -5.876829292245570047e-01 -1.322260148929857992e-01
6.671971047136198152e-01 -2.077185790401041565e-01 7.526072826147935935e-01
2.457132519846802754e-01 -2.653908620159386444e-01 1.953036381771075525e-01
2.620889293773598361e-01 -3.716668236380140655e-01 -1.799669204328984695e-01
2.665202939461516207e-01 -3.569563667092935932e-01 -1.153938559210450909e-01
6.097380649746607650e-01 -1.314312237536086614e-01 -6.441888914610158223e-02
9.481463791889892245e-02 -5.595907346064525889e-01 1.596717403971554053e-02
5.096988511180962078e-01 -3.488160878580681135e-01 8.664669163693141662e-01
6.050535323791881304e-01 -2.867417424176001983e-01 8.321522273418199278e-01
7.380331920031206749e-01 -2.748262686519911679e-02 1.108635803817830556e+00
1.903390040225954039e-01 -3.935296274181672715e-01 7.540404308748676065e-01
2.877202855579372165e-01 -2.429813376821686188e-01 6.633935375803217127e-01
4.162572075871912025e-01 -6.483495617277140743e-02 -6.425640875133459273e-01
7.778986957386653245e-01 5.602784817271999618e-01 -5.000519811650081525e-01
2.085623538859394943e-01 -3.357371453740569667e-01 -2.386243217735994904e-01
1.520459983837327278e-01 -3.385475462409134328e-01 -2.706111636800437314e-01
3.002779354186483340e-01 -6.430058119344077283e-02 -6.588263597602063149e-01
2.803804468427781305e-01 -8.693214009187322233e-02 -6.631749716033823461e-01
6.399934833949155744e-01 -2.607207561759732339e-01 9.000877939984156528e-01
2.648056812316083031e-01 -3.249362027101355688e-01 -2.208274546746453737e-01
3.772598718386209748e-01 -3.884970942053972420e-01 8.496498470478753839e-01
3.890796193183158058e-01 -4.153803123570156686e-01 9.303501688031692307e-01
4.486151070016728415e-01 -3.370671104327520040e-01 1.328619774929392872e+00
6.897878965649694161e-01 -1.597433725620209799e-01 9.900590704333193104e-01
4.094758217348948293e-01 -3.778007675077873495e-01 1.123246799720015510e+00
7.072392464854991845e-01 -1.504538063253975655e-01 8.008757083431710111e-01
7.635119188524238654e-01 -1.052428328622177951e-02 8.519719747042200364e-01
6.529463411617811297e-02 -2.920999464258720590e-01 -6.138210211167125507e-01
1.428300704518873920e-01 -2.444168905484861987e-01 -6.239442534262092943e-01
2.017199680829980246e-01 -1.904942788560284317e-01 -6.356116864995258187e-01
1.921940107515532903e-01 -3.176006700881278122e-01 -2.555793602054999836e-01
2.900460908435559260e-01 -7.666781491789601000e-02 -6.612606380318041266e-01
2.478564444631789210e-01 -1.231306129610158229e-01 -7.016833974681419006e-01
2.704027670731978805e-01 -8.916472712673582934e-02 -6.641736327023762820e-01
1.714220644135537597e-01 -4.410934978632455317e-01 -2.199912739219989088e-01
1.789571330405979044e-01 -1.581311798428690074e-01 -6.591854960637015814e-01
1.237667343178358581e-01 -1.927015710104151847e-01 -6.602485269114242161e-01
5.885938363538558565e-02 -2.223878737153792140e-01 -6.650295347677683822e-01
1.126584001981264238e-01 -1.539852730429463468e-01 -9.525408257944739665e-01
7.035404836657185856e-02 -2.261740190261222194e-01 -8.659569460571103772e-01
6.576929261022457229e-02 -2.377032694075367214e-01 -8.122356821147321826e-01
6.180459620598573872e-02 -2.244877169401652273e-01 -7.579953557477603354e-01
5.485627656159753479e-02 -2.195859578727413775e-01 -7.131349571939971099e-01
1.746981067615579197e-01 -1.595217554609210664e-01 -6.927633983813846763e-01
1.886363003983134168e-01 -1.696040000734321262e-01 -7.139850334518224040e-01
2.021450185127005306e-01 -1.784994237786734494e-01 -7.410031669675771759e-01
2.158464670625269421e-01 -1.622405656796038209e-01 -7.697444765607963646e-01
3.328201026828377929e-01 -1.972912718299923429e-01 -4.819208641941080673e-01
8.579474507054286603e-01 5.946498319611949190e-01 4.672097593524243697e-02
2.190837453135355828e-01 -1.183313539791321090e-01 -6.801911280096530898e-01
2.327194039657282110e-01 -1.252935105619630285e-01 -6.909591317802432631e-01
1.278943830484295385e-01 -3.344038994164593714e-01 -3.118899093074537499e-01
2.417148538240254663e-01 -2.646936916789606187e-01 -2.767512446782020019e-01
1.396863866904147766e-01 -3.383002458436368265e-01 -2.922308970605819733e-01
3.216191774927963376e-01 -2.319030608381323910e-01 1.328980156717461392e-01
4.413414383295231058e-01 -2.029985896425391401e-01 5.770357270893860385e-02
2.793507397227368294e-01 -3.089176394420368177e-01 -1.577151573524531170e-01
6.249343192171732397e-01 -1.973206923892556475e-01 1.241191339758717760e+00
5.783866437852750453e-01 -2.800539722788110142e-01 1.084362680014571367e+00
5.337441613791666928e-01 -3.475078467007040595e-01 9.472099499729997873e-01
2.895736108748905302e-01 -1.044619418313131876e-01 -8.338916770410151891e-01
2.145754508504108538e-01 -4.422111707168802641e-01 8.894193819569866655e-01
2.301189161862874921e-01 -4.295885491719923510e-01 1.127792878527560605e+00
2.552181511795927893e-01 -4.157460413753592543e-01 1.373344726699072371e+00
5.401393052383391957e-01 -1.548985307206509066e-01 4.095972749758844400e-01
7.055099737470138521e-01 -3.654632160662842771e-02 3.074967116869297690e-01
2.340614218906031108e-01 -1.930418674331093043e-01 4.534725840626968596e-01
6.406523052297454779e-01 -1.485236550223557606e-01 6.092535393588001114e-01
1.952340882960801882e-01 -3.006005431172190656e-01 2.648960339371328465e-01
2.175181500993694783e-01 -4.501462092329171494e-01 -1.512606915359337445e-01
7.929695592256000847e-01 5.415091094510806474e-02 2.369702613290615711e-01
6.572854930307386878e-01 -9.240200530061337680e-02 2.220229612282246245e-01
5.648160910961885772e-01 -1.548563629651260598e-01 1.751574607446551024e-01
4.260091706457858063e-01 -1.872702321564803651e-01 1.951828229362838896e-01
3.237212490775728257e-01 -2.083088917300005005e-01 2.442972857724433067e-01
2.477289783611224816e-01 -2.340076804319661252e-01 2.952028695988920814e-01
9.891562260908494386e-02 -3.969697985199645562e-01 4.018139914966603055e-01
7.813777688378999997e-01 6.430991422025045257e-02 5.418420667329903323e-03
6.924785941294212543e-01 -1.154081502665195019e-01 6.242720187091450601e-01
6.404643752312316751e-02 -5.052737031252858557e-01 -2.860560450491898554e-01
2.415058968882171087e-01 -2.830646782483820512e-01 7.749219644683168207e-02
8.718877876948794015e-01 4.758076362073132004e-01 5.204929323430735888e-01
1.915460425666998256e-01 -2.511351461026135601e-01 3.522735195378482453e-01
2.882249887322552162e-01 -2.343838526986992687e-01 -1.522200707771641515e-01
6.034760635605922463e-01 -1.139504102353887660e-01 5.321113213262274044e-01
2.199239192425536393e-01 -4.313675260308197368e-01 -7.191390336994203658e-02
8.298773627574547174e-01 5.951339536820716702e-01 -2.174337428134167638e-01
2.340846410717304094e-01 -1.785330014368290974e-01 4.941242468509269292e-01
1.587069070749460020e-01 -5.112158854683483966e-01 -1.722304014093948774e-02
6.156416986985403517e-01 2.005255853589500425e-01 -8.137549435099780126e-01
6.163445859232301594e-01 3.485854392072100794e-01 -9.103627244592948919e-01
8.532278201823787489e-01 3.312905255783617497e-01 1.987094130243208939e-02
7.075385478310968201e-01 2.749872383247514707e-01 -6.584837750366745457e-01
8.104538538266164993e-01 1.311179898275988687e-01 6.807386661229800628e-01
3.117389314425353941e-01 1.285714707166234379e-02 -1.179897868116885240e+00
6.139929541846486649e-02 -4.022867618471845375e-01 -2.960554226413454892e-01
3.066348745389049224e-01 -2.469208467842831101e-01 -1.714850107591155137e-03
7.653433990528111242e-01 5.396313542496594673e-02 4.567912704138616942e-01
4.777160978817376336e-01 -1.842941216901654577e-01 4.478848885305131700e-01
4.139212003535014395e-01 -1.999214560002221530e-01 4.397383591187448704e-01
2.633331690224265387e-01 -1.080607013204704647e-01 -7.136607505407348562e-01
7.655918837670698807e-01 1.174068466019464047e-01 -2.067913549554271646e-01
1.802078329113729893e-01 5.441903723511629792e-02 -1.313241284208110038e+00
4.071109822301584025e-01 1.832041121254368021e-01 -1.159802188478036955e+00
5.049676648356599129e-01 2.570492545617392155e-01 -1.058613714874300005e+00
3.506642557234077584e-01 -2.030418699090608126e-01 4.503195134010552492e-01
2.913521135945263962e-01 -1.933549854475384855e-01 4.714024730539331798e-01
2.531595034111440157e-01 -1.784705572712008137e-01 4.832828116076849367e-01
7.396696597919998339e-01 -4.234751989407593148e-02 6.501916187331305830e-01
3.028662973683349802e-01 -2.182713559316720175e-01 5.784702975369552247e-01
3.679259045752529822e-01 -2.368605175023424381e-01 6.164089102266749887e-01
4.351615474045106291e-01 -2.362323076636509978e-01 6.248159702262092718e-01
5.001799199296430576e-01 -2.180266393998218644e-01 6.068739975756842764e-01
5.388342939516110874e-01 -1.914235586946944623e-01 5.768410523170967030e-01
8.536881844103555439e-01 3.222101720442713813e-01 7.549503271015592931e-01
5.209555244835911703e-01 -1.642529538313798887e-01 4.694975450236727466e-01
2.655125690450952369e-01 -2.461752886294626963e-01 -4.320142509526698760e-01
2.076762677347732677e-01 -3.660936089451451436e-01 -2.258299566557021576e-01
1.295611838320305798e-01 -3.177476800817674585e-01 -4.092564044872785689e-01
5.157631941403572062e-01 1.456161502235557015e-01 -9.575057914959754779e-01
4.180565777224024560e-01 8.344312203042975051e-02 -1.069241566598808868e+00
1.778891446692790757e-01 -4.985204841717971735e-02 -1.261379497530045191e+00
7.041838606387975652e-01 4.653905138824550591e-01 -7.343877446786832852e-01
2.557336744205412904e-01 -1.941292572138776928e-01 5.268786881130034239e-01
1.468423361683145467e-01 -3.998129100909815214e-01 2.157179278692478719e-01
3.021198742643679269e-01 1.051554807429346955e-01 -1.249479905559584658e+00
8.265756454435849720e-01 3.509135629585041216e-01 -2.192092744768991408e-01
1.198102105294387848e-01 -1.924823194399961079e-01 -7.023439072510445635e-01
1.328237354206561749e-01 -2.012351837132566601e-01 -7.369431419008481976e-01
1.423756036683437587e-01 -2.109688914711861374e-01 -7.801338193152969058e-01
1.518703773513076227e-01 -1.969850667127258648e-01 -8.272458625372249852e-01
2.102347408381214366e-01 -1.361296126997865730e-01 -9.046459110209774668e-01
2.359084220872122717e-01 -1.268285203702635422e-01 -6.533849569090618425e-01
2.501616904413962450e-01 -1.270384329364718234e-01 -6.464055534829762362e-01
2.625698451762792374e-01 -1.285587801896523885e-01 -6.381446088464491906e-01
3.864700009537074266e-01 -1.317554422613296250e-01 -5.527098693899937798e-01
6.642037580661557250e-01 -2.394694555593634977e-02 -2.853675468556914341e-01
1.464852560257849934e-01 -3.441728617192840733e-01 3.410134712128174428e-01
1.838180567021528156e-01 -2.439539593930064032e-01 5.744510405289570132e-01
2.254457419692179332e-01 -2.122744551219116205e-01 5.662371278412922093e-01
2.222754212243308047e-01 -1.171361792903449772e-01 -6.595505470130982317e-01
6.732071685154092933e-01 1.181650858602640713e-01 -5.263136803675433351e-01
1.188507520205198398e-01 -3.391660956966985885e-01 5.688402517659234547e-01
2.544637875688483541e-01 -8.693600687396801918e-02 -9.924909476773527972e-01
9.539780003408179776e-02 -4.582513542691138420e-01 2.675404126990635345e-01
1.980085112849060414e-01 -3.778815501611375027e-01 3.730905906488710122e-02
1.386643265883271137e-01 -1.241799433805477193e-01 -1.053954223925906764e+00
4.278003062536117618e-01 -2.766630601127706424e-02 -7.873203839972288121e-01
3.469946920315553074e-01 -2.066446111662006979e-01 -2.361864793880720792e-01
3.471210706166897308e-01 -5.382244516144721325e-02 -9.055056565871317797e-01
5.066506131862125173e-01 -1.805182052532358083e-01 -2.135836793787395660e-01
4.089918184648894117e-01 -1.789164221431120416e-01 -3.411959919070257086e-01
5.656033060992983197e-01 -9.769712836092631081e-02 -3.772126099472210004e-01
1.650594700050657393e-01 -1.019226325995684357e-01 -1.169584555694893169e+00
2.419802751660087570e-01 -3.165726481739372100e-01 -1.763011975264927242e-02
4.910086585919521962e-01 4.847646754271472957e-02 -8.546678918482983889e-01
3.941751624544745924e-01 1.214027591830340973e-02 -9.763286310917662636e-01
4.889884487852630413e-01 -3.292512909092421697e-02 -6.516366048806280231e-01
7.437674578603309383e-01 1.663523626852752013e-01 -3.856080343257642373e-01
5.792616678148904130e-01 3.638522987780686002e-02 -6.560735026152454408e-01
7.855862185016342369e-01 3.491584570360254935e-01 -4.438978091629711131e-01
4.617350017055286138e-01 -1.228822498239548477e-01 -4.716171197100261780e-01
1.928218055804468700e-01 -3.374352797977983043e-01 1.484423451970061647e-01
1.932802677734936081e-01 -4.596384990885411526e-01 -2.037962904245820273e-01
2.384042700602442000e-01 -3.761035536294650705e-01 -2.182691076203573943e-01
1.632308971560863797e-01 -5.223912378687205482e-01 -1.382938734436085504e-01
2.444749375265844460e-01 -2.817174992061290961e-01 6.841437737100953820e-01
3.676448340550226845e-01 -3.075025613415259818e-01 7.638177460786080841e-01
4.747891173365406114e-01 -3.050699304408862056e-01 7.770062808415644229e-01
5.600645925161973349e-01 -2.725923251356492383e-01 7.514164962738345555e-01
6.154855121089716219e-01 -2.213521500940430764e-01 6.971912061165380647e-01
6.464342760924094433e-01 -8.080953305133459219e-02 5.026866255612405521e-01
8.621472873808003756e-01 2.868526346427676676e-01 2.488952308165852112e-01
5.912816510871277131e-01 -1.175440360798449824e-01 3.334062734107085535e-01
5.169785488820997088e-01 -1.573700995061795838e-01 2.960587917756134502e-01
4.198964610300010003e-01 -1.859529832487871737e-01 2.981829081227995726e-01
3.275961607669684028e-01 -2.021806069602601341e-01 3.271426204230905577e-01
2.571819125262477801e-01 -2.079712625861896425e-01 3.654575557026130683e-01
2.086650746862422912e-01 -2.159007026597908885e-01 4.007166820420804410e-01
8.677040285977843936e-01 5.608597148918641473e-01 2.898298217326278903e-01
2.375528263540825080e-01 -3.356803840847703557e-01 -2.404630065301492370e-01
1.478749796418036555e-01 -4.449008993201413187e-01 1.033822541255750849e-01
1.423111775687349589e-01 -5.170550495146937209e-01 -2.193903681981973497e-01
1.034843733141218025e-01 -4.792379016414173853e-01 -2.656622776640554795e-01
1.422371148406801344e-01 -4.780500048443295791e-01 -2.314346882546819972e-01
2.185273517018759826e-01 -3.067795705385454874e-01 -2.677509836924418241e-01
8.821853330313045305e-02 -4.971228534003883093e-01 -2.784070883522901108e-01
8.568619075750925906e-02 -4.050654965438614807e-01 -2.892961247881865039e-01
2.084604085502778648e-01 -1.896051774141085389e-01 4.896240953643540283e-01
1.707493182475377791e-01 -2.316173967241087484e-01 4.594031451672757616e-01
1.478639980816414401e-01 -2.817905301699529796e-01 4.345192032693844797e-01
5.601685225757717657e-01 -1.639107669812271961e-01 5.544719027305512471e-01
6.053470917325440848e-01 -1.684843714640808510e-01 6.042564674321970752e-01
-3.885700175068665940e-01 -1.845989497032957116e-01 5.772625551035801550e-01
-3.117476879807039580e-01 -1.917577785306118221e-01 5.751703485226705714e-01
-3.876182105179049042e-01 -1.945290075362532400e-01 6.799155036971024080e-01
-4.664297814812949916e-01 -1.773775331605452754e-01 5.800496384990506682e-01
-3.902133039115327495e-01 -1.746719064162650659e-01 4.756810909946380672e-01
4.208487704432838372e-01 -1.922261456602754603e-01 5.413655662809626623e-01
4.960540831792860095e-01 -1.990404549530906952e-01 5.373430629126805247e-01
4.197638927841211842e-01 -2.023254128271050334e-01 6.422170096019780283e-01
3.450459316396317089e-01 -1.854418023894714995e-01 5.462109639907193337e-01
4.222173025191855444e-01 -1.821464012670676036e-01 4.404437162486614099e-01
