5.035633444786071777e-01 5.391600728034973145e-01 -4.511933401226997375e-02
4.972999691963195801e-01 4.776978790760040283e-01 -5.497852340340614319e-02
5.010406970977783203e-01 5.099282264709472656e-01 -4.227246344089508057e-02
4.947768747806549072e-01 4.315263032913208008e-01 -4.012305662035942078e-02
5.095812082290649414e-01 4.682403206825256348e-01 -6.621605902910232544e-02
5.068366527557373047e-01 4.359942078590393066e-01 -5.354715883731842041e-02
5.068006515502929688e-01 3.870274126529693604e-01 -2.855264395475387573e-02
4.315357208251953125e-01 3.767908811569213867e-01 9.870977140963077545e-03
5.018421411514282227e-01 3.458548486232757568e-01 -2.286365628242492676e-02
5.202076435089111328e-01 3.037624657154083252e-01 -1.462569553405046463e-02
5.196410417556762695e-01 2.487410902976989746e-01 9.467061609029769897e-04
5.089764595031738281e-01 5.398519635200500488e-01 -3.607228770852088928e-02
5.010864734649658203e-01 5.516806244850158691e-01 -3.146973624825477600e-02
5.049835443496704102e-01 5.584908723831176758e-01 -2.878355607390403748e-02
5.061655044555664062e-01 5.778047442436218262e-01 -2.461117319762706757e-02
5.099346637725830078e-01 5.825137495994567871e-01 -2.088567800819873810e-02
4.949867427349090576e-01 5.909014940261840820e-01 -2.017058990895748138e-02
5.005152821540832520e-01 6.090566515922546387e-01 -1.838417723774909973e-02
4.952657222747802734e-01 6.264643073081970215e-01 -8.001952432096004486e-03
5.074959397315979004e-01 4.956526756286621094e-01 -5.001569539308547974e-02
4.898257553577423096e-01 4.790498614311218262e-01 -3.601672500371932983e-02
3.887962102890014648e-01 3.120891749858856201e-01 6.309913843870162964e-02
4.516685307025909424e-01 3.951183557510375977e-01 1.622687559574842453e-03
4.543705582618713379e-01 3.914009332656860352e-01 -1.840519485995173454e-03
4.316900670528411865e-01 3.923565447330474854e-01 7.158184889703989029e-03
4.294859170913696289e-01 3.819608688354492188e-01 6.646891124546527863e-03
4.643639624118804932e-01 3.917309939861297607e-01 6.745340768247842789e-03
4.472070336341857910e-01 3.383536338806152344e-01 8.317595347762107849e-03
4.570035934448242188e-01 3.428460657596588135e-01 6.993486080318689346e-03
4.247642457485198975e-01 3.319677710533142090e-01 3.713139332830905914e-03
4.211645126342773438e-01 3.532355129718780518e-01 6.926023401319980621e-03
4.042042493820190430e-01 3.913055956363677979e-01 2.567753754556179047e-02
4.476147592067718506e-01 6.357570886611938477e-01 5.264740902930498123e-03
4.178753495216369629e-01 3.717913925647735596e-01 1.191155053675174713e-02
3.779634237289428711e-01 3.759830296039581299e-01 5.947270616888999939e-02
4.006367623805999756e-01 3.743864595890045166e-01 4.116443172097206116e-02
4.490693211555480957e-01 4.695708751678466797e-01 -6.051640491932630539e-03
4.994343519210815430e-01 5.232163667678833008e-01 -3.097782097756862640e-02
4.938006401062011719e-01 5.486093759536743164e-01 -2.997011691331863403e-02
4.656685590744018555e-01 5.345554947853088379e-01 -2.930574119091033936e-02
4.599075019359588623e-01 5.494536757469177246e-01 -2.514201030135154724e-02
4.826740920543670654e-01 5.526370406150817871e-01 -2.723110467195510864e-02
4.753721952438354492e-01 5.484017729759216309e-01 -2.018308825790882111e-02
4.479719400405883789e-01 5.756725072860717773e-01 -1.230923458933830261e-02
4.987867474555969238e-01 4.780420362949371338e-01 -6.229459121823310852e-02
4.978208243846893311e-01 4.693798720836639404e-01 -5.614154413342475891e-02
4.128443300724029541e-01 3.357427418231964111e-01 1.771337166428565979e-02
4.703151881694793701e-01 4.265118539333343506e-01 -6.115045398473739624e-03
4.653141796588897705e-01 4.725134372711181641e-01 -3.781286627054214478e-02
4.720138609409332275e-01 4.608524739742279053e-01 -2.753581479191780090e-02
4.147798418998718262e-01 4.621006846427917480e-01 1.115878392010927200e-02
5.069421529769897461e-01 4.358982741832733154e-01 -5.201940238475799561e-02
4.434610009193420410e-01 2.981705367565155029e-01 1.086777076125144958e-03
4.125614762306213379e-01 3.190752267837524414e-01 7.268968038260936737e-03
4.021469950675964355e-01 2.761951684951782227e-01 5.058799311518669128e-02
4.910734891891479492e-01 3.312268555164337158e-01 -3.922203555703163147e-03
4.757939577102661133e-01 3.453117311000823975e-01 5.835017189383506775e-03
4.423147439956665039e-01 5.601553916931152344e-01 -4.444266203790903091e-03
3.783910572528839111e-01 5.366377830505371094e-01 8.224636316299438477e-02
4.754933118820190430e-01 4.726129174232482910e-01 -2.874439395964145660e-02
4.862427115440368652e-01 4.876660704612731934e-01 -1.376252528280019760e-02
4.510809183120727539e-01 5.604628324508666992e-01 -2.788047306239604950e-03
4.633776843547821045e-01 5.683472156524658203e-01 -6.418312899768352509e-03
4.229584038257598877e-01 3.008717000484466553e-01 8.133507333695888519e-03
4.640336334705352783e-01 4.716878235340118408e-01 -3.144656866788864136e-02
4.683124125003814697e-01 3.116604387760162354e-01 -9.949544444680213928e-03
4.538202881813049316e-01 2.910041213035583496e-01 -1.300556212663650513e-02
4.536839425563812256e-01 2.423013150691986084e-01 1.077769976109266281e-02
4.140664637088775635e-01 2.920618951320648193e-01 2.949005924165248871e-02
4.644317626953125000e-01 2.791628241539001465e-01 -4.514228552579879761e-03
4.081523716449737549e-01 3.166353106498718262e-01 2.401188947260379791e-02
3.919742107391357422e-01 3.257750570774078369e-01 4.045624658465385437e-02
4.940591156482696533e-01 5.373941659927368164e-01 -4.049789160490036011e-02
4.837758839130401611e-01 5.467529892921447754e-01 -2.566645666956901550e-02
4.668053090572357178e-01 5.395417213439941406e-01 -1.443966571241617203e-02
4.898288249969482422e-01 4.938872158527374268e-01 -2.619056776165962219e-02
4.673069119453430176e-01 5.689907670021057129e-01 -3.694502403959631920e-03
4.554178118705749512e-01 5.743220448493957520e-01 -1.204695831984281540e-02
4.695282876491546631e-01 5.586001873016357422e-01 -5.551752634346485138e-03
4.874491095542907715e-01 4.830578863620758057e-01 -4.168873652815818787e-02
4.817301928997039795e-01 5.514176487922668457e-01 -1.818407699465751648e-02
4.721094965934753418e-01 5.514525771141052246e-01 -1.733784377574920654e-02
4.925351142883300781e-01 5.470069050788879395e-01 -1.971364021301269531e-02
4.775991737842559814e-01 6.205469965934753418e-01 -8.010297082364559174e-03
4.767798483371734619e-01 6.067910790443420410e-01 -1.163253374397754669e-02
4.778464436531066895e-01 6.037636995315551758e-01 -2.366383001208305359e-02
4.830017983913421631e-01 5.872980356216430664e-01 -2.255210094153881073e-02
4.850968420505523682e-01 5.748897194862365723e-01 -1.385192107409238815e-02
4.766325652599334717e-01 5.685594081878662109e-01 -7.467391435056924820e-03
4.744036197662353516e-01 5.651795268058776855e-01 -1.197402924299240112e-02
4.713521003723144531e-01 5.902014970779418945e-01 -2.004932239651679993e-02
4.620674550533294678e-01 5.819552540779113770e-01 -1.684991642832756042e-02
4.515588283538818359e-01 5.252518057823181152e-01 -1.866936683654785156e-02
3.734302520751953125e-01 4.582087397575378418e-01 1.163132935762405396e-01
5.114876627922058105e-01 4.944330453872680664e-01 -3.781312704086303711e-02
4.635306894779205322e-01 5.568584203720092773e-01 1.401985296979546547e-03
4.697574377059936523e-01 5.663619041442871094e-01 -6.281142588704824448e-03
4.927572309970855713e-01 4.939764142036437988e-01 -3.487239778041839600e-02
4.624726176261901855e-01 4.914554953575134277e-01 -1.905289664864540100e-02
4.934392273426055908e-01 4.996630251407623291e-01 -4.110023379325866699e-02
4.563546776771545410e-01 4.331158995628356934e-01 -7.710147649049758911e-03
4.419526159763336182e-01 4.408596754074096680e-01 2.188915386795997620e-04
4.693101644515991211e-01 4.807209670543670654e-01 -2.520801126956939697e-02
4.202346205711364746e-01 2.619929611682891846e-01 2.909659594297409058e-02
4.352832734584808350e-01 2.793171405792236328e-01 1.109222136437892914e-02
4.320637583732604980e-01 2.999168336391448975e-01 1.055668760091066360e-02
4.639329314231872559e-01 6.035271883010864258e-01 5.978377070277929306e-03
4.867127835750579834e-01 3.043890297412872314e-01 -8.626297116279602051e-03
4.745000004768371582e-01 2.852091491222381592e-01 -7.493519224226474762e-03
4.865201413631439209e-01 2.511081695556640625e-01 -1.063273986801505089e-03
4.258743822574615479e-01 3.858073651790618896e-01 1.369243022054433823e-02
4.030611515045166016e-01 4.066587686538696289e-01 3.358770161867141724e-02
4.713406860828399658e-01 3.785673677921295166e-01 1.008423604071140289e-02
4.048537015914916992e-01 3.553568720817565918e-01 1.979456283152103424e-02
4.841017425060272217e-01 4.151723086833953857e-01 -5.104695446789264679e-04
4.763728380203247070e-01 4.663704931735992432e-01 -3.441096842288970947e-02
3.781929314136505127e-01 4.144871532917022705e-01 3.452473133802413940e-02
4.086850881576538086e-01 4.191315770149230957e-01 1.689831167459487915e-02
4.177804291248321533e-01 4.325365424156188965e-01 9.224077686667442322e-03
4.388823211193084717e-01 4.194367527961730957e-01 5.590110959019511938e-05
4.588249027729034424e-01 4.126767516136169434e-01 -8.662218227982521057e-03
4.770415723323822021e-01 4.102284312248229980e-01 2.848079893738031387e-03
5.025863647460937500e-01 3.984787464141845703e-01 -1.349199842661619186e-02
3.943862915039062500e-01 4.444583654403686523e-01 2.596414089202880859e-02
3.999949395656585693e-01 3.421889543533325195e-01 2.162201702594757080e-02
5.076031684875488281e-01 4.826015830039978027e-01 -5.136489495635032654e-02
4.709790647029876709e-01 4.405190348625183105e-01 -1.480320841073989868e-02
3.745689392089843750e-01 3.852912783622741699e-01 1.097358316183090210e-01
4.916751086711883545e-01 3.883723616600036621e-01 -1.449467986822128296e-02
4.672031998634338379e-01 4.719177782535552979e-01 -2.038302831351757050e-02
4.170857071876525879e-01 3.636633455753326416e-01 8.771860972046852112e-03
4.734835326671600342e-01 4.508337676525115967e-01 -3.104091808199882507e-02
3.715412020683288574e-01 4.964329600334167480e-01 1.030854806303977966e-01
4.716079831123352051e-01 3.785359561443328857e-01 1.544722355902194977e-02
4.920515418052673340e-01 4.473131895065307617e-01 -4.885004088282585144e-02
4.008257985115051270e-01 5.914013385772705078e-01 3.133251145482063293e-02
4.038630127906799316e-01 6.037137508392333984e-01 4.580662399530410767e-02
3.759815394878387451e-01 4.558127522468566895e-01 7.115531712770462036e-02
3.923202455043792725e-01 5.670416951179504395e-01 4.116300493478775024e-02
3.857034742832183838e-01 3.564846515655517578e-01 6.156097352504730225e-02
4.455238580703735352e-01 6.580611467361450195e-01 -3.371601924300193787e-04
4.983125627040863037e-01 4.842445254325866699e-01 -4.099091142416000366e-02
4.701345264911651611e-01 4.583640992641448975e-01 -1.146479696035385132e-02
3.892857432365417480e-01 3.813737034797668457e-01 4.206906259059906006e-02
4.423846304416656494e-01 3.894107639789581299e-01 1.550053362734615803e-03
4.521454274654388428e-01 3.753450512886047363e-01 8.386000059545040131e-03
4.717708826065063477e-01 5.742346048355102539e-01 -4.289340227842330933e-03
3.928814828395843506e-01 4.841732978820800781e-01 3.540000692009925842e-02
4.639492630958557129e-01 6.899935007095336914e-01 1.250342559069395065e-02
4.314934313297271729e-01 6.466275453567504883e-01 2.648749388754367828e-02
4.195741713047027588e-01 6.267782449722290039e-01 3.741205483675003052e-02
5.175514221191406250e-01 2.892030775547027588e-01 -1.418460160493850708e-03
4.864979684352874756e-01 6.915996074676513672e-01 8.220217190682888031e-03
4.570441842079162598e-01 3.875998854637145996e-01 3.885086392983794212e-03
4.737708270549774170e-01 3.799690604209899902e-01 8.501834236085414886e-04
4.764233827590942383e-01 3.796123266220092773e-01 6.950413808226585388e-03
3.909179270267486572e-01 3.464584350585937500e-01 3.830455243587493896e-02
4.735232591629028320e-01 3.647637963294982910e-01 1.004638429731130600e-02
4.503708183765411377e-01 3.641690909862518311e-01 1.313154026865959167e-02
4.493998289108276367e-01 3.589353859424591064e-01 1.292692497372627258e-03
4.372047185897827148e-01 3.698824048042297363e-01 1.483449805527925491e-02
4.327195286750793457e-01 3.669782876968383789e-01 1.045619882643222809e-02
3.796244859695434570e-01 3.397342264652252197e-01 7.963226735591888428e-02
4.228602945804595947e-01 3.745357692241668701e-01 1.730725914239883423e-02
5.106745362281799316e-01 5.132212638854980469e-01 -3.886309266090393066e-02
4.636928439140319824e-01 5.126061439514160156e-01 -3.015554882586002350e-02
4.756052792072296143e-01 4.884936213493347168e-01 -3.455817326903343201e-02
4.890097677707672119e-01 5.072634220123291016e-01 -3.614907711744308472e-02
5.127127170562744141e-01 3.649217486381530762e-01 -1.939951069653034210e-02
4.187543690204620361e-01 6.147090792655944824e-01 1.973451860249042511e-02
4.309366941452026367e-01 6.326104998588562012e-01 2.333772368729114532e-02
4.636465013027191162e-01 6.662767529487609863e-01 -1.838624663650989532e-02
3.894080221652984619e-01 5.841492414474487305e-01 7.831812649965286255e-02
4.746435284614562988e-01 3.724172115325927734e-01 1.093697082251310349e-02
4.803544282913208008e-01 4.159631133079528809e-01 -2.207318879663944244e-02
5.005630254745483398e-01 6.772373914718627930e-01 -2.396677155047655106e-03
4.496584534645080566e-01 6.650776863098144531e-01 2.544824220240116119e-02
3.725610971450805664e-01 4.965337216854095459e-01 6.682794541120529175e-02
4.785510301589965820e-01 5.763002634048461914e-01 -1.465573720633983612e-02
4.783836305141448975e-01 5.831284523010253906e-01 -1.673502288758754730e-02
4.690006673336029053e-01 5.843442678451538086e-01 -2.210685983300209045e-02
4.718162417411804199e-01 6.003221869468688965e-01 -1.842309907078742981e-02
4.658097624778747559e-01 6.107940077781677246e-01 -1.593974232673645020e-02
4.673313498497009277e-01 5.497221946716308594e-01 -1.927923783659934998e-02
4.550603032112121582e-01 5.557349324226379395e-01 -1.443284563720226288e-02
4.576394557952880859e-01 5.527660846710205078e-01 -9.280031546950340271e-03
4.506867527961730957e-01 5.279300212860107422e-01 -5.388981197029352188e-03
4.067917764186859131e-01 4.999670088291168213e-01 1.732057891786098480e-02
4.920670390129089355e-01 3.928651511669158936e-01 -1.748378574848175049e-02
4.883272647857666016e-01 3.562705516815185547e-01 5.913604516535997391e-03
4.828176498413085938e-01 3.817672729492187500e-01 4.944165237247943878e-03
4.620663821697235107e-01 5.536949634552001953e-01 -4.711945075541734695e-04
3.974625468254089355e-01 5.398037433624267578e-01 3.491261601448059082e-02
4.955486059188842773e-01 3.603648841381072998e-01 -8.522266522049903870e-03
4.594636261463165283e-01 6.109502315521240234e-01 -1.373118720948696136e-03
5.105754733085632324e-01 4.170850217342376709e-01 -5.066257715225219727e-02
4.884128868579864502e-01 4.095577597618103027e-01 -3.357349336147308350e-02
5.003355145454406738e-01 3.961642682552337646e-01 -4.026750475168228149e-02
4.783870875835418701e-01 4.396342933177947998e-01 -2.509482577443122864e-02
4.890205860137939453e-01 6.642271280288696289e-01 -1.468661241233348846e-02
4.969312846660614014e-01 6.438537836074829102e-01 -1.181411184370517731e-02
4.696542620658874512e-01 6.384418010711669922e-01 -8.811367675662040710e-03
4.357575476169586182e-01 5.798569321632385254e-01 -1.210892572999000549e-03
4.497585296630859375e-01 4.825736284255981445e-01 -9.369643405079841614e-03
4.461438059806823730e-01 6.001039743423461914e-01 5.793158896267414093e-03
4.280389845371246338e-01 4.832216203212738037e-01 -6.850485224276781082e-03
4.473848044872283936e-01 5.122947692871093750e-01 -4.142533056437969208e-03
4.235457181930541992e-01 5.183625817298889160e-01 -5.228787194937467575e-04
4.674942791461944580e-01 6.527225375175476074e-01 -8.470728062093257904e-03
4.776225984096527100e-01 4.473605155944824219e-01 -1.806677132844924927e-02
4.322422444820404053e-01 5.958149433135986328e-01 1.285813469439744949e-02
4.398021996021270752e-01 6.257112622261047363e-01 6.947445683181285858e-03
4.240103363990783691e-01 5.597621202468872070e-01 4.905913956463336945e-03
3.870621025562286377e-01 5.096829533576965332e-01 4.087922349572181702e-02
4.103010296821594238e-01 5.590425133705139160e-01 2.348619326949119568e-02
3.766517341136932373e-01 5.264945030212402344e-01 6.472300738096237183e-02
4.349647462368011475e-01 5.229374766349792480e-01 -1.702004577964544296e-03
4.785077571868896484e-01 4.223127961158752441e-01 -1.198399066925048828e-02
4.757929742336273193e-01 4.677058160305023193e-01 -4.872149974107742310e-02
4.786341786384582520e-01 4.793657660484313965e-01 -3.996524959802627563e-02
4.962103962898254395e-01 4.608072936534881592e-01 -4.382576793432235718e-02
4.798113703727722168e-01 3.511524796485900879e-01 -6.546704098582267761e-04
4.674685895442962646e-01 3.398718535900115967e-01 -6.510777864605188370e-03
4.368573427200317383e-01 3.254061937332153320e-01 -1.008171215653419495e-02
4.418502151966094971e-01 3.343205451965332031e-01 -4.594743251800537109e-03
4.173952937126159668e-01 3.425100147724151611e-01 9.726027958095073700e-03
4.015623331069946289e-01 3.731676638126373291e-01 1.686191372573375702e-02
3.735893964767456055e-01 4.162485301494598389e-01 6.652595102787017822e-02
4.152256846427917480e-01 4.036650061607360840e-01 1.912975683808326721e-02
4.248760342597961426e-01 4.051202535629272461e-01 -1.186397857964038849e-03
4.480806291103363037e-01 4.071432650089263916e-01 2.907722257077693939e-03
4.627695083618164062e-01 3.947335481643676758e-01 5.117819644510746002e-03
4.702002406120300293e-01 4.004131555557250977e-01 3.835854120552539825e-03
4.839252233505249023e-01 3.845652639865875244e-01 3.315261565148830414e-03
3.582051992416381836e-01 4.118434488773345947e-01 1.130649149417877197e-01
4.672843813896179199e-01 4.824314117431640625e-01 -2.998587302863597870e-02
4.897158443927764893e-01 4.305564761161804199e-01 -3.292520716786384583e-02
4.890595078468322754e-01 4.741115570068359375e-01 -5.488304421305656433e-02
4.940696358680725098e-01 4.879433512687683105e-01 -5.084180086851119995e-02
4.769036769866943359e-01 4.827423393726348877e-01 -5.473365634679794312e-02
4.754120409488677979e-01 4.921257197856903076e-01 -2.792632207274436951e-02
4.973535537719726562e-01 4.823659062385559082e-01 -5.414416268467903137e-02
5.003690719604492188e-01 4.904030859470367432e-01 -3.480166569352149963e-02
4.863512217998504639e-01 3.813674151897430420e-01 4.740460775792598724e-03
4.867639243602752686e-01 3.824158012866973877e-01 9.809078183025121689e-04
4.923398196697235107e-01 3.813903927803039551e-01 -4.074953496456146240e-03
4.342662692070007324e-01 3.610423505306243896e-01 8.130075410008430481e-03
4.345996975898742676e-01 3.494070768356323242e-01 2.018140070140361786e-02
5.109427571296691895e-01 4.273729324340820312e-01 -3.717418387532234192e-02
5.990635156631469727e-01 3.944262564182281494e-01 2.173471823334693909e-02
5.081125497817993164e-01 4.900313913822174072e-01 -3.606865927577018738e-02
6.293976306915283203e-01 3.382601439952850342e-01 7.877343147993087769e-02
5.665253400802612305e-01 4.023370146751403809e-01 7.603865582495927811e-03
5.702127814292907715e-01 4.034903645515441895e-01 1.154711470007896423e-03
5.917311906814575195e-01 3.957651257514953613e-01 4.686914850026369095e-03
6.034908294677734375e-01 4.029441475868225098e-01 2.200496755540370941e-02
5.499261617660522461e-01 3.840959668159484863e-01 1.697086915373802185e-02
5.799604058265686035e-01 3.549317717552185059e-01 1.387443300336599350e-02
5.632587671279907227e-01 3.597072362899780273e-01 7.127148564904928207e-03
5.930259227752685547e-01 3.502885699272155762e-01 1.001128833740949631e-02
6.004359722137451172e-01 3.684311211109161377e-01 2.006839588284492493e-02
6.110702753067016602e-01 4.083863496780395508e-01 2.397198975086212158e-02
5.429162979125976562e-01 6.469299197196960449e-01 -1.522386446595191956e-03
5.926692485809326172e-01 3.811689615249633789e-01 2.050822228193283081e-02
6.435735821723937988e-01 4.099070727825164795e-01 7.469979673624038696e-02
6.144871115684509277e-01 3.974736928939819336e-01 3.989226371049880981e-02
5.663516521453857422e-01 4.695850312709808350e-01 -2.364526968449354172e-03
5.236221551895141602e-01 5.412113666534423828e-01 -2.308645099401473999e-02
5.183826684951782227e-01 5.535861253738403320e-01 -3.474453836679458618e-02
5.399523377418518066e-01 5.323129296302795410e-01 -2.667783945798873901e-02
5.305394530296325684e-01 5.543909072875976562e-01 -1.605640351772308350e-02
5.252130627632141113e-01 5.534770488739013672e-01 -3.187432885169982910e-02
5.392060279846191406e-01 5.592220425605773926e-01 -2.122628130018711090e-02
5.382669568061828613e-01 5.885711312294006348e-01 -5.028567276895046234e-03
5.155484676361083984e-01 4.740903377532958984e-01 -6.539744883775711060e-02
5.163896679878234863e-01 4.661207795143127441e-01 -6.321524083614349365e-02
6.079494953155517578e-01 3.407286107540130615e-01 2.650852501392364502e-02
5.343722701072692871e-01 4.302328228950500488e-01 -5.348723381757736206e-03
5.349752306938171387e-01 4.768288433551788330e-01 -3.835168480873107910e-02
5.469598770141601562e-01 4.719331264495849609e-01 -2.974377945065498352e-02
5.961436033248901367e-01 4.703478515148162842e-01 1.626844145357608795e-02
5.189728140830993652e-01 4.463951289653778076e-01 -5.725215375423431396e-02
5.904178023338317871e-01 3.222962915897369385e-01 1.011516246944665909e-02
5.980367064476013184e-01 3.399229049682617188e-01 1.700757630169391632e-02
6.246466040611267090e-01 3.114287853240966797e-01 5.380532890558242798e-02
5.330154895782470703e-01 3.323894143104553223e-01 -1.171987690031528473e-02
5.514762997627258301e-01 3.544062077999114990e-01 4.919480532407760620e-03
5.589314103126525879e-01 5.654566884040832520e-01 1.076869014650583267e-02
6.068697571754455566e-01 5.689634084701538086e-01 9.525641798973083496e-02
5.359341502189636230e-01 4.902496039867401123e-01 -1.774830371141433716e-02
5.175102949142456055e-01 4.921216666698455811e-01 -3.258293494582176208e-02
5.436085462570190430e-01 5.742661952972412109e-01 1.379644265398383141e-03
5.439413189888000488e-01 5.838828682899475098e-01 2.544924849644303322e-03
6.153303384780883789e-01 3.210327923297882080e-01 1.010431163012981415e-02
5.360409617424011230e-01 4.920581281185150146e-01 -2.992785722017288208e-02
5.636820793151855469e-01 3.253615498542785645e-01 -6.653741933405399323e-03
5.718246102333068848e-01 3.060536682605743408e-01 -8.706797845661640167e-03
5.811418890953063965e-01 2.553518414497375488e-01 7.311466615647077560e-03
6.228948831558227539e-01 3.180508017539978027e-01 2.274081110954284668e-02
5.746425390243530273e-01 2.864870727062225342e-01 1.888497732579708099e-03
6.147623658180236816e-01 3.429138362407684326e-01 3.320590406656265259e-02
6.212161779403686523e-01 3.482737839221954346e-01 4.782487079501152039e-02
5.255615711212158203e-01 5.457189679145812988e-01 -2.974930405616760254e-02
5.271245837211608887e-01 5.538259744644165039e-01 -2.955337986350059509e-02
5.424056649208068848e-01 5.525553226470947266e-01 -2.121221087872982025e-02
5.290536284446716309e-01 4.907738566398620605e-01 -3.199318423867225647e-02
5.469921231269836426e-01 5.777444243431091309e-01 6.939278915524482727e-03
5.355595946311950684e-01 5.772034525871276855e-01 2.377347555011510849e-04
5.323157906532287598e-01 5.686283111572265625e-01 -1.351650338619947433e-03
5.278710722923278809e-01 4.829119741916656494e-01 -4.551832750439643860e-02
5.384027361869812012e-01 5.561050176620483398e-01 -9.804992005228996277e-03
5.224736332893371582e-01 5.460181236267089844e-01 -2.369302511215209961e-02
5.137720108032226562e-01 5.461869835853576660e-01 -3.985034301877021790e-02
5.175574421882629395e-01 6.275609731674194336e-01 -6.487091537564992905e-03
5.108340382575988770e-01 6.037153601646423340e-01 -2.301410026848316193e-02
5.191085338592529297e-01 5.960751175880432129e-01 -2.575745433568954468e-02
5.096847414970397949e-01 5.863831043243408203e-01 -3.419397026300430298e-02
5.134609341621398926e-01 5.786180496215820312e-01 -2.648909762501716614e-02
5.307110548019409180e-01 5.782058238983154297e-01 -1.856364309787750244e-02
5.247058272361755371e-01 5.663266777992248535e-01 -5.951115861535072327e-03
5.357351899147033691e-01 5.818687081336975098e-01 -9.050275199115276337e-03
5.353512763977050781e-01 5.899310708045959473e-01 -1.390808261930942535e-02
5.497819185256958008e-01 5.450055599212646484e-01 -1.730941608548164368e-02
6.274061799049377441e-01 4.851745963096618652e-01 1.197305098176002502e-01
5.338696837425231934e-01 5.650815367698669434e-01 -6.584451068192720413e-03
5.423992872238159180e-01 5.817703008651733398e-01 -8.650985546410083771e-03
5.158028006553649902e-01 5.009403228759765625e-01 -2.452839910984039307e-02
5.319058895111083984e-01 4.929064810276031494e-01 -2.002985216677188873e-02
5.192731618881225586e-01 4.952280819416046143e-01 -2.428271807730197906e-02
5.588172078132629395e-01 4.405998885631561279e-01 6.070966832339763641e-03
5.671750903129577637e-01 4.541703462600708008e-01 1.631334540434181690e-03
5.448096394538879395e-01 4.833780229091644287e-01 -2.375218644738197327e-02
6.080555319786071777e-01 2.722070813179016113e-01 2.987600117921829224e-02
5.960621237754821777e-01 2.917123436927795410e-01 1.831175573170185089e-02
5.878648757934570312e-01 3.148181438446044922e-01 6.932727992534637451e-03
5.480924844741821289e-01 6.001546978950500488e-01 4.133666399866342545e-03
5.408577919006347656e-01 3.213990628719329834e-01 -1.748991943895816803e-02
5.480344295501708984e-01 2.875857353210449219e-01 -1.302284840494394302e-02
5.585874915122985840e-01 2.535991668701171875e-01 4.152639303356409073e-03
5.908733606338500977e-01 4.027063548564910889e-01 1.927245035767555237e-02
6.115570664405822754e-01 4.266438186168670654e-01 2.683252468705177307e-02
5.443052053451538086e-01 3.857586383819580078e-01 2.201580628752708435e-02
5.926067233085632324e-01 3.694257438182830811e-01 3.343945741653442383e-02
5.261002182960510254e-01 4.102290868759155273e-01 -1.087398268282413483e-04
5.307755470275878906e-01 4.708200693130493164e-01 -3.635430708527565002e-02
6.326849460601806641e-01 4.421535134315490723e-01 4.379936307668685913e-02
6.019276976585388184e-01 4.315047562122344971e-01 1.263728365302085876e-02
5.845055580139160156e-01 4.299059212207794189e-01 2.318254858255386353e-02
5.733305215835571289e-01 4.341081976890563965e-01 2.630480565130710602e-03
5.564069747924804688e-01 4.196740686893463135e-01 1.732584554702043533e-03
5.459242463111877441e-01 4.039695560932159424e-01 4.614123608916997910e-04
5.164805650711059570e-01 3.916102349758148193e-01 -2.797761373221874237e-02
6.172417402267456055e-01 4.801857471466064453e-01 4.566186666488647461e-02
6.218775510787963867e-01 3.772694766521453857e-01 2.163842692971229553e-02
5.152435898780822754e-01 4.882436692714691162e-01 -5.372103676199913025e-02
5.316535830497741699e-01 4.448858797550201416e-01 -1.227853912860155106e-02
6.205545067787170410e-01 4.038432538509368896e-01 1.036032885313034058e-01
5.376441478729248047e-01 3.968836367130279541e-01 5.591294728219509125e-03
5.440399646759033203e-01 4.793857932090759277e-01 -8.146080188453197479e-03
6.072137951850891113e-01 3.952958285808563232e-01 2.499782852828502655e-02
5.366758704185485840e-01 4.670884013175964355e-01 -4.146498069167137146e-02
6.296254992485046387e-01 5.337827801704406738e-01 1.181774139404296875e-01
5.384919643402099609e-01 3.942889869213104248e-01 5.278952419757843018e-03
5.304661393165588379e-01 4.505323469638824463e-01 -5.263461917638778687e-02
5.853272080421447754e-01 6.034600138664245605e-01 3.896303474903106689e-02
5.892786383628845215e-01 6.300619840621948242e-01 6.019429489970207214e-02
6.326295137405395508e-01 4.784348607063293457e-01 7.611406594514846802e-02
6.075902581214904785e-01 5.818755030632019043e-01 6.355006247758865356e-02
6.331954598426818848e-01 3.705587983131408691e-01 7.056814432144165039e-02
5.461853742599487305e-01 6.580590605735778809e-01 6.576861254870891571e-03
5.034267306327819824e-01 4.887091517448425293e-01 -4.333292692899703979e-02
5.495116710662841797e-01 4.668792486190795898e-01 -1.078562997281551361e-02
6.215056180953979492e-01 4.084848761558532715e-01 5.691306665539741516e-02
5.898478627204895020e-01 3.990352749824523926e-01 1.793116517364978790e-02
5.684161186218261719e-01 3.932836651802062988e-01 5.991612561047077179e-03
5.345043540000915527e-01 5.629992485046386719e-01 -6.956246215850114822e-04
6.149463653564453125e-01 5.028018355369567871e-01 3.473623096942901611e-02
5.062369704246520996e-01 6.953879594802856445e-01 2.436269773170351982e-03
5.541334152221679688e-01 6.753819584846496582e-01 2.941294014453887939e-02
5.685020089149475098e-01 6.426580548286437988e-01 4.415957629680633545e-02
5.615500807762145996e-01 3.947151601314544678e-01 5.495678633451461792e-04
5.548239946365356445e-01 3.920435905456542969e-01 4.262389615178108215e-03
5.498581528663635254e-01 3.743893504142761230e-01 7.715938147157430649e-03
6.204264163970947266e-01 3.604041337966918945e-01 4.519438743591308594e-02
5.509270429611206055e-01 3.815759420394897461e-01 6.291270256042480469e-03
5.622315406799316406e-01 3.612990379333496094e-01 7.366797421127557755e-03
5.709164142608642578e-01 3.716294169425964355e-01 5.711752455681562424e-03
5.857563614845275879e-01 3.724920749664306641e-01 1.147637050598859787e-02
5.814052820205688477e-01 3.802743554115295410e-01 1.777966320514678955e-02
6.355871558189392090e-01 3.595157861709594727e-01 9.937560558319091797e-02
5.790337324142456055e-01 3.863454163074493408e-01 1.389670465141534805e-02
5.503700375556945801e-01 5.130473971366882324e-01 -1.965242624282836914e-02
5.394148230552673340e-01 4.905918538570404053e-01 -2.652790024876594543e-02
5.174356102943420410e-01 5.107014775276184082e-01 -3.456980362534523010e-02
5.713247060775756836e-01 6.285681724548339844e-01 2.138990908861160278e-02
5.475704669952392578e-01 6.357918381690979004e-01 1.957243680953979492e-02
5.126242041587829590e-01 6.756691932678222656e-01 -4.237235989421606064e-03
5.911691188812255859e-01 5.993806123733520508e-01 8.657068014144897461e-02
5.507363677024841309e-01 3.806591331958770752e-01 4.629464820027351379e-03
5.299806594848632812e-01 4.194877445697784424e-01 -2.447838336229324341e-02
5.382112860679626465e-01 6.749810576438903809e-01 1.810319349169731140e-02
6.220157146453857422e-01 5.252110362052917480e-01 6.571678072214126587e-02
5.160948038101196289e-01 5.795038938522338867e-01 -1.472417078912258148e-02
5.258014798164367676e-01 5.895655751228332520e-01 -1.515193749219179153e-02
5.220609903335571289e-01 5.918928980827331543e-01 -1.554734446108341217e-02
5.263874530792236328e-01 6.045705676078796387e-01 -1.510897558182477951e-02
5.369567275047302246e-01 6.174054741859436035e-01 -9.075570851564407349e-03
5.429145097732543945e-01 5.683744549751281738e-01 -9.185450151562690735e-03
5.390754342079162598e-01 5.579866766929626465e-01 2.947750501334667206e-03
5.465897917747497559e-01 5.653156042098999023e-01 -7.939685136079788208e-03
5.549200773239135742e-01 5.474578738212585449e-01 2.459601964801549911e-04
5.920751094818115234e-01 5.150244235992431641e-01 2.482264488935470581e-02
5.236113071441650391e-01 4.126156270503997803e-01 -6.813073996454477310e-03
5.401376485824584961e-01 3.744458258152008057e-01 1.226105354726314545e-02
5.428119301795959473e-01 3.749693036079406738e-01 1.359230466187000275e-02
5.334568023681640625e-01 5.656161904335021973e-01 -1.198809966444969177e-02
6.036821603775024414e-01 5.594354271888732910e-01 3.377665206789970398e-02
5.226665735244750977e-01 3.606987595558166504e-01 -8.474158123135566711e-03
5.354456305503845215e-01 6.307689547538757324e-01 -6.704058032482862473e-03
5.176759958267211914e-01 4.149984121322631836e-01 -2.290149405598640442e-02
5.340800881385803223e-01 4.459880888462066650e-01 -1.872456260025501251e-02
5.204818248748779297e-01 6.417532563209533691e-01 -1.256346330046653748e-02
5.601655244827270508e-01 5.927694439888000488e-01 9.978666901588439941e-03
5.517404675483703613e-01 4.926559627056121826e-01 -1.225287327542901039e-03
5.463131070137023926e-01 6.092599630355834961e-01 -1.862169359810650349e-03
5.789238214492797852e-01 4.969532489776611328e-01 6.194105371832847595e-03
5.640047192573547363e-01 5.198795199394226074e-01 4.519143141806125641e-03
5.795330405235290527e-01 5.153174400329589844e-01 -2.639319980517029762e-03
5.099703669548034668e-01 6.576813459396362305e-01 -1.460007578134536743e-02
5.422770977020263672e-01 4.536041915416717529e-01 -2.255397848784923553e-02
5.755636692047119141e-01 6.088230013847351074e-01 2.559786103665828705e-02
5.516285300254821777e-01 6.215816140174865723e-01 3.600729396566748619e-03
5.744086503982543945e-01 5.694023370742797852e-01 5.672225728631019592e-03
6.068903207778930664e-01 5.358327031135559082e-01 4.412942007184028625e-02
5.900089740753173828e-01 5.728093385696411133e-01 1.063255593180656433e-02
6.107971668243408203e-01 5.496923923492431641e-01 6.713323295116424561e-02
5.713503956794738770e-01 5.485681891441345215e-01 -8.829450234770774841e-03
5.365138649940490723e-01 4.428201317787170410e-01 -3.092621266841888428e-02
5.302773118019104004e-01 4.747225642204284668e-01 -5.655876174569129944e-02
5.260554552078247070e-01 4.892376959323883057e-01 -3.057612106204032898e-02
5.326166749000549316e-01 4.587307274341583252e-01 -4.732792824506759644e-02
5.452666282653808594e-01 3.563229143619537354e-01 7.410380989313125610e-03
5.565050840377807617e-01 3.409034907817840576e-01 4.490918479859828949e-03
5.850844383239746094e-01 3.394258916378021240e-01 1.318420399911701679e-03
5.992560982704162598e-01 3.438442945480346680e-01 5.236538127064704895e-03
6.031494736671447754e-01 3.512874543666839600e-01 9.089698083698749542e-03
6.028468608856201172e-01 3.807290792465209961e-01 3.090595640242099762e-02
6.318914294242858887e-01 4.472403228282928467e-01 7.980731129646301270e-02
6.026868224143981934e-01 4.142318367958068848e-01 2.050339244306087494e-02
5.968054533004760742e-01 4.276743233203887939e-01 1.707430183887481689e-02
5.661482810974121094e-01 4.157617390155792236e-01 6.523136980831623077e-03
5.527443885803222656e-01 4.081518352031707764e-01 1.006467919796705246e-02
5.420109033584594727e-01 4.021286666393280029e-01 4.647409543395042419e-03
5.415617823600769043e-01 3.977553844451904297e-01 1.156030781567096710e-02
6.367598772048950195e-01 4.477913975715637207e-01 1.100604757666587830e-01
5.390721559524536133e-01 4.967341125011444092e-01 -2.575751021504402161e-02
5.200775861740112305e-01 4.238287210464477539e-01 -3.276908397674560547e-02
5.219808816909790039e-01 4.764130115509033203e-01 -5.271948128938674927e-02
5.151082873344421387e-01 4.788553714752197266e-01 -4.741417244076728821e-02
5.289171338081359863e-01 4.823144674301147461e-01 -5.230430886149406433e-02
5.312216281890869141e-01 4.948919713497161865e-01 -1.202432718127965927e-02
5.204887986183166504e-01 4.937219023704528809e-01 -5.173978954553604126e-02
5.138168334960937500e-01 4.939198791980743408e-01 -3.910256922245025635e-02
5.367577075958251953e-01 3.816210925579071045e-01 1.979286968708038330e-02
5.390606522560119629e-01 3.829809725284576416e-01 5.443601869046688080e-03
5.324516892433166504e-01 3.884105980396270752e-01 -1.217392180114984512e-02
5.879754424095153809e-01 3.872673809528350830e-01 2.094320766627788544e-02
6.040605306625366211e-01 3.690769672393798828e-01 1.867492869496345520e-02
4.492366909980773926e-01 3.708992004394531250e-01 8.977022022008895874e-03
4.577291905879974365e-01 3.687635064125061035e-01 9.423991665244102478e-03
4.428108930587768555e-01 3.514549732208251953e-01 1.800996996462345123e-02
4.320994019508361816e-01 3.690705299377441406e-01 9.480230510234832764e-03
4.498293995857238770e-01 3.826928734779357910e-01 8.307509124279022217e-03
5.737265944480895996e-01 3.767225444316864014e-01 7.273767143487930298e-03
5.907280445098876953e-01 3.866553604602813721e-01 1.397307496517896652e-02
5.770978331565856934e-01 3.627980947494506836e-01 1.753673888742923737e-02
5.579780340194702148e-01 3.834970891475677490e-01 1.593118906021118164e-02
5.745347142219543457e-01 3.939237594604492188e-01 2.068985067307949066e-02
