-1.752297752122877750e-02 -2.700011927364198705e-01 -4.954830932055109827e-01
2.226887589737103212e-02 -4.706311402570584335e-01 -2.043429381151162794e-01
2.425432356382761778e-02 -2.969352048594109394e-01 -2.679961343445580457e-01
-3.316777918095981104e-02 -4.268139612093668767e-01 1.303672992272653097e-01
2.206799972629652773e-02 -5.044181464404973170e-01 -1.105351289417491611e-01
2.103578589672486232e-02 -4.952483012685915398e-01 2.275955710601948456e-02
2.325376016057534301e-02 -3.640555613122775647e-01 3.621635173928228202e-01
-4.366096762937488052e-01 -1.151502756396960425e-01 4.550353485340241644e-01
2.371585565427991593e-02 -3.484379194806397351e-01 6.201105818538188430e-01
2.273972259421649933e-02 -3.760135828092625587e-01 7.445474158195519720e-01
2.135437041202475905e-02 -3.644546420542504883e-01 1.182211970778839216e+00
-1.646386841604607909e-02 -2.577206094423033500e-01 -5.229862531939528658e-01
-1.447486426685303668e-02 -2.340493050229236482e-01 -5.477337091680072323e-01
-1.123034973780528273e-02 -2.006681091671537187e-01 -5.629497459776711121e-01
-1.474165863425027506e-02 -1.962173088591453451e-01 -6.212118352813837951e-01
-1.555200338955545214e-02 -1.995823012958694020e-01 -6.611193386167451003e-01
-1.742762770062271371e-02 -2.088291527434982253e-01 -7.061384255576479418e-01
-1.719076465860464031e-02 -1.974085283953611603e-01 -7.489650603661859307e-01
1.292976514192228921e-02 -1.338990033342349895e-01 -8.144885233819629811e-01
2.120818212489661292e-02 -4.316862047816327763e-01 -2.453902354485998361e-01
-4.096202551400307534e-02 -3.424922940365149326e-01 -2.265983421246337004e-01
-6.773937693376153035e-01 1.400486606904349784e-01 8.680316682888822299e-01
-2.593881728569558121e-01 -1.733407568106426488e-01 3.451537260243209282e-01
-3.258145960704483812e-01 -1.662541813099482901e-01 3.383404675100187831e-01
-3.876680922588926492e-01 -1.479140342823459520e-01 3.507760124428227488e-01
-4.632614378680299794e-01 -1.016265137660088413e-01 4.277867435537807683e-01
-2.008534586673094147e-01 -1.688954881279114417e-01 3.703593813354755238e-01
-3.531212422007135032e-01 -2.255693072068720717e-01 6.526683498386920412e-01
-2.772585749373579489e-01 -2.248913753422465689e-01 6.382000644123508870e-01
-4.202284896095065392e-01 -2.014303416318274920e-01 6.373271017475778955e-01
-4.627559802483904861e-01 -1.704734219618275759e-01 5.997614065373124692e-01
-5.190175965377896716e-01 -6.040564947589227573e-02 3.738351471020029404e-01
-2.259687084982480165e-01 -2.651769272966029989e-02 -9.108855349101290244e-01
-4.578530230705357695e-01 -9.841082738942102948e-02 4.945172447528223270e-01
-6.988507223461448703e-01 2.167810365649591731e-01 4.712355051763850167e-01
-5.899334649793752661e-01 -3.963744764826230074e-03 4.602279129262931701e-01
-3.035004171410315976e-01 -1.816817513478619084e-01 -4.541601561559138744e-02
-9.032941491888335506e-02 -2.623599736355501921e-01 -4.733631994353502126e-01
-7.837839609494245963e-02 -2.238082720545553350e-01 -5.387970655478426796e-01
-1.553041072353157359e-01 -2.197483687642669548e-01 -4.888582953002098552e-01
-2.001139495209223185e-01 -1.683577986107692714e-01 -5.044736589834863949e-01
-1.319008192267782098e-01 -1.959906957539957473e-01 -5.340086968442139259e-01
-1.746083394116889620e-01 -1.493593377253301657e-01 -5.322565506164822491e-01
-2.921452573608580572e-01 -5.431867947600249602e-02 -6.182630368634356444e-01
-3.290453485507757736e-02 -4.636640611339304385e-01 -1.975822064011878432e-01
-4.262572332228153904e-02 -4.949846729389650868e-01 -1.062081855420912713e-01
-5.490742706738105383e-01 -1.612519715215632310e-01 6.833290924467649852e-01
-1.704516076994211371e-01 -2.231704081450569532e-01 1.830796025145164929e-01
-1.827883418413100980e-01 -3.083908491244813366e-01 -1.363302776540625816e-01
-1.878938687259634754e-01 -2.959661697430249205e-01 -8.096446456371753087e-02
-4.940835140374044698e-01 -1.001169234049428813e-01 -7.676066371756634643e-03
-3.847848991533439622e-02 -4.740562248587165683e-01 1.855254573765854897e-02
-4.011400205223258908e-01 -2.815617845155693466e-01 7.689332342063082137e-01
-4.886237070906540580e-01 -2.278246248848647681e-01 7.437185639050825081e-01
-6.127171757368898852e-01 -3.988797152570146276e-03 1.008252778727192212e+00
-1.162455555979258204e-01 -3.302632137676453361e-01 6.580317771053412201e-01
-2.100644662715578370e-01 -2.029189481162663178e-01 5.900375081820752321e-01
-3.454679834531202420e-01 -4.581217391281186546e-02 -5.160690789458626249e-01
-6.184899024170853465e-01 4.949609283560818529e-01 -3.730385314769946170e-01
-1.340059072768845505e-01 -2.776327379608423129e-01 -1.900300715444702693e-01
-8.317968647410745042e-02 -2.784950210949876936e-01 -2.202919310578416168e-01
-2.543073919946949868e-01 -5.639483324408184339e-02 -5.338685639951146200e-01
-2.398478978318073773e-01 -7.379824124075520797e-02 -5.409771422254259221e-01
-5.208295351461034173e-01 -2.051464994197793601e-01 8.098607484069741957e-01
-1.867025329437388415e-01 -2.676331618880500862e-01 -1.709221428882934379e-01
-2.806509439176441134e-01 -3.172567680693649805e-01 7.496807851926501343e-01
-2.905865564699361414e-01 -3.393932361129947672e-01 8.235262556550027035e-01
-3.519344732563967071e-01 -2.729607846734638521e-01 1.170645814419932762e+00
-5.657643582741389565e-01 -1.193634271743648778e-01 8.966468657076731574e-01
-3.135688942308556548e-01 -3.095591192110158651e-01 9.886327237590641914e-01
-5.843113830589663493e-01 -1.125295652606972396e-01 7.365497257106579099e-01
-6.300429671739893323e-01 7.391354243948475289e-03 7.851566578121027540e-01
-8.624856754058624064e-02 -2.496575721925214930e-01 -5.111872488144189042e-01
-1.440360530669453354e-01 -2.102589949035031935e-01 -5.133920306015822277e-01
-1.882111185910317896e-01 -1.638293347909323128e-01 -5.189995476546476194e-01
-1.191923707511255426e-01 -2.613648760747555588e-01 -2.056232244032785150e-01
-2.468278744348501030e-01 -6.529309662126306368e-02 -5.374778405528988223e-01
-2.191493747016960425e-01 -1.050751223676379409e-01 -5.782810712569959044e-01
-2.314593796315422836e-01 -7.642596347089439246e-02 -5.438824151349019864e-01
-1.044403785543196461e-01 -3.718798897432784578e-01 -1.757402626376575183e-01
-1.640944392707275323e-01 -1.368389776627093601e-01 -5.423873818315614326e-01
-1.208807943395673323e-01 -1.678790541931461933e-01 -5.470438735122709062e-01
-7.008441082087235596e-02 -1.932114345051884063e-01 -5.549645232363280556e-01
-7.401651332406158912e-02 -1.282624234627014470e-01 -8.062677199774994641e-01
-9.220348974733960645e-02 -1.931453280222636959e-01 -7.357241825228570953e-01
-8.927946097967298655e-02 -2.043533168583258064e-01 -6.921247201898275137e-01
-8.176651643392951474e-02 -1.938703116549439498e-01 -6.468427589051226612e-01
-7.336069165888564614e-02 -1.903811169260158920e-01 -6.095402784415715480e-01
-1.632669573996418100e-01 -1.386571074682250160e-01 -5.795116836268414673e-01
-1.763805087351744127e-01 -1.453196983407711862e-01 -5.963749845483321543e-01
-1.896128166352252231e-01 -1.521939359529813629e-01 -6.179342040877213726e-01
-1.988330646379500299e-01 -1.382139717365318266e-01 -6.414911874360673671e-01
-2.615564324225251314e-01 -1.599123983900916368e-01 -3.851568647876282281e-01
-6.917912434170370162e-01 5.255468351402114990e-01 1.074106781444852943e-01
2.478433606843473413e-02 -3.442390432613506857e-01 -2.537973443597396628e-01
-1.941283735634133922e-01 -1.040262413623382898e-01 -5.630972260302167243e-01
-2.066672362467354418e-01 -1.078016412219949260e-01 -5.704592958536096603e-01
-6.215777340731531986e-02 -2.788340320153870344e-01 -2.572071949633664145e-01
-1.638542529798175940e-01 -2.144084659665584924e-01 -2.200183217463524965e-01
-7.232644709238345015e-02 -2.798195307925976927e-01 -2.392106802945387356e-01
-2.378643308958694469e-01 -1.935108966790877183e-01 1.363476785400113966e-01
-3.438671236466150916e-01 -1.649739444164510793e-01 8.289003983485254690e-02
-1.985291969597013928e-01 -2.544622597072176973e-01 -1.159113460448743527e-01
-5.100039981135040534e-01 -1.489096658374267079e-01 1.112419361789065420e+00
-4.650768472731536818e-01 -2.221263681081531161e-01 9.692326196015277340e-01
-4.215568914201384132e-01 -2.798272081414143742e-01 8.437852357435482453e-01
-2.311019683801120994e-01 -8.429627226325442368e-02 -6.972376335781249601e-01
-1.345235327388094593e-01 -3.694651634876278123e-01 7.825645755583110486e-01
-1.564509157202254030e-01 -3.580402746480038090e-01 9.764309304030338588e-01
-1.811033613268342446e-01 -3.438418538101917221e-01 1.189466179676337276e+00
-4.373725817890461443e-01 -1.222044570368308047e-01 3.798362212481831701e-01
-5.914843631328770002e-01 -1.462558614579945182e-02 3.172670891230366941e-01
-1.619153199504697049e-01 -1.641403442703404103e-01 3.951559502688462011e-01
-5.219906689069642169e-01 -1.122803750066966866e-01 5.633975465667695470e-01
-1.253157066983034973e-01 -2.542935302693161148e-01 2.378990187268598122e-01
-1.448999669315520489e-01 -3.762167766505752908e-01 -1.136749822313179448e-01
-6.492483473116106296e-01 6.302962291331704048e-02 2.645576202495258933e-01
-5.509355311315289327e-01 -6.459770221942690016e-02 2.388161816982070640e-01
-4.704802081033632177e-01 -1.201316081110051504e-01 1.902453305904716618e-01
-3.457635792018098897e-01 -1.522960674828466310e-01 1.937104030690156575e-01
-2.530772732877889508e-01 -1.728071065783187699e-01 2.247615564309235481e-01
-1.837176781327620745e-01 -1.957521789419103264e-01 2.620092989110800463e-01
-3.831060190852719760e-02 -3.363564106866268055e-01 3.467441127204462514e-01
-6.370059335953115465e-01 6.974980249578432989e-02 6.509426286010200347e-02
-5.740266814169991960e-01 -8.325390487583766985e-02 5.843909450169881836e-01
-1.307076856584276497e-02 -4.278386440634041055e-01 -2.398567120146882781e-01
-1.656099679318756568e-01 -2.378163486522510972e-01 8.208332611546353963e-02
-7.165259682199520697e-01 4.223927445396169489e-01 5.150734985955396361e-01
-1.296840850534597411e-01 -2.119811681414773830e-01 3.053523311700179210e-01
-2.025026808409668977e-01 -1.911120889540307566e-01 -1.105885137897730242e-01
-4.837566148131688948e-01 -8.583795728211079945e-02 4.946998209232533750e-01
-1.483744019890420596e-01 -3.602204526196195467e-01 -4.656692652737576266e-02
-6.632038732638978473e-01 5.268742018009175965e-01 -1.244273889662197985e-01
-1.582474945303757874e-01 -1.534278516987530594e-01 4.315782849810068100e-01
-9.602151943077175122e-02 -4.306010572128204927e-01 -4.509333063622278370e-03
-4.954083232688821781e-01 1.886533643156229623e-01 -6.575344789027637304e-01
-4.891443875033196775e-01 3.154989008218800350e-01 -7.431779124677495574e-01
-6.874260161800371804e-01 2.994741376393139642e-01 8.167599164543293266e-02
-5.699267570168586872e-01 2.523454664715252260e-01 -5.154423104765015751e-01
-6.670763691362280312e-01 1.282786102417365903e-01 6.444465912617935999e-01
-2.383917232829972921e-01 2.197932162971383274e-02 -9.918420328864594460e-01
-2.080348659245310344e-03 -3.394023589074279812e-01 -2.484751358190817605e-01
-2.241543029267145659e-01 -2.040214132328044272e-01 2.049298657990243633e-02
-6.454790619759975812e-01 6.174208892124194437e-02 4.566145879666883012e-01
-3.771594328859251277e-01 -1.487835297744122265e-01 4.032007932613734802e-01
-3.225606936155278603e-01 -1.643369618650658559e-01 3.900337229060391042e-01
-2.294907372298248260e-01 -9.257693921347892596e-02 -5.870721254800450595e-01
-6.214177935365583494e-01 1.152330046519559059e-01 -1.197170443014058949e-01
-1.171923372101857375e-01 5.195442864117064130e-02 -1.111620104264021691e+00
-3.108290216546232276e-01 1.691144875982317775e-01 -9.735448218718567581e-01
-3.938503120714909045e-01 2.344464514887090179e-01 -8.807815490335002551e-01
2.191210881146335443e-02 -3.745557872579086123e-01 9.594096557176290396e-01
1.928961165713310999e-02 3.214139832752566095e-02 -1.131618835482992580e+00
-2.666232619264130577e-01 -1.686935425556268520e-01 3.967482904601393745e-01
-2.117654154959180968e-01 -1.633592323145838243e-01 4.139141486347897025e-01
-1.753715382914999843e-01 -1.528445751611640091e-01 4.236488746322142340e-01
-6.188338766483036935e-01 -2.134400675211284293e-02 6.172520809803461184e-01
-2.241506951247673740e-01 -1.840173844818604465e-01 5.190399401164791371e-01
-2.846608711654141644e-01 -1.964364130428486455e-01 5.575475640884930417e-01
-3.425044401060883814e-01 -1.933221644911498061e-01 5.669430400306452178e-01
-3.969851722849471187e-01 -1.753885269285171411e-01 5.533031649086161963e-01
-4.292870257188052818e-01 -1.518916587633145632e-01 5.287132160190854968e-01
-7.084804176497838668e-01 2.931013893492007139e-01 7.141071881904448304e-01
-4.128741147338965689e-01 -1.305097845699898507e-01 4.275765656945462734e-01
2.174990139817381540e-02 -2.752137719020697482e-01 -3.397374819015197556e-01
-1.928537749892959008e-01 -2.036042948678782327e-01 -3.495123106884301389e-01
-1.335359235956534718e-01 -3.035110917546446352e-01 -1.786382264257541097e-01
-7.011731422889272425e-02 -2.674410323495579611e-01 -3.392309768461654329e-01
2.358370087947272986e-02 -3.323003279304015400e-01 4.944968737592358998e-01
-4.109902591249561254e-01 1.409970355021412658e-01 -7.889671233920489968e-01
-3.287898171953322901e-01 8.637290520124102366e-02 -8.917250656815474130e-01
-1.248860630222120571e-01 -3.591126504483116433e-02 -1.065476508643957487e+00
-5.587359947339765043e-01 4.142721760454159963e-01 -5.826016198374439625e-01
-1.793180778291092459e-01 -1.665534614208419306e-01 4.649850316499948288e-01
-8.203315791392717937e-02 -3.376974169698843120e-01 1.924754088776270411e-01
1.418436449130158761e-02 -5.361985278764525020e-02 -1.083874902483228375e+00
-2.220238578199151824e-01 9.913528697737150619e-02 -1.055176423370030037e+00
-6.643259757834396595e-01 3.164608261389634247e-01 -1.264005909760151924e-01
-1.223577101104887377e-01 -1.679361417966912517e-01 -5.938833112366013189e-01
-1.358354684687024250e-01 -1.740414128934233418e-01 -6.220547815594854590e-01
-1.468155991285893247e-01 -1.818564625733507523e-01 -6.582220010105568342e-01
-1.533012540186110551e-01 -1.694328860286828942e-01 -6.977412178896957862e-01
-1.620921572771796271e-01 -1.140631158117254573e-01 -7.625491759458133956e-01
-2.094764010885076244e-01 -1.083626126058041539e-01 -5.328072108694661413e-01
-2.223601394169265610e-01 -1.094164816144113650e-01 -5.253540514978110032e-01
-2.331506872740932712e-01 -1.106312943093393786e-01 -5.172398476882860141e-01
-3.176446577310740871e-01 -1.030950155767321741e-01 -4.404903626323355414e-01
-5.419215673602106875e-01 -5.771867335948865918e-03 -1.942826313943402106e-01
-8.067211082365077779e-02 -2.912853740065934893e-01 2.991620812568007715e-01
-1.131351584128625909e-01 -2.050526052323942139e-01 5.040956909322402701e-01
-1.532053553558831993e-01 -1.814056098823679797e-01 4.990727843278808251e-01
-1.963371485692637641e-01 -1.023965877569267824e-01 -5.397074908240562241e-01
-5.461671434440251716e-01 1.169416551224686240e-01 -4.030636030946932458e-01
-6.021335441082686923e-02 -2.874687153390831362e-01 4.924787974082411868e-01
-1.965464572193837967e-01 -6.625131169247999718e-02 -8.341381391594526740e-01
2.176715927911770931e-02 -4.500761852428647458e-01 1.384950862995981691e-01
-3.704424059087330079e-02 -3.872335424091688516e-01 2.323293842427420763e-01
2.270123366489906758e-02 -4.049878554699537503e-01 2.461569169512656252e-01
-1.281339328168162872e-01 -3.164119943931731349e-01 4.524104139863052709e-02
1.237209503097455587e-02 -1.004059434049944244e-01 -1.002746695201951255e+00
1.272610018773634444e-02 -1.156572945227842264e-01 -9.031913527346739912e-01
-9.484052699215522741e-02 -9.984709213800097016e-02 -8.913971925956540865e-01
-3.467862013579208202e-01 -1.216285137886181228e-02 -6.432271104176652265e-01
-2.599648731479575758e-01 -1.657522858238769103e-01 -1.763755119371590574e-01
-2.777315077720101666e-01 -3.502500773389108368e-02 -7.527169766985473132e-01
-4.065635363305020178e-01 -1.405507692956087240e-01 -1.435392471313257090e-01
-3.216646971236736263e-01 -1.421210612874257428e-01 -2.604674497572434522e-01
-4.608126993818473238e-01 -6.990545555447646997e-02 -2.809170078941547466e-01
-1.165570828050251362e-01 -8.069495524574243905e-02 -9.861588982626217081e-01
-1.665081736115892053e-01 -2.632932759519479582e-01 8.948262196617484676e-04
-3.947633432725849989e-01 5.651919745355585278e-02 -6.997091003403022036e-01
-3.115719966259633544e-01 2.464457247496062986e-02 -8.103621054263809853e-01
-4.007366164006467280e-01 -1.759069463307726122e-02 -5.205140489516806301e-01
-6.026014470975127324e-01 1.585278831551240053e-01 -2.761351023664437854e-01
-4.724691173076764894e-01 4.561671126979918722e-02 -5.226049481559580379e-01
-6.305205975279770669e-01 3.135259384831734497e-01 -3.235620489407864397e-01
-3.758169763865111257e-01 -9.404837069441668307e-02 -3.675788670346278320e-01
-1.226258087250009510e-01 -2.850398578205926015e-01 1.390487088363723256e-01
-1.245869915961428376e-01 -3.856980888241945404e-01 -1.604080475775476744e-01
-1.623535232705197728e-01 -3.110936112259798936e-01 -1.701673436536738082e-01
-9.756462351424410873e-02 -4.384086450824042913e-01 -1.065362534417160778e-01
-1.664272035754832402e-01 -2.355549418570479503e-01 6.026163689679409075e-01
-2.754963235254814791e-01 -2.515768706258736387e-01 6.757061678809050953e-01
-3.694832481657428502e-01 -2.466385661226122572e-01 6.914863608622767721e-01
-4.458427873934711627e-01 -2.175872356836228150e-01 6.741882173656166266e-01
-4.972747594762294554e-01 -1.733711415055227967e-01 6.331379051756313991e-01
-5.291968346696718228e-01 -5.555515004280558999e-02 4.767546754594276237e-01
-7.028285599462158473e-01 2.599925786312651255e-01 2.797450689244829203e-01
-4.858572384684300971e-01 -8.883776923079511612e-02 3.242020727465655394e-01
-4.227046291231362218e-01 -1.241501735502581472e-01 2.840665687721855015e-01
-3.371326817942010834e-01 -1.515010114486781134e-01 2.739056497203173901e-01
-2.541897550021382512e-01 -1.680790288467481908e-01 2.903719152447636898e-01
-1.883608431248329218e-01 -1.735084510986184547e-01 3.195316397243519457e-01
-1.426966503145365994e-01 -1.818733758664747846e-01 3.470242483857011173e-01
-7.069440115952430048e-01 4.937997002842253735e-01 3.174933607185770335e-01
-1.619875567893719337e-01 -2.763885217485395618e-01 -1.896797804836208856e-01
-8.274575207827317147e-02 -3.762308729569174837e-01 9.704476736308004226e-02
-8.047617064321499480e-02 -4.342952506711272864e-01 -1.771947605568974238e-01
-4.774107651983328093e-02 -4.021957776319251554e-01 -2.193574911318896259e-01
-8.066110474429288857e-02 -4.015112288978106569e-01 -1.871532386184954211e-01
-1.448032593206244334e-01 -2.510970294727055130e-01 -2.144892543986109956e-01
-3.444776833229065693e-02 -4.183199511758439737e-01 -2.314117758200895381e-01
-2.492507057827351991e-02 -3.400711851787374673e-01 -2.412376005558336534e-01
-1.370210146082617708e-01 -1.612325472376618940e-01 4.266693201727200790e-01
-1.066321254520605222e-01 -1.958549632404227303e-01 3.975694203948687555e-01
-8.910464762673264705e-02 -2.376817487163140896e-01 3.744924126212967330e-01
-4.460292970536272605e-01 -1.281391999032033269e-01 5.096560630724855656e-01
-4.869935286310722589e-01 -1.290507711951938141e-01 5.554449655377691197e-01
7.683298331363386247e-02 -4.264249884019633008e-01 1.255839185757495757e-01
4.667397851833277045e-01 -1.250568735484802740e-01 4.187320305480477511e-01
8.753015969836075438e-02 -3.462810073227429175e-01 -2.323263723213214726e-01
6.866908161680473910e-01 1.202998877329530814e-01 7.958197980886994038e-01
2.848156565249038152e-01 -1.759923237911054095e-01 3.247561126861864267e-01
3.477840091834094594e-01 -1.712814173700683007e-01 3.134702964843716355e-01
4.076924586613195345e-01 -1.553180354632210936e-01 3.174514569801571984e-01
4.870600217910103780e-01 -1.113098846378579587e-01 3.844697421420852912e-01
2.327307027352898405e-01 -1.711079993119146714e-01 3.525946904565435691e-01
3.814531738868742750e-01 -2.336966650667626766e-01 6.282464875564732765e-01
3.071040784885203934e-01 -2.313903510321324575e-01 6.171434580250185764e-01
4.485218162925530550e-01 -2.129702234499708524e-01 6.095845005604692002e-01
4.899237945062573374e-01 -1.842993410542903554e-01 5.670261367927780238e-01
5.337572181132665960e-01 -7.282626120735519182e-02 3.236204094349870442e-01
2.493578499408781735e-01 -3.725872684434938797e-02 -9.227927729287048741e-01
4.893668229550174331e-01 -1.089390107380039385e-01 4.561087535362551293e-01
7.211024878241545366e-01 1.985045817033781468e-01 4.016369838234568057e-01
6.003521271999723297e-01 -1.940379745584239202e-02 4.012018370592005390e-01
3.350216457485100108e-01 -1.901251343909748925e-01 -7.476885556109341691e-02
5.838551716942982917e-02 -2.626268695094950978e-01 -4.795176608879425650e-01
5.356578486105409431e-02 -2.227301084207157222e-01 -5.442321176721718334e-01
1.334739940994928986e-01 -2.181773493826638655e-01 -5.012036365014407302e-01
1.869574350379507033e-01 -1.658528586851896192e-01 -5.209164392370388974e-01
1.141779143894460224e-01 -1.932812524910337837e-01 -5.441373375994049688e-01
1.650922349844129444e-01 -1.473887130004484236e-01 -5.461099583100257338e-01
3.111759739635993061e-01 -6.111430103875606368e-02 -6.358052639266991157e-01
7.545519876242523516e-02 -4.669031027074521667e-01 -2.026340322463526800e-01
8.366714207176551010e-02 -4.985684533187617618e-01 -1.121756589005887261e-01
5.660253378377788636e-01 -1.762207570232554588e-01 6.396455043423197040e-01
2.084540317745309235e-01 -2.251477880679786381e-01 1.656883805387532327e-01
2.223465505864830050e-01 -3.153040026819564634e-01 -1.526763563582733685e-01
2.261059563294220975e-01 -3.028285743936165453e-01 -9.789587761477036576e-02
5.172792144653781676e-01 -1.115013873741266259e-01 -5.465060183911851777e-02
8.043723073865416406e-02 -4.747360747952633631e-01 1.354595990999733768e-02
4.324096468066684906e-01 -2.959226630005562519e-01 7.350784732102688679e-01
5.133050303356334609e-01 -2.432610850339056441e-01 7.059956222430918693e-01
6.261200534111566185e-01 -2.331524353448910514e-02 9.405255982952032134e-01
1.614765686098706965e-01 -3.338559755953274255e-01 6.397000026139032514e-01
2.440912448287924086e-01 -2.061363767590962404e-01 5.710543692040184194e-01
3.623649829664046251e-01 -5.329842947089569183e-02 -5.377130368181630704e-01
6.599404717861290237e-01 4.753195340063687269e-01 -4.242255992655485919e-01
1.769437859544853442e-01 -2.847460880669061556e-01 -2.023961777338184609e-01
1.290325619133297907e-01 -2.870726837687587185e-01 -2.294715089143123388e-01
2.657735635581444100e-01 -5.321196491242655147e-02 -5.530394437455408152e-01
2.485340560542489419e-01 -7.262791772055091077e-02 -5.581446141561425822e-01
5.429467920249342328e-01 -2.211858430638269368e-01 7.636011828871080986e-01
2.246513423418106115e-01 -2.756355598691395681e-01 -1.873308596447775809e-01
3.200533169306085668e-01 -3.295865606176340279e-01 7.208114948611421546e-01
3.300807533704341878e-01 -3.523932882382041498e-01 7.892746609418832548e-01
3.805884583518182041e-01 -2.859552652564256725e-01 1.127151859097406117e+00
5.851905298018111878e-01 -1.355203668945392792e-01 8.399294849435468002e-01
3.473841368561991771e-01 -3.205121928035881140e-01 9.529210255785258710e-01
5.999956093873004548e-01 -1.276394424759927371e-01 6.794333191472556877e-01
6.477352625759857929e-01 -8.928412532991057693e-03 7.227815010037641485e-01
5.649172841960273250e-02 -2.491808024471164895e-01 -5.169814914298285213e-01
1.237494792015882972e-01 -2.081348062198460358e-01 -5.248967281691652165e-01
1.759366497873898760e-01 -1.619073787987225232e-01 -5.341829327726863585e-01
1.630783472419944369e-01 -2.693402792206445184e-01 -2.167720541796569478e-01
2.569894178204440438e-01 -6.380087541839457588e-02 -5.557638063348697699e-01
2.167300129779243800e-01 -1.045236816567832183e-01 -5.993227301955403874e-01
2.397292844424908642e-01 -7.464468686301739542e-02 -5.596099164189769493e-01
1.454281369583865224e-01 -3.741569700090929818e-01 -1.865943321756668993e-01
1.564895550990259565e-01 -1.346025813756320799e-01 -5.544154816250521645e-01
1.077996897375393948e-01 -1.645100681244107133e-01 -5.552242447524904367e-01
5.139001648358618168e-02 -1.904070218045318397e-01 -5.594129864119661288e-01
9.572886583989731468e-02 -1.313339645375882769e-01 -8.128423468643042327e-01
5.998038856274923170e-02 -1.928799738031669042e-01 -7.427872899489944558e-01
5.611449545123015081e-02 -2.027493997067961740e-01 -6.990499257489992679e-01
5.288406108069326761e-02 -1.915760056142629120e-01 -6.540718787182759897e-01
4.714467067761357599e-02 -1.873609404718717952e-01 -6.163737124633832387e-01
1.509661973909691701e-01 -1.360332711983530674e-01 -5.968883849130905972e-01
1.625744799278235897e-01 -1.446234141617794844e-01 -6.148196191740322725e-01
1.736773605292037947e-01 -1.521981818293648425e-01 -6.373663944029113182e-01
1.850815948749076068e-01 -1.383792904229211862e-01 -6.611870190162685290e-01
2.855077703278383616e-01 -1.668321902745082408e-01 -4.052249663311278116e-01
7.278508737549804763e-01 5.044789158302576126e-01 3.963634734177601260e-02
1.916989124163267499e-01 -1.005806942839707618e-01 -5.820341734999017191e-01
2.034503317461101579e-01 -1.064575591046633130e-01 -5.909833764733409822e-01
1.085909429017348216e-01 -2.835582143277204370e-01 -2.643940110049552983e-01
2.051108084926706043e-01 -2.244994024128904586e-01 -2.347603435193751364e-01
1.185708026329626574e-01 -2.868589363872675602e-01 -2.477667826839552445e-01
2.728498105123033923e-01 -1.967379765726962049e-01 1.127457593672542835e-01
3.744177469707477002e-01 -1.722164926544911268e-01 4.895357616184217719e-02
2.369908318092373012e-01 -2.620742955775878791e-01 -1.337997041532101861e-01
5.301711543145160022e-01 -1.673995747028200753e-01 1.052980809486285807e+00
4.906818287077863161e-01 -2.375874282907242119e-01 9.199331781482134041e-01
4.528087983733986022e-01 -2.948127996066074452e-01 8.035778754868871943e-01
2.476914833855083931e-01 -8.904378964111570038e-02 -7.121812003820617853e-01
1.820378733679151040e-01 -3.751555957487240356e-01 7.545504957905357912e-01
1.952243742621084799e-01 -3.644470306577374252e-01 9.567777506372809881e-01
2.165176365772281120e-01 -3.527035592056626534e-01 1.165094853388541907e+00
4.582342018079099688e-01 -1.314101823318991613e-01 3.395954988488152360e-01
5.985285583777866236e-01 -3.100454686834133722e-02 2.608688330434350000e-01
1.985690502318437911e-01 -1.637695779233960813e-01 3.795188714579260658e-01
5.435057120936814812e-01 -1.260019737856701849e-01 5.213006729890059532e-01
1.656293769929839677e-01 -2.550183787820481385e-01 2.246359514194753437e-01
1.845343505330276912e-01 -3.818873888351514978e-01 -1.283239741649544463e-01
6.727260347576002886e-01 4.593962910627372165e-02 2.010368019865160782e-01
5.576166932083514993e-01 -7.839044249092985694e-02 1.883560661420602411e-01
4.791690739068155125e-01 -1.313744087682877648e-01 1.485971084767767625e-01
3.614104183504718293e-01 -1.588731361009565468e-01 1.652712396149881302e-01
2.746331302697280208e-01 -1.767215564682289575e-01 2.051066318846865855e-01
2.101640994519138328e-01 -1.985234579667305432e-01 2.472827749435879685e-01
8.391635441639622162e-02 -3.367744894742963346e-01 3.408841230421499890e-01
6.628919886803785744e-01 5.455815187027104884e-02 4.596787779716851596e-03
5.874732180616648591e-01 -9.790800480009381745e-02 5.323743395219155961e-01
5.433462798887192524e-02 -4.286007494195698264e-01 -2.426051978664911513e-01
2.048846673797299900e-01 -2.401415998414058173e-01 6.574151244182396825e-02
7.396773398746336881e-01 4.036575935043351659e-01 4.415669454228832169e-01
1.625005754511521516e-01 -2.130537661380982328e-01 2.950774222638112843e-01
2.445194163282382593e-01 -1.988425885997302522e-01 -1.291378760168893081e-01
5.119667641551206572e-01 -9.667131196248845981e-02 4.519241402028160159e-01
1.865753160624195051e-01 -3.659562488039336259e-01 -6.100909472712218173e-02
7.040372497124902651e-01 5.048896267861024967e-01 -1.844627425146327937e-01
1.985887485260195984e-01 -1.514607928295030881e-01 4.168863327774710026e-01
1.346410679237641794e-01 -4.336966426202693015e-01 -1.461138991790268682e-02
5.222965562417698493e-01 1.701184873196304181e-01 -6.903516567348635391e-01
5.228839424017373005e-01 2.957269892189984262e-01 -7.723180526812534197e-01
7.238469138420766669e-01 2.810546249173484501e-01 1.685777158654852559e-02
6.002495255749762393e-01 2.332889986695230178e-01 -5.586332713266362049e-01
6.875590633910855232e-01 1.112356514312254352e-01 5.775134985536944932e-01
2.644677753250856966e-01 1.090752785431772093e-02 -1.001052337754080312e+00
5.211300149060654752e-02 -3.411417597487820252e-01 -2.509702018583764849e-01
2.601376822943901601e-01 -2.094785105223961885e-01 -1.454815317839391886e-03
6.492890226145764387e-01 4.578032749829263892e-02 3.875248123566932268e-01
4.052766622992454160e-01 -1.563483140952293127e-01 3.742181580618932912e-01
3.511554316004916743e-01 -1.696059663240268023e-01 3.667008028996261437e-01
2.304413392546427186e-01 -9.158882201198387252e-02 -6.083656866044613309e-01
6.494998278524022339e-01 9.960362455977617158e-02 -1.754341344164234151e-01
1.528816578849756525e-01 4.616709792174475413e-02 -1.114105316562294945e+00
3.453778945176999571e-01 1.554235903100642524e-01 -9.839332648783827295e-01
4.283958834150558559e-01 2.180710769371652091e-01 -8.980887077719357237e-01
2.974905802366611951e-01 -1.722532100312701431e-01 3.764647476086053768e-01
2.471723533600733713e-01 -1.640352156617019830e-01 3.959194183734049410e-01
2.147711559789267088e-01 -1.514078175097721690e-01 4.068822099316233842e-01
6.275083721351393251e-01 -3.592606898585079533e-02 5.522729680964180154e-01
2.569405608574570898e-01 -1.851733424930923633e-01 4.947181288009250277e-01
3.121347244542782562e-01 -2.009436993843682906e-01 5.297266476605129171e-01
3.691749561613777431e-01 -2.004107494005236134e-01 5.374844097552928801e-01
4.243341377798248715e-01 -1.849657340418020546e-01 5.209281390962516856e-01
4.571270785167058648e-01 -1.623966646659558144e-01 4.932147125601600290e-01
7.242374698199549599e-01 2.733511884234118838e-01 6.404719259511471030e-01
4.419593920013342725e-01 -1.393461287922792557e-01 3.941616119673900798e-01
2.266766426645252519e-01 -2.088299633833244906e-01 -3.650505427009416159e-01
1.761848616772998533e-01 -3.105079473760363751e-01 -1.915424327101494795e-01
1.102436304438659809e-01 -2.696008074359690365e-01 -3.465265533726151759e-01
4.375548497000063541e-01 1.235353538984002020e-01 -8.123125142590548187e-01
3.546626638932892650e-01 7.078850199552016997e-02 -9.071415674718106281e-01
1.509145685701396289e-01 -4.229263338807687234e-02 -1.070136113505615327e+00
5.974035330819837952e-01 3.948200923497757753e-01 -6.230273907799688260e-01
2.169549874208687168e-01 -1.646920791807793272e-01 4.471110672795568508e-01
1.245756049469592952e-01 -3.391864801381139216e-01 1.830071085998885572e-01
2.563073231131562935e-01 8.921001905650011166e-02 -1.060012522040914007e+00
7.012361949045109455e-01 2.977020827487286692e-01 -1.859690378845679781e-01
1.029629977761118975e-01 -1.642628858835630812e-01 -6.062103424437905730e-01
1.137283456739485166e-01 -1.717531290269935784e-01 -6.353624513165101462e-01
1.214425992899160200e-01 -1.800298736638498154e-01 -6.718381567349229755e-01
1.292735619644409528e-01 -1.681076504243281811e-01 -7.105264484391251578e-01
1.785708579867604229e-01 -1.161211696579838026e-01 -7.732444402251572591e-01
2.078623893288785718e-01 -1.072118861115570199e-01 -5.481657764033383007e-01
2.205191666302043219e-01 -1.071851125537074401e-01 -5.416346111136254304e-01
2.313792107750409777e-01 -1.083185469281883195e-01 -5.341174768415024587e-01
3.342037702880142902e-01 -1.103441956045803640e-01 -4.620510925522960388e-01
5.634124167303657948e-01 -2.014579246156798786e-02 -2.418615806318621386e-01
1.242726713657393844e-01 -2.919835217403576877e-01 2.890902425944343879e-01
1.559444381734531593e-01 -2.069615130322843832e-01 4.898011660618564189e-01
1.912598261603493111e-01 -1.800857937270028408e-01 4.832174660867412097e-01
1.958005969812874891e-01 -9.914000393933386501e-02 -5.539732247513899921e-01
5.711604281905597880e-01 1.007175557577184577e-01 -4.455651939562863539e-01
1.008285806239583859e-01 -2.877359666934498073e-01 4.829520230942183634e-01
2.158884953770452420e-01 -7.400765075173082463e-02 -8.457869316035910856e-01
8.093196390060675149e-02 -3.887634939994666361e-01 2.269713873357503964e-01
1.679830948050975437e-01 -3.205807258177917340e-01 3.165162533558092683e-02
1.177000806993139248e-01 -1.056008094093364158e-01 -8.976438372633430696e-01
3.683346905240441060e-01 -2.304123823424573947e-02 -6.667519377020543203e-01
2.943774581716462890e-01 -1.753096424150557553e-01 -2.003718703871348872e-01
2.952835481742583923e-01 -4.587478806389186370e-02 -7.713754824768512819e-01
4.298209387769282852e-01 -1.531387335869516253e-01 -1.811879194356941225e-01
3.470860726141971053e-01 -1.514663417233554910e-01 -2.887760102576708565e-01
4.798416737267412469e-01 -8.196454812165565595e-02 -3.183064782273155036e-01
1.400350141707926710e-01 -8.648191098210905592e-02 -9.926368811911330248e-01
2.052871123589616875e-01 -2.685685217560496163e-01 -1.495674106833051742e-02
4.179353859148622341e-01 4.113585638049546689e-02 -7.247563579504299192e-01
3.345885643622470429e-01 1.023417670913999433e-02 -8.286294460995100586e-01
4.208611545784082253e-01 -2.643443511924206679e-02 -5.476650401348168717e-01
6.309840872301273329e-01 1.411288234178246226e-01 -3.271333431124776592e-01
4.934404828851390867e-01 3.185774622529410904e-02 -5.539409026494790389e-01
6.664622816655541016e-01 2.962131168657322622e-01 -3.765864774020077910e-01
3.940560559502441773e-01 -1.029060668947437418e-01 -3.962651449411231930e-01
1.635828855897236700e-01 -2.862676065237357292e-01 1.259329939297504364e-01
1.639718279515411936e-01 -3.899210197668168121e-01 -1.728822009671493465e-01
2.022533619367850033e-01 -3.190363852559696678e-01 -1.851519946254986948e-01
1.384790537243041353e-01 -4.431773981169406795e-01 -1.173234054581406838e-01
2.074034916050049304e-01 -2.389987029865903168e-01 5.854136388305328786e-01
3.118962746243170159e-01 -2.608737956739615171e-01 6.531292676079858417e-01
4.027935203008237153e-01 -2.588100416234095924e-01 6.638857409650102959e-01
4.751380783134973029e-01 -2.312572429299120103e-01 6.421525828034138073e-01
5.221551359628184841e-01 -1.877869742733340175e-01 5.962702275621505343e-01
5.484109222449040644e-01 -6.855581794757314995e-02 4.252712933297326803e-01
7.314138597995034630e-01 2.433551618948071038e-01 2.111535048846469032e-01
5.016214757969095217e-01 -9.972001116741679994e-02 2.785226375972142954e-01
4.385854730461957729e-01 -1.335069698433177798e-01 2.458942013665963433e-01
3.562246216781916885e-01 -1.577556308649086247e-01 2.463240501722279152e-01
2.779204619781339147e-01 -1.715225464116021392e-01 2.700299465600499715e-01
2.181836190460073599e-01 -1.764351243946493675e-01 3.024204109559585074e-01
1.770237289097975619e-01 -1.831621679696526783e-01 3.332500282152512927e-01
7.361279934526621105e-01 4.758126307180710057e-01 2.458808972681159055e-01
2.015346813242285817e-01 -2.847262124271554562e-01 -2.039726782976886144e-01
1.254516614628198301e-01 -3.774374619777542961e-01 8.770567907190940371e-02
1.207315376406054019e-01 -4.386381871624644990e-01 -1.861148496462278201e-01
8.779231347413984921e-02 -4.064996151088395848e-01 -2.252980658266173775e-01
1.206687055623900662e-01 -4.055154404450178607e-01 -1.963020771081358529e-01
1.854265232511959072e-01 -2.601793927300755094e-01 -2.271078471585735725e-01
7.484133963364669739e-02 -4.216828074892797762e-01 -2.361162203295408268e-01
7.271148265190346960e-02 -3.435060969034076095e-01 -2.452555713984488905e-01
1.768500977325415668e-01 -1.608540172662742407e-01 4.128007216364679710e-01
1.448574040022510001e-01 -1.964956297077202763e-01 3.862373373636220908e-01
1.254423451134878409e-01 -2.390606597542066503e-01 3.661406609174675530e-01
4.752262487307046257e-01 -1.390558301292710297e-01 4.725731894404285871e-01
5.135540752295408851e-01 -1.429359069525282244e-01 5.177898596474488357e-01
-3.296484260484922046e-01 -1.566069189031571440e-01 4.899240177292762954e-01
-2.644752040480824462e-01 -1.626802044088604404e-01 4.881741988932020160e-01
-3.288409482152143681e-01 -1.650312125638153660e-01 5.781671065921178965e-01
-3.957017690505004737e-01 -1.504805362953787196e-01 4.923693238245907544e-01
-3.310425294338248392e-01 -1.481851826717273113e-01 4.027126108041445551e-01
3.570325257496742566e-01 -1.630775497524283857e-01 4.603248340593877330e-01
4.208339305337416292e-01 -1.688585576320300596e-01 4.567145856115804037e-01
3.561121556833146684e-01 -1.716453943513229774e-01 5.531334177496014526e-01
2.927242019578368826e-01 -1.573219639371803424e-01 4.648443300423032998e-01
3.581935377281908472e-01 -1.545262675523462192e-01 3.674286121110255099e-01
