-1.630498562505787452e-02 -2.089436483397185684e-01 -4.155329112031135308e-01
1.794155948412612389e-02 -3.792200144794652950e-01 -1.646676699031451863e-01
1.893538417146470310e-02 -2.403750319882717035e-01 -2.177254780341041362e-01
-2.672257395811358793e-02 -3.438749270050668327e-01 1.050341590949807058e-01
1.777971782723754279e-02 -4.063989678214172674e-01 -8.905580058052850467e-02
1.694808510769896942e-02 -3.990110186779494139e-01 1.833688955132774245e-02
1.873505977909817322e-02 -2.933118195509033521e-01 2.917874436020051476e-01
-3.517671262200590121e-01 -9.277412697095438476e-02 3.665973195814224983e-01
1.910736028613121973e-02 -2.807290178317924934e-01 4.996099013861678984e-01
1.832091064932591523e-02 -3.029461430340183448e-01 5.998660108055076101e-01
1.720476187298865256e-02 -2.936333504132636607e-01 9.524830303211921922e-01
-1.565344232979667266e-02 -1.976047315541784588e-01 -4.397077548928003399e-01
-1.428509553881737032e-02 -1.772831094785308759e-01 -4.606834691861068087e-01
-1.175575698094771110e-02 -1.505375210976614975e-01 -4.724218628372949258e-01
-1.248559569369174505e-02 -1.571252767514745852e-01 -4.629436460120637253e-01
-1.319172461546554154e-02 -1.597989643225482537e-01 -4.961555587203163586e-01
-1.467732491954595875e-02 -1.673003141826899798e-01 -5.360625221863675183e-01
-1.448522856281059257e-02 -1.581842317281982879e-01 -5.761069499418778328e-01
9.943598940503728389e-03 -1.072149944812574862e-01 -6.398535589708560511e-01
1.708698108057327136e-02 -3.481770771846304235e-01 -1.982316430019531728e-01
-3.306102299094762498e-02 -2.769121050043273913e-01 -1.835760695869902426e-01
-5.457617466978665899e-01 1.128342260305232880e-01 6.993546455817645224e-01
-2.089835317345889454e-01 -1.396569595014330867e-01 2.779627711405731061e-01
-2.625018875283500197e-01 -1.339474564052544059e-01 2.724665126517112901e-01
-3.123359333185622422e-01 -1.191711901779055616e-01 2.824987006076211671e-01
-3.732398834371470908e-01 -8.187831978139792355e-02 3.446169253160400459e-01
-1.618233579853677329e-01 -1.360755011080365673e-01 2.982917097131154716e-01
-2.845022712978770851e-01 -1.817363912618056299e-01 5.259733546965497109e-01
-2.233813344529846923e-01 -1.811901959831836439e-01 5.143142313922026698e-01
-3.385691526595433487e-01 -1.622881403152428570e-01 5.136039616825047727e-01
-3.728326469878866511e-01 -1.373468088235088036e-01 4.833203996248504053e-01
-4.181614341247579247e-01 -4.866754560573968713e-02 3.011483805088086552e-01
-1.832329246840665449e-01 -2.144370317556223982e-02 -7.308509567176912913e-01
-3.688824387124438609e-01 -7.928751058435515309e-02 3.984511312691461082e-01
-5.630491571861562239e-01 1.746558685981944858e-01 3.796644162201261441e-01
-4.752968404145463399e-01 -3.193505266637866429e-03 3.707942923133971114e-01
-2.445238283552406688e-01 -1.463771213244174918e-01 -3.659071744143715943e-02
-7.486541146636346844e-02 -2.058805089092896612e-01 -3.950364538196174946e-01
-6.579025217029832451e-02 -1.714876601894813613e-01 -4.517411942785565238e-01
-1.265809207467685771e-01 -1.747207588897461417e-01 -4.072884309662462288e-01
-1.604376288510046544e-01 -1.356147345703841989e-01 -4.175448220939483868e-01
-1.081843318236707097e-01 -1.530707303929564889e-01 -4.449440301893228256e-01
-1.404111631582481423e-01 -1.193665597877133777e-01 -4.379668129902443141e-01
-2.341919890815395977e-01 -4.481516208868407958e-02 -4.897472263261701819e-01
-2.651048405331211943e-02 -3.736057276852042808e-01 -1.592177431087403727e-01
-3.434263831120915045e-02 -3.987986189421256489e-01 -8.556967613954083451e-02
-4.423774569447547211e-01 -1.299172824133564275e-01 5.505522356900927061e-01
-1.373292335364412753e-01 -1.798036493303167838e-01 1.475033366875793117e-01
-1.472686777394906499e-01 -2.484830107332708371e-01 -1.098402023885017842e-01
-1.513820921175207390e-01 -2.384536455367438634e-01 -6.523134637621519349e-02
-3.980725743895621171e-01 -8.066207405306921596e-02 -6.184443795467745031e-03
-3.100130104543742660e-02 -3.819370136292794538e-01 1.494739269085264277e-02
-3.231899792712276120e-01 -2.268483388485346142e-01 6.195131458100515687e-01
-3.936737241037004953e-01 -1.835534527274040872e-01 5.991982398420125921e-01
-4.936531913910826574e-01 -3.213688882282444287e-03 8.123278035468286529e-01
-9.365657072846217401e-02 -2.660860441514428798e-01 5.301622015314424452e-01
-1.692444708247397012e-01 -1.634874788859054240e-01 4.754833613598379305e-01
-2.738895792717619404e-01 -3.987589042396111338e-02 -4.190112245208841291e-01
-4.983041544480260043e-01 3.987794848579125917e-01 -3.005492074773153943e-01
-1.080052079216923255e-01 -2.243112279708520118e-01 -1.533791806161691751e-01
-6.729801855807604483e-02 -2.254891067310086372e-01 -1.781676776104541560e-01
-2.007366534042437922e-01 -4.849276034736546559e-02 -4.266379016023491566e-01
-1.899540243340647194e-01 -6.208657888895405264e-02 -4.287369714292414979e-01
-4.196212745079217488e-01 -1.652821695743851294e-01 6.524875731656485378e-01
-1.504222582264497232e-01 -2.158297247750469161e-01 -1.377618792919406143e-01
-2.261144939592125702e-01 -2.556070275972079919e-01 6.040018572840586408e-01
-2.341194055874291635e-01 -2.734419088908851547e-01 6.634975744293025723e-01
-2.835461168109374430e-01 -2.199186962836706671e-01 9.431644242419099378e-01
-4.558243054007165007e-01 -9.616857351703361756e-02 7.224093012817345283e-01
-2.526357861143193606e-01 -2.494051956988906360e-01 7.965203498830808471e-01
-4.707672486352165730e-01 -9.066267638080471869e-02 5.934224420557590030e-01
-5.076122129021316542e-01 5.955055278866840107e-03 6.325840058570488811e-01
-7.186025726360878441e-02 -1.938574747548444943e-01 -4.282596285940876157e-01
-1.177384086094178106e-01 -1.657872853469087859e-01 -4.282517854493490539e-01
-1.512040090945552251e-01 -1.313556449972607121e-01 -4.287226994013604298e-01
-9.621417409081062244e-02 -2.114033753624422474e-01 -1.659965599856689789e-01
-1.951262954760184520e-01 -5.545611478712678122e-02 -4.277798917408337509e-01
-1.753920854791352069e-01 -8.584604534299439260e-02 -4.468999502506367794e-01
-1.836349417133172901e-01 -6.395378931457454397e-02 -4.295488896556194369e-01
-8.414539076928403971e-02 -2.999526639422840368e-01 -1.418156160126070597e-01
-1.321456146861695324e-01 -1.092780225171564590e-01 -4.449114280940951183e-01
-9.919884806168821623e-02 -1.302952979706265557e-01 -4.539970759035274472e-01
-5.914085012249439832e-02 -1.465460742833707419e-01 -4.642529853186514455e-01
-6.073245435945920367e-02 -1.028670894349538179e-01 -6.340146190696753781e-01
-7.542683613593614833e-02 -1.549762303448758427e-01 -5.654403826407805589e-01
-7.303218401009348160e-02 -1.639399979627353954e-01 -5.252745459139922524e-01
-6.696745263299636042e-02 -1.554618019055495903e-01 -4.863815244364220192e-01
-6.005770523722120391e-02 -1.526744583861893156e-01 -4.556049101731942663e-01
-1.318693817510504518e-01 -1.119745559897795673e-01 -4.385188088488398694e-01
-1.428011462735214732e-01 -1.172494751330822593e-01 -4.522291648733371972e-01
-1.539220408489180847e-01 -1.226569999985684944e-01 -4.707069542166801845e-01
-1.617760081972282049e-01 -1.113264921890357861e-01 -4.910567151790024010e-01
-2.103212627633930243e-01 -1.297328275940556885e-01 -3.160548146831301253e-01
-5.573614852211570270e-01 4.234219027407437608e-01 8.653850063273779702e-02
1.982331086455126068e-02 -2.783330955057342626e-01 -2.058666271143000381e-01
-1.552471280991291058e-01 -8.494415701884075465e-02 -4.332614119342896863e-01
-1.653730807710630524e-01 -8.800879529420493896e-02 -4.395527049914591533e-01
-5.065024974864110185e-02 -2.257756869560892943e-01 -2.085457572674440652e-01
-1.323525257531198984e-01 -1.732901182597018641e-01 -1.773801369382970172e-01
-5.869542667309501915e-02 -2.266037473672148916e-01 -1.937063352307216713e-01
-1.916422302404551248e-01 -1.559076120229451190e-01 1.098524252491425712e-01
-2.770464248835049492e-01 -1.329159967804259823e-01 6.678274319021298977e-02
-1.599507497820659707e-01 -2.050148283210457834e-01 -9.338730609747050715e-02
-4.108993696613048030e-01 -1.199733493372667770e-01 8.962526102715564491e-01
-3.747025201674507588e-01 -1.789624884871630073e-01 7.808900915913803420e-01
-3.396394177332773268e-01 -2.254508275713562604e-01 6.798198036258502608e-01
-1.883557752333927526e-01 -6.792491656931842758e-02 -5.448249879810431739e-01
-1.083827480009025845e-01 -2.976702209206807392e-01 6.304956274962627560e-01
-1.260491739087650220e-01 -2.884654310758623108e-01 7.866896174419732990e-01
-1.459111247911790143e-01 -2.770260655139780148e-01 9.583275920783531632e-01
-3.523817829448854244e-01 -9.845753082716118820e-02 3.059405491974633851e-01
-4.765463660575608440e-01 -1.178352535101750975e-02 2.556153430505448965e-01
-1.304517281281188934e-01 -1.322443828796459053e-01 3.182914220337312861e-01
-4.205567752730039466e-01 -9.046190999005879196e-02 4.539837873954707392e-01
-1.009641984797421399e-01 -2.048788866030719635e-01 1.916699021781518852e-01
-1.167428202452402419e-01 -3.031098519885035980e-01 -9.158551356765229357e-02
-5.230855790362105573e-01 5.078162785689072090e-02 2.131484455057778282e-01
-4.438770348925373810e-01 -5.204499330473197349e-02 1.924091161788769044e-01
-3.790558930182486019e-01 -9.678747965794928798e-02 1.532766184874949644e-01
-2.785743587724600623e-01 -1.227017010887629933e-01 1.560603113226290417e-01
-2.038989760214890423e-01 -1.392270088640016334e-01 1.810518517173461683e-01
-1.480174242155447573e-01 -1.577133654531798213e-01 2.110472387224737734e-01
-3.086603680321656218e-02 -2.709952032609651562e-01 2.793643501860969547e-01
-5.132221267931544872e-01 5.619593176824433378e-02 5.244506075259397493e-02
-4.624810833551977751e-01 -6.707589882733275277e-02 4.708666826495808699e-01
-1.053084023184306869e-02 -3.450682032239091868e-01 -1.937277613778964902e-01
-1.334284273938023957e-01 -1.916035719677148252e-01 6.613278753235635188e-02
-5.772897267013379352e-01 3.403128468067622148e-01 4.149837511752785257e-01
-1.044837079722467643e-01 -1.707887167386772376e-01 2.459571197240189022e-01
-1.631521011993307124e-01 -1.539749436795389004e-01 -8.909881340618922008e-02
-3.897524114153694264e-01 -6.915781665835288305e-02 3.985971419503397950e-01
-1.195420986437089050e-01 -2.902219540788192331e-01 -3.751798276928777764e-02
-5.343292493570275248e-01 4.244913338162079608e-01 -1.002484988894455087e-01
-1.274966392293669926e-01 -1.236135555499608962e-01 3.476722617435502594e-01
-7.736249510585971323e-02 -3.469261096750497764e-01 -3.633074596701951764e-03
-3.991399449987127479e-01 1.519940015539290590e-01 -5.297615389508967265e-01
-3.940932252333988473e-01 2.541907513589596324e-01 -5.987626310945912689e-01
-5.538445145175030504e-01 2.412799442089471613e-01 6.580461039592860883e-02
-4.591778615022157339e-01 2.033093766301622418e-01 -4.152809022183880927e-01
-5.374492368842671564e-01 1.033513468214556363e-01 5.192169063563190079e-01
-1.924001305174777854e-01 1.768520457075582059e-02 -7.989475293375880582e-01
-1.838401918976249189e-03 -2.744698493673438655e-01 -2.015098161569950364e-01
-1.805963524210603688e-01 -1.643757115725799078e-01 1.651076347124495053e-02
-5.200487460423399710e-01 4.974428643074488288e-02 3.678846579000979444e-01
-3.038693300599408786e-01 -1.198717241951582357e-01 3.247774395171559858e-01
-2.598802875553853919e-01 -1.324027934921819805e-01 3.141543043246051159e-01
-1.836789752216142491e-01 -7.581357955276499250e-02 -4.560661351401895658e-01
-5.006630940247323025e-01 9.284077908111174060e-02 -9.645347620694857960e-02
-9.441937252829812888e-02 4.185857903708066485e-02 -8.956086654898443022e-01
-2.504283761405248221e-01 1.362519415530857314e-01 -7.843643760498766326e-01
-3.173168162792854297e-01 1.888885139470833918e-01 -7.096269532118988366e-01
1.765411983412804725e-02 -3.017716281765621122e-01 7.729759385984042996e-01
1.554122967711198122e-02 2.589563984858531120e-02 -9.117212177096254422e-01
-2.148126890531198985e-01 -1.359127978573472229e-01 3.195715864586410326e-01
-1.706148894228307067e-01 -1.316150575970157499e-01 3.334209180620810731e-01
-1.412931169305723378e-01 -1.231436220543018489e-01 3.412748572257594537e-01
-4.985812871672010704e-01 -1.719641298746302227e-02 4.973071320763267078e-01
-1.805934456917965836e-01 -1.482588912440063744e-01 4.182359180055490455e-01
-2.293452070214456739e-01 -1.582646383095031029e-01 4.493036913287727918e-01
-2.759485397494247927e-01 -1.557555545148758824e-01 4.568839179854282673e-01
-3.198425064512255833e-01 -1.413068043139410479e-01 4.458793368210223207e-01
-3.458674224596491875e-01 -1.223758775882494154e-01 4.260402795350437533e-01
-5.708075977962925318e-01 2.361455565078630636e-01 5.753409670971971757e-01
-3.326438893051009149e-01 -1.051489565038795648e-01 3.444436930962757604e-01
1.616238858274059165e-02 -2.202123214026865394e-01 -2.779864028354407379e-01
-1.567194091758579710e-01 -1.641286887690073248e-01 -2.849482886548553306e-01
-1.075870523281321489e-01 -2.450630097094034232e-01 -1.441937104246971968e-01
-5.787363420043151185e-02 -2.144455473850089833e-01 -2.772735232777571168e-01
1.900088599599453892e-02 -2.677273036876443024e-01 3.984056095221731875e-01
-3.312772517455064847e-01 1.135878412615612953e-01 -6.357448947713260079e-01
-2.653787608060449443e-01 6.955557610710935701e-02 -7.184292981535085332e-01
-1.006306746414906694e-01 -2.893381786048024318e-02 -8.583568025904737553e-01
-4.501617024425323965e-01 3.337702775565187796e-01 -4.693897287871520163e-01
-1.444727598634619747e-01 -1.341885800226637615e-01 3.746246780079498517e-01
-6.609236986933816893e-02 -2.720756234901017256e-01 1.550733451129273632e-01
1.142804066258493872e-02 -4.320037449367597482e-02 -8.731195599812777708e-01
-1.788798981290941059e-01 7.987119315441809642e-02 -8.501331927749355977e-01
-5.352333034814669155e-01 2.549657576985612240e-01 -1.018382648691458781e-01
-9.979970281151406830e-02 -1.348832362323552081e-01 -4.462441490244746234e-01
-1.108694295387584461e-01 -1.397823802415343319e-01 -4.694727970625600655e-01
-1.198305995559166837e-01 -1.460813824224352908e-01 -4.988610475544679179e-01
-1.251916078121758091e-01 -1.361099954328233164e-01 -5.335890070468809476e-01
-1.324516645211710753e-01 -9.166509514665927005e-02 -5.962713932625689495e-01
-1.659249106052967937e-01 -8.882252188031702911e-02 -4.321824062377337405e-01
-1.757557495406813497e-01 -9.011069923875436594e-02 -4.270564616988505868e-01
-1.840505046779193354e-01 -9.144917493556908861e-02 -4.213303337858165243e-01
-2.522049659290479529e-01 -8.607181265729058062e-02 -3.620157483795432007e-01
-4.366146760767537494e-01 -4.650269806816126339e-03 -1.565293822624255204e-01
-6.499580318840508797e-02 -2.346824280076119651e-01 2.410259412530167955e-01
-9.115058989798574540e-02 -1.652065210254440863e-01 4.061662900205543769e-01
-1.234342949806803702e-01 -1.461546400212737629e-01 4.021231286416592221e-01
-1.558276615522738995e-01 -8.367668187199558960e-02 -4.368483075055096254e-01
-4.400352463921657353e-01 9.421740419886928675e-02 -3.247397688207230848e-01
-4.851261845813045759e-02 -2.316074273282185958e-01 3.967833534803735240e-01
-1.600143468094007426e-01 -5.337954088984786516e-02 -6.614406880824257318e-01
1.753733708008330117e-02 -3.626168059464884852e-01 1.115825406210217974e-01
-2.984575643460729566e-02 -3.119858257507815980e-01 1.871828414919519679e-01
1.828990093792370875e-02 -3.262900980161578257e-01 1.983233903796469688e-01
-1.032347832985737179e-01 -2.549264114209864873e-01 3.644974399047244684e-02
9.968672541875250870e-03 -8.087703712612293039e-02 -8.049111501433992011e-01
1.006773456991359381e-02 -9.292886536807629105e-02 -7.169405592519537684e-01
-7.719136946072643890e-02 -8.030737423939754427e-02 -7.082957254442865391e-01
-2.795513630121579940e-01 -1.021232638002568527e-02 -5.146443306690804409e-01
-2.094481668882988146e-01 -1.335430898912164377e-01 -1.421019971348135291e-01
-2.257234369264591312e-01 -2.833727131821180134e-02 -5.975013060549492216e-01
-3.275595905589252510e-01 -1.132387642500873870e-01 -1.156465172549365761e-01
-2.593507954973870433e-01 -1.145039150959797913e-01 -2.098751968703836956e-01
-3.712669869419045199e-01 -5.632133812572198694e-02 -2.263288560439064012e-01
-9.428590325187491406e-02 -6.502556709003268209e-02 -7.921089966473766619e-01
-1.341520925983609724e-01 -2.121297902073265851e-01 7.209424455013602184e-04
-3.186970949071117332e-01 4.549166068625279391e-02 -5.622041016165928440e-01
-2.523684782926778336e-01 1.976268184534175909e-02 -6.501280245529115209e-01
-3.208496055301417460e-01 -1.554044365660856020e-02 -4.208923338865406816e-01
-4.855031640639246859e-01 1.277225423783528990e-01 -2.224761765073058895e-01
-3.806572600759607905e-01 3.674873853614467334e-02 -4.209499671890064576e-01
-5.079970295155515903e-01 2.526011740033936581e-01 -2.606870582345912624e-01
-3.022118401374627172e-01 -7.681337220958922574e-02 -2.975584403512828713e-01
-9.879700491700216247e-02 -2.296505485056279383e-01 1.120285825191877915e-01
-1.003770882271792786e-01 -3.108630749361275258e-01 -1.292918323249777623e-01
-1.308047792192046366e-01 -2.508835910671738390e-01 -1.372061342068160439e-01
-7.860574123249000622e-02 -3.532165170954897349e-01 -8.583399167629332527e-02
-1.340868567631117170e-01 -1.897816046299412029e-01 4.855896725434885042e-01
-2.219615259867702139e-01 -2.026901317321221363e-01 5.444894844930681099e-01
-2.976847913610409790e-01 -1.987114448687025137e-01 5.571968059539649243e-01
-3.592060473754268290e-01 -1.753054060741863207e-01 5.432560481792945151e-01
-4.006436929378442979e-01 -1.396814398035871596e-01 5.101813114630864288e-01
-4.263626296987028663e-01 -4.475960141908594259e-02 3.841174454340273714e-01
-5.662540163020262085e-01 2.094704886066958149e-01 2.253846461729833717e-01
-3.914448391983578190e-01 -7.157470042210561934e-02 2.611435983816747797e-01
-3.405641255795741618e-01 -1.000251532220133854e-01 2.287865334253910143e-01
-2.716206283752160555e-01 -1.220611413588517102e-01 2.205774764146248845e-01
-2.047952788678916725e-01 -1.354176972374295795e-01 2.338376292394619416e-01
-1.517583234546341364e-01 -1.397920672211371285e-01 2.573380198612575942e-01
-1.149676549280176929e-01 -1.465315091217699317e-01 2.794988092837259464e-01
-5.695697481290549202e-01 3.978439116874776804e-01 2.557976452605740247e-01
-1.305255841905800240e-01 -2.230881613831965371e-01 -1.529799231517415814e-01
-6.666649182531728113e-02 -3.031212090825891048e-01 7.818690150848786602e-02
-6.483793835414849993e-02 -3.499825087694204973e-01 -1.428091033475300531e-01
-3.846396954046191197e-02 -3.245348093530885381e-01 -1.772780241215348163e-01
-6.498693582444847738e-02 -3.237920171406893921e-01 -1.510233845610212677e-01
-1.168983297895949680e-01 -2.029842222200460844e-01 -1.730500810892778851e-01
-2.775383442972613468e-02 -3.374322434750620658e-01 -1.869296450215363059e-01
-2.020500842409597708e-02 -2.749926279721358613e-01 -1.955552729971786752e-01
-1.103949160029073506e-01 -1.299016326811176514e-01 3.437130784603847911e-01
-8.591123460039201687e-02 -1.577961765754966050e-01 3.202541195148975728e-01
-7.178971866720287864e-02 -1.914951276632828048e-01 3.016751918728018955e-01
-3.593563142401521304e-01 -1.032390268780052356e-01 4.106622489306538393e-01
-3.923603240049653440e-01 -1.039734604719882993e-01 4.475867299155070755e-01
6.190269984068536013e-02 -3.435615398905172979e-01 1.011802892930127595e-01
3.760423138584882974e-01 -1.007556621182563172e-01 3.375910697371229396e-01
7.045452997645285098e-02 -2.798869905941062664e-01 -1.881843933120486145e-01
5.532521795110736385e-01 9.692305986353266789e-02 6.411750710927541785e-01
2.294699142921383661e-01 -1.417932705988304010e-01 2.626433748197729567e-01
2.802021762189015330e-01 -1.379977935317923121e-01 2.536480319483653822e-01
3.284691392602008264e-01 -1.251364363905755894e-01 2.568131947198284415e-01
3.924138961291181449e-01 -8.968000565475831021e-02 3.102639594364839937e-01
1.875061752623366496e-01 -1.378580742922436153e-01 2.848559982520140199e-01
3.073287058242584191e-01 -1.882844305595243739e-01 5.051991273716005537e-01
2.474272216259467694e-01 -1.864262824144589104e-01 4.962143951132127473e-01
3.613644839563341371e-01 -1.715855775560892749e-01 4.902140610110452545e-01
3.947211768718199565e-01 -1.484860576550773859e-01 4.560160374989028487e-01
4.300368336055708784e-01 -5.867456819800195844e-02 2.610915964965907499e-01
2.009291593790630825e-01 -2.995515548547195150e-02 -7.396324326589591713e-01
3.942724367439576216e-01 -8.776984299995566063e-02 3.673843191027079680e-01
5.809769311694701344e-01 1.599309177937978665e-01 3.235903720288036967e-01
4.836909348824187660e-01 -1.563322719291800056e-02 3.233277791847039007e-01
2.699198115508081308e-01 -1.531797753880272950e-01 -6.023967692472934066e-02
4.437450078392893293e-02 -2.053181442099883958e-01 -4.009900354379879461e-01
3.980292504389287833e-02 -1.704475106993570410e-01 -4.572737627692271545e-01
1.031772437729665537e-01 -1.728731661896716343e-01 -4.190379102424472979e-01
1.437387216906150789e-01 -1.324299681526570627e-01 -4.337237093843682167e-01
8.731823256220952456e-02 -1.509305044842572663e-01 -4.556421580552252326e-01
1.261901517246036275e-01 -1.169870095694999224e-01 -4.532775028141875495e-01
2.424684410973727555e-01 -4.990791084993950744e-02 -5.059749971523233025e-01
6.079264814361079461e-02 -3.762198283244808650e-01 -1.632924835714550937e-01
6.740883613818279829e-02 -4.016859945401798360e-01 -9.037754066196143632e-02
4.560345710821440690e-01 -1.419773143934817128e-01 5.152223044203512181e-01
1.679469780165325221e-01 -1.813967822604798386e-01 1.334916027627380819e-01
1.791398848250169706e-01 -2.540637503877993808e-01 -1.230144015383719536e-01
1.821687580412833518e-01 -2.439825389487938478e-01 -7.887262740252415361e-02
4.167608566774700929e-01 -8.983429533466724681e-02 -4.403082886217241088e-02
6.480656530158832029e-02 -3.824847542576366166e-01 1.091369010927565469e-02
3.483832518285172597e-01 -2.384185930800523101e-01 5.922370852207956560e-01
4.135589410849052072e-01 -1.959902802199429139e-01 5.688025515569203883e-01
5.044516047532816572e-01 -1.878459741475185796e-02 7.577614553390088492e-01
1.300982355085373854e-01 -2.689806559109554351e-01 5.153926808783344526e-01
1.966591223029440227e-01 -1.660796926845408139e-01 4.591872986958291936e-01
2.826090303686663585e-01 -4.464174412102195344e-02 -4.391598069681259542e-01
5.316999962234696397e-01 3.829548349294609189e-01 -3.417895388608477303e-01
1.425104673998869864e-01 -2.299684284555598701e-01 -1.633670649482454884e-01
1.036683404690846855e-01 -2.322381435817708617e-01 -1.856001530212575412e-01
2.023521585833596981e-01 -4.420623728165859467e-02 -4.467339080537955365e-01
1.886535095433629072e-01 -5.963368911770572378e-02 -4.479509802018126763e-01
4.374406777748862662e-01 -1.782047274709870344e-01 6.152172183569650787e-01
1.809968065020386430e-01 -2.222676844985020939e-01 -1.510037864674655950e-01
2.578601475110959829e-01 -2.655408791059776785e-01 5.807424771727591750e-01
2.659390396917140631e-01 -2.839157742793361194e-01 6.359018005158509901e-01
3.066320229166632494e-01 -2.303880727990813559e-01 9.081222698819244599e-01
4.714755584598668836e-01 -1.091858760700183950e-01 6.767133072470923327e-01
2.798800075931584530e-01 -2.582298540382164109e-01 7.677481945152866416e-01
4.834036960665628602e-01 -1.028363838472512726e-01 5.474049685829380785e-01
5.218665188594038273e-01 -7.193432115225401741e-03 5.823296763630501083e-01
4.245614705088530949e-02 -1.929010135781982216e-01 -4.340824974220209853e-01
9.512492168169137119e-02 -1.637601142776036189e-01 -4.395463938540864479e-01
1.349437900510920274e-01 -1.289123367550999433e-01 -4.444165074253692005e-01
1.311963701671838844e-01 -2.176899541865365828e-01 -1.750052871662528542e-01
1.952805899943612089e-01 -5.264076486790197906e-02 -4.475159527283094629e-01
1.679975292328888536e-01 -8.414846230145106576e-02 -4.635773931341240495e-01
1.818603902710360098e-01 -6.113616727530599149e-02 -4.481045756424137938e-01
1.171683555977140467e-01 -3.017960956370374648e-01 -1.505964797297454361e-01
1.194004240369239689e-01 -1.066102007859698331e-01 -4.591389746957386109e-01
8.208428863246408635e-02 -1.278232631075888470e-01 -4.639480828755302433e-01
3.799522071439441484e-02 -1.445047213293685351e-01 -4.691376459926432929e-01
7.697349680980652975e-02 -1.051163970992844421e-01 -6.381770146769338847e-01
4.803113778513096177e-02 -1.543998168289981709e-01 -5.707213152148162827e-01
4.489289268751739392e-02 -1.622632165530082382e-01 -5.299908242928623725e-01
4.215750845205744335e-02 -1.532229668640774367e-01 -4.905468287243461845e-01
3.737853537461217901e-02 -1.498834128673245392e-01 -4.592696022522648747e-01
1.188792559151953809e-01 -1.089001753267562211e-01 -4.494903632134230609e-01
1.284475564358663613e-01 -1.157844348100323106e-01 -4.642166860141616613e-01
1.377493178685068043e-01 -1.218591243122255641e-01 -4.836542969245352097e-01
1.471564144791085993e-01 -1.107509433553951483e-01 -5.048224314386313694e-01
2.259684332889568825e-01 -1.348447797665749404e-01 -3.333954107017460533e-01
5.864139621250401557e-01 4.064479284257254132e-01 3.193416169021412454e-02
1.484408144455626744e-01 -8.084351782262150232e-02 -4.476685211871411774e-01
1.577458472758250796e-01 -8.560786972613118606e-02 -4.551813157126667342e-01
8.687179585007520632e-02 -2.294008015994012384e-01 -2.144005587392985301e-01
1.649183490456840318e-01 -1.812647346487454847e-01 -1.893140060355371634e-01
9.507718062729467179e-02 -2.320929927576287355e-01 -2.006563961762471981e-01
2.198292867632782865e-01 -1.585076016289781453e-01 9.083685937238394903e-02
3.016604120543511236e-01 -1.387511637923715124e-01 3.944085425567049608e-02
1.909384706122472797e-01 -2.111476836565803206e-01 -1.077995747107602931e-01
4.271476183054510045e-01 -1.348702754907638024e-01 8.483642333860146323e-01
3.953319088989062369e-01 -1.914191357032895002e-01 7.411705805821491300e-01
3.648184142025372445e-01 -2.375243997586850009e-01 6.474255961378698743e-01
1.975375384258430955e-01 -7.131973551180137427e-02 -5.572402868508161689e-01
1.466640412585820119e-01 -3.022548811151767323e-01 6.079252794974250307e-01
1.572881244530365263e-01 -2.936272180730447046e-01 7.708554758335925960e-01
1.744436528325772895e-01 -2.841657529960216477e-01 9.386921330495860971e-01
3.691895463106091846e-01 -1.058743878224212009e-01 2.744642665317579278e-01
4.822217242834003770e-01 -2.497970505417788922e-02 2.101764681420629222e-01
1.599828587154524251e-01 -1.319456643229001136e-01 3.063355174782598223e-01
4.378909877818446539e-01 -1.015171083752214043e-01 4.195181551492408456e-01
1.334440648613607339e-01 -2.054628816268035951e-01 1.809944332957285074e-01
1.486753997916778758e-01 -3.076785435690694293e-01 -1.033878955691606150e-01
5.420010522645504203e-01 3.701258303181363674e-02 1.619710737965619485e-01
4.492599050192935817e-01 -6.315751156096860441e-02 1.517544711622467180e-01
3.860563273186001787e-01 -1.058455658233921071e-01 1.197215321012454758e-01
2.911806841486508368e-01 -1.280007053306847498e-01 1.331897824165261257e-01
2.212660695472188355e-01 -1.423807978505281513e-01 1.654837632877222964e-01
1.693247431582058371e-01 -1.599461259975408778e-01 1.995742022611287636e-01
6.760962122163186039e-02 -2.713320404445119793e-01 2.746430883463433226e-01
5.340779705842155778e-01 4.395634165249666381e-02 3.703532987447126501e-03
4.733146718208927073e-01 -7.888239533344551524e-02 4.286215576293010976e-01
4.377625321728657870e-02 -3.456899924819616388e-01 -1.959703551764634399e-01
1.650712170708530380e-01 -1.934769773752450517e-01 5.296653686347582712e-02
5.959422942398107104e-01 3.252183378341403364e-01 3.557610960580341875e-01
1.309232560322348693e-01 -1.716528861223325375e-01 2.381490659800339360e-01
1.970040909696211817e-01 -1.602032427582412710e-01 -1.040436389734540334e-01
4.124807284982474620e-01 -7.788601912269221828e-02 3.640511507429470273e-01
1.503197622920300902e-01 -2.948431630210202048e-01 -4.915373039434392521e-02
5.672278319287964443e-01 4.067788295039402868e-01 -1.486177067348979364e-01
1.599987292119390836e-01 -1.220287380731347460e-01 3.361280488250085741e-01
1.084774435985637053e-01 -3.494201569714601163e-01 -1.177208663382100368e-02
4.207943300155372324e-01 1.370608455344184406e-01 -5.562095474781774129e-01
4.212764667211006397e-01 2.382609428777033855e-01 -6.222402220347822421e-01
5.831880568175387136e-01 2.264397275723352143e-01 1.358194653363177518e-02
4.836082709362672372e-01 1.879559824173970828e-01 -4.500789403789373644e-01
5.539517078245304038e-01 8.962019664492035242e-02 4.652903305734026329e-01
2.130760593618332699e-01 8.787963218958378536e-03 -8.060422283818531319e-01
4.182102468721610178e-02 -2.758341547575055008e-01 -2.035195742942753627e-01
2.095873955406299949e-01 -1.687723787453235813e-01 -1.172114194101750440e-03
5.231183502623406589e-01 3.688423577367727635e-02 3.122204993290105257e-01
3.265227835334258977e-01 -1.259665099626134932e-01 3.021258639284125636e-01
2.829184595248468437e-01 -1.366479182734348097e-01 2.961352992376791171e-01
1.784684110815811242e-01 -7.387680143233754659e-02 -4.734010119527392035e-01
5.232881915570448683e-01 8.024852188474820847e-02 -1.413435492965330331e-01
1.231734988158486033e-01 3.719584713220970562e-02 -8.976109481594161110e-01
2.782636208288851165e-01 1.252214796847320732e-01 -7.927340958557320683e-01
3.451494480668138021e-01 1.756952266772249249e-01 -7.235709627540918287e-01
2.396818306357964001e-01 -1.387807462015877569e-01 3.039161739025382225e-01
1.991415058882579081e-01 -1.321596829965416831e-01 3.194195611540873170e-01
1.730365505752964883e-01 -1.219860569852108112e-01 3.281557801488583781e-01
5.055701436092192580e-01 -2.894486981173223505e-02 4.448811245468660136e-01
2.070115428256987800e-01 -1.491902220177396821e-01 3.981520476733898528e-01
2.514803060409027680e-01 -1.618960630110036769e-01 4.260502647226847017e-01
2.974364070528123793e-01 -1.614666765488723676e-01 4.322324023846990659e-01
3.418769860323700449e-01 -1.490229563059274343e-01 4.190387513539082232e-01
3.682975606317206996e-01 -1.308395373235656800e-01 3.969539820395011631e-01
5.835027194588537913e-01 2.202332362781813657e-01 5.160145959285202810e-01
3.560772783369936523e-01 -1.122682110283136359e-01 3.180187688984281724e-01
1.800217073154062319e-01 -1.682015499366531497e-01 -2.981957596675890443e-01
1.419483942770091156e-01 -2.506655289078153492e-01 -1.546188616716375197e-01
8.726371908240759812e-02 -2.169687016670740487e-01 -2.832336939584524371e-01
3.525281949117073932e-01 9.952980789985194088e-02 -6.544628810609505187e-01
2.857452278008045798e-01 5.703434086320713359e-02 -7.305918074430874931e-01
1.215886568096615772e-01 -3.407427483854719164e-02 -8.619910555185028578e-01
4.813153153403169071e-01 3.180981511939929840e-01 -5.019599122755153964e-01
1.747960171015585096e-01 -1.326889039574375984e-01 3.602140813738166081e-01
1.003679142462117202e-01 -2.732753300011774300e-01 1.474449334620638874e-01
2.065013566488425045e-01 7.187461508087658602e-02 -8.540295345738950772e-01
5.649710816694988313e-01 2.398522372885306675e-01 -1.498312968642293574e-01
8.163837709945040433e-02 -1.313778377059736657e-01 -4.535129894654306160e-01
9.058585787067818806e-02 -1.373481128091489367e-01 -4.775387954881760155e-01
9.718916685685535795e-02 -1.439975364676280289e-01 -5.077446739667306197e-01
1.037218262075479402e-01 -1.344507523669868920e-01 -5.430076108997776707e-01
1.436558668178140596e-01 -9.292430251063155122e-02 -6.037230718501143123e-01
1.580310560521531182e-01 -8.611641387818858018e-02 -4.499405717887878797e-01
1.677063926234879099e-01 -8.636571929633174438e-02 -4.455234563363341671e-01
1.761612412857509469e-01 -8.748533911743150426e-02 -4.406118720559699664e-01
2.623361999935660549e-01 -9.031002294157489119e-02 -3.818251527204006290e-01
4.540026652248387862e-01 -1.640046820483292977e-02 -1.950957571525060441e-01
1.001238471054972656e-01 -2.352449107818554985e-01 2.329370460313258118e-01
1.256411157259152422e-01 -1.667444874229974117e-01 3.943546822630195070e-01
1.540939724031888391e-01 -1.450912922273067673e-01 3.890084438838170566e-01
1.488436545215773288e-01 -7.950039055001811850e-02 -4.534174945174829219e-01
4.601355322395850322e-01 8.067665101535922978e-02 -3.599196015531040960e-01
8.123544202688387506e-02 -2.318227460579865840e-01 3.890639815567433768e-01
1.739259647677029452e-01 -5.937274867494257702e-02 -6.697778636920681539e-01
6.520516128348025076e-02 -3.132184751935135347e-01 1.828660173888591034e-01
1.353404052213098563e-01 -2.582850696295478921e-01 2.550104084119294429e-02
9.476623034759826258e-02 -8.482989436784449389e-02 -7.122822776501160913e-01
2.913699456488130224e-01 -1.899245532019860905e-02 -5.342944211861790915e-01
2.371736544275215852e-01 -1.412432487399117864e-01 -1.614353525550339397e-01
2.371070526152940783e-01 -3.674712743157620976e-02 -6.114983891342649081e-01
3.463002729889437248e-01 -1.233868343485775565e-01 -1.459877989662370368e-01
2.794998886291224505e-01 -1.223520368992175866e-01 -2.333393474708674864e-01
3.865934843737035553e-01 -6.695258082903932095e-02 -2.581546807498033003e-01
1.128185776009900665e-01 -6.966215601368669352e-02 -7.966975315587496720e-01
1.653954584275901252e-01 -2.163799435075589583e-01 -1.205032960225817934e-02
3.353437427842123064e-01 3.313209815059658947e-02 -5.831197057187438304e-01
2.693864685962934491e-01 8.310459983896050645e-03 -6.643627095418129791e-01
3.330744336986419807e-01 -2.279145841440162468e-02 -4.451932014113386682e-01
5.083711564860997623e-01 1.137028609398793577e-01 -2.635666136146374017e-01
3.955438753180218203e-01 2.468004076685006987e-02 -4.489385053480947629e-01
5.369544796754017746e-01 2.386526020000777626e-01 -3.034077120176187359e-01
3.151023147069125230e-01 -8.424812437557605005e-02 -3.231227504951352802e-01
1.317952502820095573e-01 -2.306397195123064403e-01 1.014615300887695692e-01
1.321086128671982163e-01 -3.142832347489559197e-01 -1.393631460294026958e-01
1.629512302631185849e-01 -2.572873387567421455e-01 -1.493063119780894121e-01
1.115696270952505897e-01 -3.570585999481918904e-01 -9.452497142686855369e-02
1.671005801548317571e-01 -1.925561696973274728e-01 4.711095698312217639e-01
2.512881920865233099e-01 -2.101804664278856816e-01 5.256532040926988891e-01
3.245221688603936450e-01 -2.085177437009179124e-01 5.343665241772110885e-01
3.828086399386410044e-01 -1.863190400487098053e-01 5.168591654467717955e-01
4.206892828804551510e-01 -1.512959695314857189e-01 4.798796193624774720e-01
4.418430112299922552e-01 -5.523396382277712124e-02 3.427615582188427990e-01
5.892845841696161546e-01 1.960660759450492119e-01 1.701218860632679464e-01
4.041457497900857732e-01 -8.034229120335378838e-02 2.248709607685678291e-01
3.533589836234565240e-01 -1.075637249059392397e-01 1.986857448648262636e-01
2.870025981106716362e-01 -1.271003551397376086e-01 1.991814937511267036e-01
2.239146027584251186e-01 -1.381920660699288428e-01 2.183747506047639675e-01
1.757858994597024105e-01 -1.421500256234083936e-01 2.444835285525772672e-01
1.426242517572207102e-01 -1.475698614970044620e-01 2.692224258154320982e-01
5.930826613489070809e-01 3.833521124582057737e-01 1.981010071939467432e-01
1.623471604642324206e-01 -2.297585293775216142e-01 -1.645232085513003151e-01
1.010737343407331346e-01 -3.040933321834589087e-01 7.066260125866391517e-02
9.727083100968988982e-02 -3.534850062491328160e-01 -1.500024003914524062e-01
7.073239896367111701e-02 -3.279749294712498431e-01 -1.820662319454113831e-01
9.722020854118240685e-02 -3.270202403793878165e-01 -1.584207130000966357e-01
1.491473546929378280e-01 -2.101766634969625125e-01 -1.832651638411245676e-01
6.029807490495198152e-02 -3.401373519158614744e-01 -1.907415402411258842e-01
5.845533039941050446e-02 -2.776913212210458948e-01 -1.987802961897996434e-01
1.424843608121458827e-01 -1.295966591373485244e-01 3.328655239552473777e-01
1.167085281987358392e-01 -1.583123479164065817e-01 3.115647076808614191e-01
1.010662283563051322e-01 -1.926060869467097758e-01 2.952628256763905057e-01
3.828796769677373923e-01 -1.120343235723626485e-01 3.805047908605788676e-01
4.137595912568694523e-01 -1.151604189104603604e-01 4.166102323898266402e-01
-2.655907227672773541e-01 -1.261748623538927472e-01 3.947380755300100574e-01
-2.130820445258869711e-01 -1.310679792614022343e-01 3.933304257713456931e-01
-2.649401550581287346e-01 -1.329621365082334083e-01 4.659323534494368424e-01
-3.188084957728660740e-01 -1.212389662410158220e-01 3.967151054967253954e-01
-2.667139222017813616e-01 -1.193896486658656553e-01 3.243854716752010425e-01
2.876535092308725172e-01 -1.313881119501926209e-01 3.707595452261843727e-01
3.390569435299199963e-01 -1.360457469932941921e-01 3.678723783988402385e-01
2.869119866515963402e-01 -1.382910420410627950e-01 4.447439238274892848e-01
2.358416610732425589e-01 -1.267509589234223633e-01 3.743562880718647179e-01
2.885889118785112117e-01 -1.244985258316388954e-01 2.967075904452444179e-01
