5.012254714965820312e-01 5.442556142807006836e-01 -4.303736612200737000e-02
4.966906905174255371e-01 4.781788289546966553e-01 -5.342881754040718079e-02
5.015327930450439453e-01 5.083330273628234863e-01 -4.138031601905822754e-02
4.934967160224914551e-01 4.317385554313659668e-01 -3.976350650191307068e-02
5.093941688537597656e-01 4.707687795162200928e-01 -6.590804457664489746e-02
5.087500810623168945e-01 4.381575286388397217e-01 -5.468689650297164917e-02
5.109189748764038086e-01 3.888587653636932373e-01 -2.919773198664188385e-02
4.293176829814910889e-01 3.775894939899444580e-01 1.221837569028139114e-02
5.026572346687316895e-01 3.468457758426666260e-01 -2.183919027447700500e-02
5.181562304496765137e-01 3.064749538898468018e-01 -1.107661612331867218e-02
5.210257768630981445e-01 2.498946189880371094e-01 -3.744848072528839111e-05
5.108969807624816895e-01 5.465644001960754395e-01 -3.242812678217887878e-02
4.991245865821838379e-01 5.551290512084960938e-01 -3.271520882844924927e-02
5.077850818634033203e-01 5.622178912162780762e-01 -2.765794098377227783e-02
5.054445862770080566e-01 5.795294046401977539e-01 -2.343113347887992859e-02
5.085550546646118164e-01 5.879992842674255371e-01 -2.138455398380756378e-02
4.944524466991424561e-01 5.912047028541564941e-01 -2.414351701736450195e-02
5.013521313667297363e-01 6.087457537651062012e-01 -2.022074535489082336e-02
4.951814413070678711e-01 6.267811059951782227e-01 -5.719524808228015900e-03
5.066412091255187988e-01 4.953008890151977539e-01 -5.199191719293594360e-02
4.941375851631164551e-01 4.832386970520019531e-01 -3.477165848016738892e-02
3.869796097278594971e-01 3.169048726558685303e-01 6.518491357564926147e-02
4.531972408294677734e-01 3.997308313846588135e-01 1.907970290631055832e-03
4.520241022109985352e-01 3.924304842948913574e-01 6.789204198867082596e-04
4.326924085617065430e-01 3.956862688064575195e-01 9.586704894900321960e-03
4.279947578907012939e-01 3.848496973514556885e-01 7.904020138084888458e-03
4.674292504787445068e-01 3.945147097110748291e-01 5.769709590822458267e-03
4.475593268871307373e-01 3.444520235061645508e-01 5.868012085556983948e-03
4.572297334671020508e-01 3.472610414028167725e-01 6.058309692889451981e-03
4.239347279071807861e-01 3.354097902774810791e-01 4.166745115071535110e-03
4.186117649078369141e-01 3.598883152008056641e-01 5.986473523080348969e-03
4.056620001792907715e-01 3.960621953010559082e-01 2.750859595835208893e-02
4.499819278717041016e-01 6.378069519996643066e-01 -1.076246844604611397e-04
4.182496368885040283e-01 3.762629330158233643e-01 1.041732262820005417e-02
3.802886605262756348e-01 3.789341151714324951e-01 6.268000602722167969e-02
4.044170081615447998e-01 3.771159350872039795e-01 4.264628514647483826e-02
4.480020999908447266e-01 4.721128046512603760e-01 -9.963563643395900726e-03
5.006390810012817383e-01 5.283725261688232422e-01 -3.094155527651309967e-02
4.933509528636932373e-01 5.489224195480346680e-01 -3.297367691993713379e-02
4.677614271640777588e-01 5.397058725357055664e-01 -2.930460125207901001e-02
4.580873548984527588e-01 5.513076186180114746e-01 -2.928486838936805725e-02
4.844616651535034180e-01 5.554574728012084961e-01 -2.439900115132331848e-02
4.771763682365417480e-01 5.530949831008911133e-01 -2.191107906401157379e-02
4.472651183605194092e-01 5.794858336448669434e-01 -1.176705025136470795e-02
4.967642724514007568e-01 4.821467399597167969e-01 -6.304826587438583374e-02
4.966540336608886719e-01 4.694794714450836182e-01 -5.933765694499015808e-02
4.135975539684295654e-01 3.378977179527282715e-01 1.893400028347969055e-02
4.719437658786773682e-01 4.329774677753448486e-01 -7.648825645446777344e-03
4.639534056186676025e-01 4.748818874359130859e-01 -3.744954988360404968e-02
4.735583364963531494e-01 4.639093875885009766e-01 -2.724947035312652588e-02
4.176723659038543701e-01 4.629629850387573242e-01 1.088337134569883347e-02
5.064972639083862305e-01 4.385294020175933838e-01 -5.243092775344848633e-02
4.401861429214477539e-01 3.034445345401763916e-01 3.887383267283439636e-03
4.136858284473419189e-01 3.214518427848815918e-01 8.626188151538372040e-03
4.001393914222717285e-01 2.817825376987457275e-01 5.025696381926536560e-02
4.919447898864746094e-01 3.351300358772277832e-01 -2.466244390234351158e-03
4.790098667144775391e-01 3.472487330436706543e-01 4.519043490290641785e-03
4.438295662403106689e-01 5.655968189239501953e-01 -3.880965057760477066e-03
3.792288005352020264e-01 5.429338812828063965e-01 7.811152189970016479e-02
4.767970442771911621e-01 4.778943061828613281e-01 -2.964807488024234772e-02
4.903392493724822998e-01 4.946211576461791992e-01 -1.043234765529632568e-02
4.470667243003845215e-01 5.633169412612915039e-01 -1.811503432691097260e-03
4.618077278137207031e-01 5.721720457077026367e-01 -8.203505538403987885e-03
4.200027585029602051e-01 3.027602434158325195e-01 1.092243660241365433e-02
4.678575992584228516e-01 4.774255156517028809e-01 -3.000180795788764954e-02
4.686616659164428711e-01 3.184015452861785889e-01 -1.077312789857387543e-02
4.521033465862274170e-01 2.945575416088104248e-01 -1.085199415683746338e-02
4.581045508384704590e-01 2.451895624399185181e-01 1.205885317176580429e-02
4.121366143226623535e-01 2.964351475238800049e-01 2.973845042288303375e-02
4.645226299762725830e-01 2.813633382320404053e-01 -2.798684174194931984e-03
4.073289632797241211e-01 3.232006430625915527e-01 2.367900684475898743e-02
3.926430642604827881e-01 3.266597688198089600e-01 4.285384714603424072e-02
4.921092689037322998e-01 5.425320267677307129e-01 -4.162523895502090454e-02
4.844603240489959717e-01 5.537070035934448242e-01 -2.675533667206764221e-02
4.674013257026672363e-01 5.463524460792541504e-01 -1.657970249652862549e-02
4.887086153030395508e-01 4.970072805881500244e-01 -2.830419130623340607e-02
4.683356285095214844e-01 5.708000063896179199e-01 -6.606867071241140366e-03
4.549131393432617188e-01 5.764732956886291504e-01 -1.327918004244565964e-02
4.686223566532135010e-01 5.651786923408508301e-01 -5.443108268082141876e-03
4.858140647411346436e-01 4.860105514526367188e-01 -4.083110019564628601e-02
4.871039688587188721e-01 5.581187605857849121e-01 -2.051411755383014679e-02
4.796379506587982178e-01 5.571927428245544434e-01 -1.562939211726188660e-02
4.941639900207519531e-01 5.516225695610046387e-01 -1.776500791311264038e-02
4.816299080848693848e-01 6.224882602691650391e-01 -9.748264215886592865e-03
4.784264266490936279e-01 6.077739596366882324e-01 -1.199102587997913361e-02
4.810900986194610596e-01 6.032769083976745605e-01 -2.748422138392925262e-02
4.829482138156890869e-01 5.886806845664978027e-01 -2.413108572363853455e-02
4.847985506057739258e-01 5.787054896354675293e-01 -1.352838892489671707e-02
4.788016378879547119e-01 5.752338767051696777e-01 -4.365072119981050491e-03
4.735757708549499512e-01 5.697250962257385254e-01 -1.441823132336139679e-02
4.707011878490447998e-01 5.919204950332641602e-01 -2.218286693096160889e-02
4.658168554306030273e-01 5.847971439361572266e-01 -2.017381414771080017e-02
4.522549510002136230e-01 5.301219224929809570e-01 -2.121004834771156311e-02
3.758697807788848877e-01 4.619318842887878418e-01 1.161021292209625244e-01
5.084769725799560547e-01 4.970579743385314941e-01 -3.866395354270935059e-02
4.668909013271331787e-01 5.636664628982543945e-01 -1.761151244863867760e-03
4.723403751850128174e-01 5.713647603988647461e-01 -5.097895395010709763e-03
4.943091869354248047e-01 4.993018507957458496e-01 -3.564101085066795349e-02
4.657106995582580566e-01 4.967254996299743652e-01 -1.865974441170692444e-02
4.944746792316436768e-01 5.015716552734375000e-01 -4.132752120494842529e-02
4.607354998588562012e-01 4.383933246135711670e-01 -7.394492626190185547e-03
4.432094991207122803e-01 4.431198835372924805e-01 1.141025684773921967e-03
4.656913876533508301e-01 4.827816188335418701e-01 -2.576046809554100037e-02
4.232119321823120117e-01 2.637382447719573975e-01 3.269064426422119141e-02
4.364746809005737305e-01 2.836506366729736328e-01 1.291908882558345795e-02
4.303871989250183105e-01 3.037293851375579834e-01 1.211653184145689011e-02
4.670194685459136963e-01 6.038213372230529785e-01 4.109208937734365463e-03
4.846363365650177002e-01 3.065633177757263184e-01 -9.313389658927917480e-03
4.721969664096832275e-01 2.847773730754852295e-01 -7.414878346025943756e-03
4.837985634803771973e-01 2.526351213455200195e-01 1.647683093324303627e-03
4.273186028003692627e-01 3.896743953227996826e-01 1.695887930691242218e-02
4.016391932964324951e-01 4.088192582130432129e-01 3.231149166822433472e-02
4.727708101272583008e-01 3.866349160671234131e-01 1.247437484562397003e-02
4.060927927494049072e-01 3.590023219585418701e-01 1.982291229069232941e-02
4.830501377582550049e-01 4.182462394237518311e-01 -1.989292446523904800e-03
4.776400923728942871e-01 4.688821434974670410e-01 -3.483082726597785950e-02
3.839884400367736816e-01 4.199028313159942627e-01 3.613596409559249878e-02
4.097036421298980713e-01 4.200167655944824219e-01 1.567763090133666992e-02
4.194509983062744141e-01 4.337292313575744629e-01 7.020305842161178589e-03
4.435353279113769531e-01 4.210432469844818115e-01 2.803221286740154028e-05
4.563923776149749756e-01 4.206205606460571289e-01 -7.943829521536827087e-03
4.784194827079772949e-01 4.130175411701202393e-01 4.537660162895917892e-03
5.022563934326171875e-01 4.029170870780944824e-01 -1.293584611266851425e-02
3.936561048030853271e-01 4.488813877105712891e-01 3.105873614549636841e-02
3.966637849807739258e-01 3.493979275226593018e-01 2.302508056163787842e-02
5.099581480026245117e-01 4.856945872306823730e-01 -4.906279966235160828e-02
4.696285724639892578e-01 4.421339631080627441e-01 -1.578073203563690186e-02
3.742997646331787109e-01 3.889266550540924072e-01 1.078789234161376953e-01
4.867190122604370117e-01 3.949508368968963623e-01 -1.579705253243446350e-02
4.688848853111267090e-01 4.748511910438537598e-01 -1.929396577179431915e-02
4.168756604194641113e-01 3.690311014652252197e-01 8.861605077981948853e-03
4.746278822422027588e-01 4.524453282356262207e-01 -2.951000444591045380e-02
3.714822530746459961e-01 4.996653199195861816e-01 1.039620712399482727e-01
4.737470746040344238e-01 3.827563226222991943e-01 1.456636376678943634e-02
4.883277714252471924e-01 4.494037926197052002e-01 -4.776474833488464355e-02
4.035260677337646484e-01 5.931044220924377441e-01 3.118403442203998566e-02
4.016056656837463379e-01 6.095092892646789551e-01 4.298790916800498962e-02
3.778284490108489990e-01 4.589697718620300293e-01 7.023469358682632446e-02
3.944828212261199951e-01 5.689566731452941895e-01 4.158547893166542053e-02
3.864575624465942383e-01 3.580718636512756348e-01 6.406933814287185669e-02
4.432643651962280273e-01 6.586129069328308105e-01 -7.498105987906455994e-04
4.990371465682983398e-01 4.868195056915283203e-01 -4.136102646589279175e-02
4.725962579250335693e-01 4.618905186653137207e-01 -1.071417331695556641e-02
3.858874440193176270e-01 3.812535405158996582e-01 4.074278473854064941e-02
4.447618424892425537e-01 3.924258649349212646e-01 2.164729870855808258e-03
4.519754350185394287e-01 3.793418407440185547e-01 7.146786432713270187e-03
4.668306410312652588e-01 5.765548348426818848e-01 -4.664880689233541489e-03
3.960734903812408447e-01 4.867495596408843994e-01 3.586972877383232117e-02
4.660157561302185059e-01 6.946424245834350586e-01 7.812838070094585419e-03
4.351153671741485596e-01 6.511127352714538574e-01 2.270160056650638580e-02
4.204359948635101318e-01 6.316184401512145996e-01 3.738834708929061890e-02
5.175305604934692383e-01 2.903146743774414062e-01 -2.914974465966224670e-03
4.867359399795532227e-01 6.954420804977416992e-01 5.446718540042638779e-03
4.568938612937927246e-01 3.899118304252624512e-01 5.786754190921783447e-03
4.746665656566619873e-01 3.816906809806823730e-01 4.628377500921487808e-03
4.790852963924407959e-01 3.836575746536254883e-01 6.927005946636199951e-03
3.927282691001892090e-01 3.533480167388916016e-01 3.884954005479812622e-02
4.710626006126403809e-01 3.683114945888519287e-01 1.004372630268335342e-02
4.476993381977081299e-01 3.651729822158813477e-01 1.238819584250450134e-02
4.488018751144409180e-01 3.634907305240631104e-01 -4.178863018751144409e-04
4.331826567649841309e-01 3.706235289573669434e-01 1.685203798115253448e-02
4.315992295742034912e-01 3.705973029136657715e-01 1.192525587975978851e-02
3.831500113010406494e-01 3.450883924961090088e-01 7.901393622159957886e-02
4.221736490726470947e-01 3.786579966545104980e-01 1.885197311639785767e-02
5.108077526092529297e-01 5.159325599670410156e-01 -3.856227919459342957e-02
4.678247869014739990e-01 5.157828927040100098e-01 -3.024297766387462616e-02
4.776089787483215332e-01 4.890518188476562500e-01 -3.121958114206790924e-02
4.916180372238159180e-01 5.108447074890136719e-01 -3.551781177520751953e-02
5.153608322143554688e-01 3.663610816001892090e-01 -2.012051828205585480e-02
4.180630445480346680e-01 6.176286339759826660e-01 1.639704592525959015e-02
4.343642294406890869e-01 6.336345076560974121e-01 2.402000874280929565e-02
4.641270041465759277e-01 6.677982807159423828e-01 -1.901993341743946075e-02
3.901412189006805420e-01 5.883469581604003906e-01 8.083616197109222412e-02
4.761747717857360840e-01 3.766219913959503174e-01 1.135646086186170578e-02
4.816893339157104492e-01 4.186698794364929199e-01 -2.132397517561912537e-02
4.999956488609313965e-01 6.801723837852478027e-01 -4.051578696817159653e-03
4.481326043605804443e-01 6.684183478355407715e-01 2.417462505400180817e-02
3.752469420433044434e-01 5.048626661300659180e-01 6.437979638576507568e-02
4.810842275619506836e-01 5.796419978141784668e-01 -1.620900817215442657e-02
4.811837971210479736e-01 5.846018791198730469e-01 -1.761834509670734406e-02
4.707615077495574951e-01 5.879764556884765625e-01 -2.555424347519874573e-02
4.743491113185882568e-01 6.040942072868347168e-01 -1.821294426918029785e-02
4.674126207828521729e-01 6.109827160835266113e-01 -1.720540598034858704e-02
4.657312631607055664e-01 5.520322322845458984e-01 -1.401763595640659332e-02
4.579240679740905762e-01 5.613708496093750000e-01 -1.295250095427036285e-02
4.550387859344482422e-01 5.572810769081115723e-01 -9.266925975680351257e-03
4.521997570991516113e-01 5.324168205261230469e-01 -8.118337951600551605e-03
4.097799062728881836e-01 5.022382736206054688e-01 2.058804966509342194e-02
4.931508600711822510e-01 3.941085040569305420e-01 -1.888372749090194702e-02
4.884358048439025879e-01 3.607675731182098389e-01 5.262289661914110184e-03
4.835457801818847656e-01 3.844713866710662842e-01 5.195421166718006134e-03
4.641638994216918945e-01 5.581148266792297363e-01 -5.868566222488880157e-05
3.965807855129241943e-01 5.473868846893310547e-01 3.565889224410057068e-02
4.970953166484832764e-01 3.625681996345520020e-01 -6.767841055989265442e-03
4.603958129882812500e-01 6.145523190498352051e-01 -2.565312199294567108e-03
5.132225751876831055e-01 4.178697466850280762e-01 -4.869664832949638367e-02
4.921057820320129395e-01 4.109747409820556641e-01 -3.383174911141395569e-02
5.021511912345886230e-01 4.026746451854705811e-01 -4.043250158429145813e-02
4.792335033416748047e-01 4.471880495548248291e-01 -2.651891857385635376e-02
4.910725951194763184e-01 6.643215417861938477e-01 -1.475723646581172943e-02
4.978922605514526367e-01 6.451273560523986816e-01 -1.242019422352313995e-02
4.721103012561798096e-01 6.400852799415588379e-01 -1.039515621960163116e-02
4.335669875144958496e-01 5.861336588859558105e-01 -2.966215834021568298e-03
4.506457746028900146e-01 4.869191050529479980e-01 -7.643949706107378006e-03
4.456133246421813965e-01 6.055254936218261719e-01 3.326361300423741341e-03
4.279530942440032959e-01 4.865478575229644775e-01 -4.612097982317209244e-03
4.461499154567718506e-01 5.173395872116088867e-01 -3.768376773223280907e-03
4.217533767223358154e-01 5.235658288002014160e-01 -2.708161948248744011e-03
4.682371616363525391e-01 6.582272648811340332e-01 -8.996727876365184784e-03
4.785875380039215088e-01 4.493998587131500244e-01 -1.488289982080459595e-02
4.335981011390686035e-01 5.967382788658142090e-01 1.045706961303949356e-02
4.420938193798065186e-01 6.306455135345458984e-01 4.219806753098964691e-03
4.245040416717529297e-01 5.635861158370971680e-01 3.455129452049732208e-03
3.891441226005554199e-01 5.163454413414001465e-01 4.232283309102058411e-02
4.123296737670898438e-01 5.639101862907409668e-01 1.813864335417747498e-02
3.760508000850677490e-01 5.311837196350097656e-01 6.259589642286300659e-02
4.355848133563995361e-01 5.277566909790039062e-01 -3.204660024493932724e-03
4.815706908702850342e-01 4.263092279434204102e-01 -1.208019070327281952e-02
4.760085642337799072e-01 4.708173871040344238e-01 -4.831734672188758850e-02
4.799855053424835205e-01 4.829966127872467041e-01 -3.978752717375755310e-02
4.957287609577178955e-01 4.622326195240020752e-01 -4.554810374975204468e-02
4.807983636856079102e-01 3.543477058410644531e-01 -1.291972585022449493e-03
4.706692993640899658e-01 3.411920070648193359e-01 -7.300084922462701797e-03
4.408630430698394775e-01 3.286685943603515625e-01 -1.030718535184860229e-02
4.411687254905700684e-01 3.397279679775238037e-01 -3.315018257126212120e-03
4.176894426345825195e-01 3.434944152832031250e-01 1.106478646397590637e-02
4.005311727523803711e-01 3.747889101505279541e-01 1.825621724128723145e-02
3.756480216979980469e-01 4.218287765979766846e-01 6.978963315486907959e-02
4.148426055908203125e-01 4.101006090641021729e-01 2.152782119810581207e-02
4.291189312934875488e-01 4.064130187034606934e-01 5.879877135157585144e-04
4.460245966911315918e-01 4.103116989135742188e-01 -1.078146742656826973e-04
4.641441106796264648e-01 4.013109803199768066e-01 6.562582217156887054e-03
4.695438742637634277e-01 4.048593938350677490e-01 2.225300297141075134e-03
4.833687543869018555e-01 3.892746865749359131e-01 4.540367983281612396e-03
3.619427680969238281e-01 4.181697964668273926e-01 1.094246283173561096e-01
4.676879048347473145e-01 4.844482839107513428e-01 -2.923418581485748291e-02
4.884725809097290039e-01 4.339784979820251465e-01 -3.332467004656791687e-02
4.878740906715393066e-01 4.771082401275634766e-01 -5.158941820263862610e-02
4.957773387432098389e-01 4.924967885017395020e-01 -5.105156451463699341e-02
4.783897101879119873e-01 4.850722551345825195e-01 -5.466005951166152954e-02
4.721747636795043945e-01 4.918911457061767578e-01 -2.669284492731094360e-02
4.995431602001190186e-01 4.854832291603088379e-01 -5.409956723451614380e-02
5.002240538597106934e-01 4.935611784458160400e-01 -3.880768269300460815e-02
4.832473397254943848e-01 3.830085694789886475e-01 8.798365481197834015e-03
4.877869188785552979e-01 3.853332698345184326e-01 2.339590108022093773e-03
4.955250322818756104e-01 3.875016272068023682e-01 -1.783843967132270336e-03
4.349129796028137207e-01 3.642463982105255127e-01 9.203108027577400208e-03
4.351853430271148682e-01 3.511890172958374023e-01 2.126095257699489594e-02
5.125029683113098145e-01 4.278799295425415039e-01 -3.436164557933807373e-02
5.953251123428344727e-01 3.965815007686614990e-01 1.974554546177387238e-02
5.068730115890502930e-01 4.906181097030639648e-01 -3.197517618536949158e-02
6.305475234985351562e-01 3.422866165637969971e-01 8.324042707681655884e-02
5.644579529762268066e-01 4.062584638595581055e-01 7.445526774972677231e-03
5.682451128959655762e-01 4.069593548774719238e-01 2.103453502058982849e-03
5.906994342803955078e-01 4.010479748249053955e-01 5.673118401318788528e-03
6.030946969985961914e-01 4.031513929367065430e-01 2.422416768968105316e-02
5.495187640190124512e-01 3.887005746364593506e-01 1.807208359241485596e-02
5.803617238998413086e-01 3.553975224494934082e-01 1.406000647693872452e-02
5.628151893615722656e-01 3.581002056598663330e-01 6.910750176757574081e-03
5.928094387054443359e-01 3.518369197845458984e-01 1.368478126823902130e-02
6.000569462776184082e-01 3.645996153354644775e-01 2.068231627345085144e-02
6.118540763854980469e-01 4.089908897876739502e-01 2.444916591048240662e-02
5.429365634918212891e-01 6.498638391494750977e-01 -6.100682541728019714e-03
5.914909839630126953e-01 3.864549398422241211e-01 2.088083140552043915e-02
6.403787136077880859e-01 4.141578078269958496e-01 7.590633630752563477e-02
6.159311532974243164e-01 3.999347090721130371e-01 3.852938115596771240e-02
5.660027265548706055e-01 4.741396009922027588e-01 -3.613736014813184738e-03
5.239530801773071289e-01 5.440146327018737793e-01 -2.256536483764648438e-02
5.157926678657531738e-01 5.607316493988037109e-01 -3.441159427165985107e-02
5.370777845382690430e-01 5.395188331604003906e-01 -2.748189866542816162e-02
5.313969850540161133e-01 5.584633946418762207e-01 -1.732062548398971558e-02
5.267177224159240723e-01 5.576747059822082520e-01 -3.001416847109794617e-02
5.386040210723876953e-01 5.626214146614074707e-01 -2.372437901794910431e-02
5.367788076400756836e-01 5.937868952751159668e-01 -4.195597022771835327e-03
5.185704827308654785e-01 4.762583971023559570e-01 -6.301593780517578125e-02
5.166711807250976562e-01 4.679667055606842041e-01 -6.445222347974777222e-02
6.091999411582946777e-01 3.463048338890075684e-01 2.697324752807617188e-02
5.344840884208679199e-01 4.322344958782196045e-01 -5.474900826811790466e-03
5.361981391906738281e-01 4.769512414932250977e-01 -3.601188585162162781e-02
5.483265519142150879e-01 4.740958809852600098e-01 -3.264517709612846375e-02
5.956287980079650879e-01 4.737129211425781250e-01 1.585558243095874786e-02
5.189989209175109863e-01 4.463697671890258789e-01 -5.971851199865341187e-02
5.908604860305786133e-01 3.268913924694061279e-01 1.069007720798254013e-02
5.952565073966979980e-01 3.413895368576049805e-01 1.927036605775356293e-02
6.259236335754394531e-01 3.116124570369720459e-01 5.287252366542816162e-02
5.345353484153747559e-01 3.350051641464233398e-01 -1.029889844357967377e-02
5.533073544502258301e-01 3.571069538593292236e-01 5.546167492866516113e-03
5.581136345863342285e-01 5.720203518867492676e-01 9.035146795213222504e-03
6.098852753639221191e-01 5.750195980072021484e-01 9.219279885292053223e-02
5.366777777671813965e-01 4.940116703510284424e-01 -2.136811800301074982e-02
5.174260139465332031e-01 4.927501380443572998e-01 -3.271092101931571960e-02
5.484108328819274902e-01 5.773897767066955566e-01 5.268489476293325424e-04
5.449011325836181641e-01 5.862550735473632812e-01 -2.645894652232527733e-03
6.157633066177368164e-01 3.235005438327789307e-01 1.357430033385753632e-02
5.368040204048156738e-01 4.988028705120086670e-01 -3.151086717844009399e-02
5.641142725944519043e-01 3.295259177684783936e-01 -7.108629681169986725e-03
5.739467144012451172e-01 3.081699609756469727e-01 -8.937058039009571075e-03
5.790896415710449219e-01 2.574354112148284912e-01 1.280276104807853699e-02
6.256997585296630859e-01 3.213917016983032227e-01 2.581297047436237335e-02
5.729544758796691895e-01 2.913263738155364990e-01 3.971100784838199615e-03
6.106025576591491699e-01 3.455663323402404785e-01 3.347068279981613159e-02
6.235947012901306152e-01 3.518888354301452637e-01 4.948933795094490051e-02
5.222575068473815918e-01 5.487787723541259766e-01 -3.088949061930179596e-02
5.298511981964111328e-01 5.559856295585632324e-01 -2.662358060479164124e-02
5.423122048377990723e-01 5.596361160278320312e-01 -1.847834698855876923e-02
5.300319194793701172e-01 4.934026598930358887e-01 -3.547760471701622009e-02
5.450502038002014160e-01 5.788621306419372559e-01 6.338244304060935974e-03
5.355234742164611816e-01 5.806674957275390625e-01 -1.678707310929894447e-03
5.336047410964965820e-01 5.679913759231567383e-01 -5.124696996062994003e-03
5.267304778099060059e-01 4.850774705410003662e-01 -4.532208666205406189e-02
5.356168150901794434e-01 5.594874620437622070e-01 -1.089330855756998062e-02
5.250092148780822754e-01 5.518756508827209473e-01 -2.218985930085182190e-02
5.136036872863769531e-01 5.499947667121887207e-01 -3.907328844070434570e-02
5.189183950424194336e-01 6.263309121131896973e-01 -7.873596623539924622e-03
5.117208957672119141e-01 6.081136465072631836e-01 -2.140900865197181702e-02
5.161249637603759766e-01 5.967270135879516602e-01 -2.660934254527091980e-02
5.077690482139587402e-01 5.914368033409118652e-01 -3.295075893402099609e-02
5.129502415657043457e-01 5.791485905647277832e-01 -2.390504069626331329e-02
5.332995653152465820e-01 5.836310982704162598e-01 -1.817919500172138214e-02
5.264905095100402832e-01 5.704788565635681152e-01 -7.550120353698730469e-03
5.355903506278991699e-01 5.859107375144958496e-01 -1.244265865534543991e-02
5.379300117492675781e-01 5.927398800849914551e-01 -1.634490303695201874e-02
5.480445027351379395e-01 5.465080738067626953e-01 -1.630752906203269958e-02
6.292063593864440918e-01 4.888352751731872559e-01 1.189821735024452209e-01
5.333299040794372559e-01 5.704872012138366699e-01 -8.035842329263687134e-03
5.424941182136535645e-01 5.876930952072143555e-01 -5.839400924742221832e-03
5.165570974349975586e-01 5.015153288841247559e-01 -2.355698868632316589e-02
5.338426828384399414e-01 4.955711364746093750e-01 -2.095506526529788971e-02
5.194629430770874023e-01 4.985314011573791504e-01 -2.276103757321834564e-02
5.621195435523986816e-01 4.409808814525604248e-01 4.001199267804622650e-03
5.657237172126770020e-01 4.561490416526794434e-01 3.333111526444554329e-04
5.383305549621582031e-01 4.849522709846496582e-01 -2.160524204373359680e-02
6.065153479576110840e-01 2.749719023704528809e-01 2.904150262475013733e-02
5.969573855400085449e-01 2.939905524253845215e-01 2.375860325992107391e-02
5.872970819473266602e-01 3.170107901096343994e-01 9.304387494921684265e-03
5.506308078765869141e-01 6.013485193252563477e-01 3.190031740814447403e-03
5.390523672103881836e-01 3.247803151607513428e-01 -1.535567827522754669e-02
5.489381551742553711e-01 2.882482409477233887e-01 -1.293668430298566818e-02
5.553565025329589844e-01 2.558797895908355713e-01 6.014353130012750626e-03
5.908833742141723633e-01 4.048169851303100586e-01 1.885127834975719452e-02
6.104539632797241211e-01 4.241296648979187012e-01 2.816423401236534119e-02
5.432933568954467773e-01 3.891827464103698730e-01 2.092981338500976562e-02
5.965899825096130371e-01 3.730329573154449463e-01 3.133137524127960205e-02
5.252097249031066895e-01 4.146662950515747070e-01 -5.471096374094486237e-04
5.318547487258911133e-01 4.742045104503631592e-01 -3.809853643178939819e-02
6.313912272453308105e-01 4.437461197376251221e-01 4.462559521198272705e-02
5.996424555778503418e-01 4.355234801769256592e-01 1.268072426319122314e-02
5.856978297233581543e-01 4.340750873088836670e-01 2.377576194703578949e-02
5.729058980941772461e-01 4.376573264598846436e-01 3.541328944265842438e-03
5.546147823333740234e-01 4.227850437164306641e-01 1.556763891130685806e-03
5.476291179656982422e-01 4.107895195484161377e-01 -1.415373990312218666e-03
5.171019434928894043e-01 3.941307663917541504e-01 -2.610173448920249939e-02
6.175547838211059570e-01 4.828820824623107910e-01 5.107755959033966064e-02
6.199187040328979492e-01 3.810673058032989502e-01 2.256937697529792786e-02
5.146413445472717285e-01 4.890772700309753418e-01 -5.168691650032997131e-02
5.297536849975585938e-01 4.494154751300811768e-01 -1.304376590996980667e-02
6.205686330795288086e-01 4.046519994735717773e-01 1.049986258149147034e-01
5.366254448890686035e-01 3.998138010501861572e-01 4.259814508259296417e-03
5.437992811203002930e-01 4.823438525199890137e-01 -6.792823784053325653e-03
6.037408113479614258e-01 3.955555856227874756e-01 2.423283271491527557e-02
5.346813797950744629e-01 4.690340161323547363e-01 -3.820170462131500244e-02
6.276665925979614258e-01 5.369384884834289551e-01 1.211610138416290283e-01
5.398555994033813477e-01 3.978011608123779297e-01 5.456913262605667114e-03
5.307836532592773438e-01 4.544144272804260254e-01 -5.109111964702606201e-02
5.848186016082763672e-01 6.066480278968811035e-01 3.837301582098007202e-02
5.893584489822387695e-01 6.321254372596740723e-01 5.981878191232681274e-02
6.306554079055786133e-01 4.782981574535369873e-01 7.862283289432525635e-02
6.064352393150329590e-01 5.837608575820922852e-01 6.499458104372024536e-02
6.306502223014831543e-01 3.702369332313537598e-01 7.005149871110916138e-02
5.450264811515808105e-01 6.616165041923522949e-01 7.965198718011379242e-03
5.063133835792541504e-01 4.919838011264801025e-01 -4.308357834815979004e-02
5.452899932861328125e-01 4.718855321407318115e-01 -1.056725718080997467e-02
6.194507479667663574e-01 4.078844189643859863e-01 5.992526561021804810e-02
5.856362581253051758e-01 4.032445251941680908e-01 2.219765074551105499e-02
5.680670142173767090e-01 3.966345489025115967e-01 3.723668865859508514e-03
5.311396718025207520e-01 5.734465122222900391e-01 -1.062545226886868477e-03
6.137493252754211426e-01 5.056657195091247559e-01 3.425611183047294617e-02
5.084083080291748047e-01 6.925272941589355469e-01 1.464781118556857109e-03
5.549904108047485352e-01 6.760013103485107422e-01 2.893873676657676697e-02
5.697109103202819824e-01 6.447769999504089355e-01 4.021556302905082703e-02
5.597380399703979492e-01 3.952619135379791260e-01 3.733293153345584869e-03
5.545647740364074707e-01 3.935982584953308105e-01 5.303511396050453186e-03
5.507393479347229004e-01 3.786360919475555420e-01 4.964774008840322495e-03
6.224998235702514648e-01 3.631256818771362305e-01 4.401779547333717346e-02
5.503809452056884766e-01 3.852037191390991211e-01 9.611535817384719849e-03
5.632411837577819824e-01 3.653835058212280273e-01 7.122753653675317764e-03
5.686453580856323242e-01 3.703388571739196777e-01 8.571702986955642700e-03
5.861505270004272461e-01 3.743572235107421875e-01 1.517977099865674973e-02
5.821574330329895020e-01 3.850832283496856689e-01 2.001901157200336456e-02
6.353377103805541992e-01 3.632441461086273193e-01 9.747660160064697266e-02
5.800431966781616211e-01 3.896401822566986084e-01 1.310709677636623383e-02
5.523154735565185547e-01 5.183975696563720703e-01 -1.831995882093906403e-02
5.387077331542968750e-01 4.921752810478210449e-01 -2.314367145299911499e-02
5.180603861808776855e-01 5.174990296363830566e-01 -3.309113532304763794e-02
5.744362473487854004e-01 6.296352744102478027e-01 2.128275670111179352e-02
5.518288612365722656e-01 6.413980126380920410e-01 1.965037733316421509e-02
5.163490176200866699e-01 6.779538989067077637e-01 -4.408050328493118286e-03
5.932947397232055664e-01 6.043622493743896484e-01 8.641531318426132202e-02
5.489426255226135254e-01 3.831144273281097412e-01 6.979027763009071350e-03
5.302567481994628906e-01 4.243803024291992188e-01 -2.316577360033988953e-02
5.383821725845336914e-01 6.778149008750915527e-01 1.719230413436889648e-02
6.216308474540710449e-01 5.246255397796630859e-01 6.433443725109100342e-02
5.163869857788085938e-01 5.799278020858764648e-01 -1.405005715787410736e-02
5.233725905418395996e-01 5.927417278289794922e-01 -1.856872066855430603e-02
5.273318290710449219e-01 5.950883626937866211e-01 -1.797062344849109650e-02
5.275229215621948242e-01 6.065886020660400391e-01 -1.279829908162355423e-02
5.377961397171020508e-01 6.177908182144165039e-01 -1.225385442376136780e-02
5.456020236015319824e-01 5.702953338623046875e-01 -6.773576606065034866e-03
5.384788513183593750e-01 5.627926588058471680e-01 1.321339048445224762e-03
5.484744906425476074e-01 5.705460906028747559e-01 -5.984842311590909958e-03
5.573686361312866211e-01 5.501456856727600098e-01 -2.795784035697579384e-03
5.916579961776733398e-01 5.179658532142639160e-01 2.363038063049316406e-02
5.222340226173400879e-01 4.150080978870391846e-01 -9.158680215477943420e-03
5.401812791824340820e-01 3.760689496994018555e-01 1.132331229746341705e-02
5.423241853713989258e-01 3.746582269668579102e-01 1.033955998718738556e-02
5.353209376335144043e-01 5.738077759742736816e-01 -1.501199603080749512e-02
6.020914316177368164e-01 5.632071495056152344e-01 2.929834090173244476e-02
5.223820805549621582e-01 3.630673289299011230e-01 -7.340124342590570450e-03
5.364205837249755859e-01 6.311261057853698730e-01 -6.301974412053823471e-03
5.201860070228576660e-01 4.173049628734588623e-01 -2.153652533888816833e-02
5.362159609794616699e-01 4.467683136463165283e-01 -1.884389668703079224e-02
5.231927633285522461e-01 6.426473855972290039e-01 -1.649368554353713989e-02
5.603469014167785645e-01 5.970553755760192871e-01 5.808502435684204102e-03
5.551747679710388184e-01 4.932700693607330322e-01 -1.323385396972298622e-03
5.463398098945617676e-01 6.129848957061767578e-01 -1.442981068976223469e-03
5.805100798606872559e-01 4.990907013416290283e-01 5.592648871243000031e-03
5.634675025939941406e-01 5.237310528755187988e-01 6.136362440884113312e-03
5.784607529640197754e-01 5.200474262237548828e-01 -3.584143007174134254e-03
5.140428543090820312e-01 6.623916625976562500e-01 -1.711466535925865173e-02
5.371190905570983887e-01 4.579503238201141357e-01 -2.561798505485057831e-02
5.750943422317504883e-01 6.147348880767822266e-01 2.423993684351444244e-02
5.536031723022460938e-01 6.257524490356445312e-01 6.481537129729986191e-04
5.720951557159423828e-01 5.737147927284240723e-01 5.442431196570396423e-03
6.075350642204284668e-01 5.385503768920898438e-01 4.626503959298133850e-02
5.896649360656738281e-01 5.774706602096557617e-01 9.168449789285659790e-03
6.113118529319763184e-01 5.520700216293334961e-01 6.615298986434936523e-02
5.714999437332153320e-01 5.469323396682739258e-01 -1.018436998128890991e-02
5.336101651191711426e-01 4.438821375370025635e-01 -2.910662442445755005e-02
5.286350250244140625e-01 4.796034097671508789e-01 -6.000664085149765015e-02
5.261382460594177246e-01 4.936872124671936035e-01 -2.866499498486518860e-02
5.320382118225097656e-01 4.629321992397308350e-01 -4.490850865840911865e-02
5.434988737106323242e-01 3.582688271999359131e-01 7.390704937279224396e-03
5.549710988998413086e-01 3.414419293403625488e-01 2.943563275039196014e-03
5.853672623634338379e-01 3.413739502429962158e-01 9.250409202650189400e-04
6.007810235023498535e-01 3.431029021739959717e-01 5.226632580161094666e-03
6.047491431236267090e-01 3.557927608489990234e-01 1.000036019831895828e-02
6.027493476867675781e-01 3.840771317481994629e-01 3.350179269909858704e-02
6.323181390762329102e-01 4.493791460990905762e-01 7.966236770153045654e-02
6.012217402458190918e-01 4.186337888240814209e-01 2.008530870079994202e-02
5.940104722976684570e-01 4.305812120437622070e-01 1.758997514843940735e-02
5.686359405517578125e-01 4.171023070812225342e-01 6.579812616109848022e-03
5.522140860557556152e-01 4.089221954345703125e-01 1.114028226584196091e-02
5.423446297645568848e-01 4.051542282104492188e-01 5.570476874709129333e-03
5.415548682212829590e-01 4.003121256828308105e-01 9.327875450253486633e-03
6.386766433715820312e-01 4.505401849746704102e-01 1.124428734183311462e-01
5.366902351379394531e-01 4.989928901195526123e-01 -2.441726997494697571e-02
5.207550525665283203e-01 4.286486804485321045e-01 -3.204791992902755737e-02
5.249733924865722656e-01 4.757368564605712891e-01 -5.423907935619354248e-02
5.131113529205322266e-01 4.850847423076629639e-01 -4.397225379943847656e-02
5.324923992156982422e-01 4.835910201072692871e-01 -4.931547120213508606e-02
5.311763882637023926e-01 4.948478639125823975e-01 -1.111930888146162033e-02
5.215957760810852051e-01 4.970447421073913574e-01 -5.213233456015586853e-02
5.125911235809326172e-01 4.943582117557525635e-01 -4.271576553583145142e-02
5.355036854743957520e-01 3.886348605155944824e-01 1.796501688659191132e-02
5.376729369163513184e-01 3.832208216190338135e-01 5.701652728021144867e-03
5.321749448776245117e-01 3.887667953968048096e-01 -1.090295705944299698e-02
5.890775322914123535e-01 3.888681232929229736e-01 2.281595952808856964e-02
6.043962240219116211e-01 3.721450269222259521e-01 1.997692137956619263e-02
4.502370357513427734e-01 3.737216591835021973e-01 8.051406592130661011e-03
4.561376571655273438e-01 3.738721311092376709e-01 7.400622591376304626e-03
4.435426294803619385e-01 3.529454171657562256e-01 1.921934634447097778e-02
4.325289130210876465e-01 3.682726621627807617e-01 1.184232905507087708e-02
4.501245319843292236e-01 3.836640417575836182e-01 8.832797408103942871e-03
5.721495151519775391e-01 3.770819902420043945e-01 8.523736149072647095e-03
5.903086066246032715e-01 3.904144465923309326e-01 1.521614845842123032e-02
5.807591676712036133e-01 3.662348985671997070e-01 1.585949398577213287e-02
5.581977367401123047e-01 3.805024623870849609e-01 1.810501515865325928e-02
5.762260556221008301e-01 3.980060815811157227e-01 2.146362513303756714e-02
