5.040014386177062988e-01 5.394529104232788086e-01 -4.864884540438652039e-02
4.902483224868774414e-01 4.698725640773773193e-01 -4.828108474612236023e-02
4.972764849662780762e-01 5.034764409065246582e-01 -4.097205400466918945e-02
4.939832091331481934e-01 4.280931353569030762e-01 -3.520922735333442688e-02
5.117412805557250977e-01 4.741818606853485107e-01 -6.313560903072357178e-02
5.086402893066406250e-01 4.407048821449279785e-01 -4.698531329631805420e-02
5.129981040954589844e-01 3.839519023895263672e-01 -3.210849687457084656e-02
4.272249042987823486e-01 3.770415782928466797e-01 1.385464426130056381e-02
4.969755113124847412e-01 3.420892059803009033e-01 -2.783339098095893860e-02
5.253162384033203125e-01 2.965428233146667480e-01 -1.309737376868724823e-02
5.274662971496582031e-01 2.415278255939483643e-01 4.706216976046562195e-03
5.162813663482666016e-01 5.450252890586853027e-01 -3.876798972487449646e-02
4.984609186649322510e-01 5.560075640678405762e-01 -3.059094399213790894e-02
5.019468069076538086e-01 5.647504925727844238e-01 -2.528994902968406677e-02
5.019165277481079102e-01 5.699791908264160156e-01 -2.263136021792888641e-02
5.105473995208740234e-01 5.823293328285217285e-01 -2.826644666492938995e-02
5.003382563591003418e-01 5.811190009117126465e-01 -2.859421633183956146e-02
5.026433467864990234e-01 6.080635190010070801e-01 -2.426404878497123718e-02
4.933198690414428711e-01 6.202943921089172363e-01 -7.447262294590473175e-03
5.048326849937438965e-01 4.882113635540008545e-01 -5.170666426420211792e-02
4.883240163326263428e-01 4.826601743698120117e-01 -3.241589292883872986e-02
3.873446285724639893e-01 3.148171901702880859e-01 6.408543884754180908e-02
4.512862265110015869e-01 4.018662273883819580e-01 6.233411841094493866e-04
4.482229948043823242e-01 3.924237787723541260e-01 -1.686080126091837883e-03
4.327420592308044434e-01 3.907858729362487793e-01 1.459529250860214233e-02
4.319296479225158691e-01 3.840698003768920898e-01 1.566990651190280914e-02
4.644168913364410400e-01 3.901809453964233398e-01 7.735906634479761124e-03
4.473690688610076904e-01 3.503159284591674805e-01 1.254234835505485535e-02
4.508624076843261719e-01 3.530777990818023682e-01 8.980061858892440796e-03
4.272460937500000000e-01 3.313366770744323730e-01 -5.752905271947383881e-04
4.137754738330841064e-01 3.623754680156707764e-01 3.881252370774745941e-03
3.933180570602416992e-01 3.922733366489410400e-01 3.513213247060775757e-02
4.506510794162750244e-01 6.411992907524108887e-01 1.488196081481873989e-03
4.204367101192474365e-01 3.714612126350402832e-01 1.074054464697837830e-02
3.802799284458160400e-01 3.788979649543762207e-01 6.838528811931610107e-02
4.050004482269287109e-01 3.763107657432556152e-01 4.685978218913078308e-02
4.430735707283020020e-01 4.702354669570922852e-01 -1.205727923661470413e-02
5.001124143600463867e-01 5.282247662544250488e-01 -2.733614854514598846e-02
4.920426309108734131e-01 5.430082082748413086e-01 -3.385575860738754272e-02
4.637494087219238281e-01 5.304135680198669434e-01 -3.445906937122344971e-02
4.632872641086578369e-01 5.483322739601135254e-01 -2.884995751082897186e-02
4.858483374118804932e-01 5.551295280456542969e-01 -2.612010389566421509e-02
4.741586446762084961e-01 5.504771471023559570e-01 -2.147513069212436676e-02
4.492676556110382080e-01 5.788203477859497070e-01 -1.514226198196411133e-02
4.939150810241699219e-01 4.767055809497833252e-01 -7.008159160614013672e-02
4.969302415847778320e-01 4.661348164081573486e-01 -6.022224947810173035e-02
4.121130406856536865e-01 3.367415666580200195e-01 2.775290980935096741e-02
4.674650430679321289e-01 4.370391368865966797e-01 -5.953580141067504883e-03
4.600310325622558594e-01 4.735234677791595459e-01 -3.515029698610305786e-02
4.700697362422943115e-01 4.558867216110229492e-01 -2.186656743288040161e-02
4.104052186012268066e-01 4.660041034221649170e-01 1.286095660179853439e-02
5.016747117042541504e-01 4.266960322856903076e-01 -4.460879415273666382e-02
4.355345964431762695e-01 2.965847551822662354e-01 6.146859377622604370e-04
4.119576811790466309e-01 3.200650811195373535e-01 1.149512734264135361e-02
4.020152390003204346e-01 2.772106826305389404e-01 5.371885746717453003e-02
4.900194108486175537e-01 3.321941494941711426e-01 5.850123241543769836e-03
4.730265736579895020e-01 3.380926251411437988e-01 -1.777464523911476135e-03
4.417303204536437988e-01 5.673811435699462891e-01 -6.117092911154031754e-03
3.709376752376556396e-01 5.457248091697692871e-01 7.976435869932174683e-02
4.767244756221771240e-01 4.697946906089782715e-01 -3.008671663701534271e-02
4.926303923130035400e-01 4.906749129295349121e-01 -7.223245687782764435e-03
4.468431472778320312e-01 5.571339130401611328e-01 -6.963348947465419769e-03
4.638710021972656250e-01 5.665919780731201172e-01 -4.240012727677822113e-03
4.202096164226531982e-01 2.997106313705444336e-01 1.225173939019441605e-02
4.671272933483123779e-01 4.809519052505493164e-01 -2.687005698680877686e-02
4.750855565071105957e-01 3.244092166423797607e-01 -1.044687815010547638e-02
4.536522626876831055e-01 2.957076430320739746e-01 -7.389359176158905029e-03
4.638398885726928711e-01 2.361285984516143799e-01 1.851306296885013580e-02
4.134800434112548828e-01 2.943453490734100342e-01 2.778975106775760651e-02
4.659883677959442139e-01 2.860867977142333984e-01 3.885572543367743492e-03
4.063327014446258545e-01 3.241919279098510742e-01 2.253950946033000946e-02
3.908157050609588623e-01 3.242047131061553955e-01 4.059288278222084045e-02
4.854305386543273926e-01 5.457677841186523438e-01 -4.595291614532470703e-02
4.887185692787170410e-01 5.565428733825683594e-01 -2.465226873755455017e-02
4.694376885890960693e-01 5.436848402023315430e-01 -1.517313811928033829e-02
4.912182390689849854e-01 4.972213506698608398e-01 -2.440959401428699493e-02
4.607938230037689209e-01 5.723565816879272461e-01 -2.916903933510184288e-03
4.555107355117797852e-01 5.790448188781738281e-01 -1.514977682381868362e-02
4.636197090148925781e-01 5.632120370864868164e-01 -8.548256941139698029e-03
4.909707903861999512e-01 4.810561537742614746e-01 -4.121315851807594299e-02
4.937179982662200928e-01 5.515964031219482422e-01 -2.489710785448551178e-02
4.835082590579986572e-01 5.574624538421630859e-01 -1.562312617897987366e-02
4.923330545425415039e-01 5.468249917030334473e-01 -1.241888850927352905e-02
4.837083518505096436e-01 6.247940659523010254e-01 -8.486452512443065643e-03
4.808827340602874756e-01 6.047253012657165527e-01 -1.362148486077785492e-02
4.769078791141510010e-01 5.978619456291198730e-01 -2.775962650775909424e-02
4.843038618564605713e-01 5.824161171913146973e-01 -2.799245715141296387e-02
4.835959970951080322e-01 5.689118504524230957e-01 -1.334243733435869217e-02
4.805698394775390625e-01 5.696909427642822266e-01 -5.639974493533372879e-03
4.801150560379028320e-01 5.587012171745300293e-01 -2.010282874107360840e-02
4.736758172512054443e-01 5.851622223854064941e-01 -1.641173660755157471e-02
4.601068496704101562e-01 5.837654471397399902e-01 -2.198470756411552429e-02
4.475797414779663086e-01 5.335937738418579102e-01 -2.055396139621734619e-02
3.659489750862121582e-01 4.542875885963439941e-01 1.129774749279022217e-01
5.015496015548706055e-01 4.956772029399871826e-01 -3.639610856771469116e-02
4.608320593833923340e-01 5.595971345901489258e-01 -2.340135863050818443e-03
4.670864939689636230e-01 5.706527233123779297e-01 -9.949129074811935425e-03
4.879010319709777832e-01 4.930646717548370361e-01 -3.437798842787742615e-02
4.636308550834655762e-01 4.968832731246948242e-01 -1.365718990564346313e-02
4.933036267757415771e-01 4.956240653991699219e-01 -4.941119998693466187e-02
4.567598402500152588e-01 4.407083988189697266e-01 -1.076927036046981812e-02
4.402207732200622559e-01 4.423478543758392334e-01 7.183291949331760406e-03
4.577609300613403320e-01 4.860360026359558105e-01 -2.556554600596427917e-02
4.234567582607269287e-01 2.603914737701416016e-01 3.310043364763259888e-02
4.399619400501251221e-01 2.824568748474121094e-01 1.743412576615810394e-02
4.298088550567626953e-01 3.013240993022918701e-01 2.014488168060779572e-02
4.703071415424346924e-01 6.000257134437561035e-01 1.142988726496696472e-02
4.871444702148437500e-01 3.094206750392913818e-01 -9.085861966013908386e-03
4.678930342197418213e-01 2.775162458419799805e-01 -4.515257664024829865e-03
4.820356965065002441e-01 2.606118023395538330e-01 4.630750045180320740e-03
4.248643219470977783e-01 3.888212442398071289e-01 1.825695671141147614e-02
3.992454111576080322e-01 4.092015326023101807e-01 3.708756715059280396e-02
4.648408293724060059e-01 3.876929581165313721e-01 1.139461807906627655e-02
4.058479964733123779e-01 3.564722239971160889e-01 1.721458323299884796e-02
4.816701412200927734e-01 4.159206748008728027e-01 2.115288283675909042e-03
4.792078733444213867e-01 4.683660566806793213e-01 -3.817585110664367676e-02
3.904698789119720459e-01 4.139334857463836670e-01 3.915696591138839722e-02
4.030616581439971924e-01 4.238903522491455078e-01 1.443004608154296875e-02
4.178190827369689941e-01 4.336530864238739014e-01 3.193419659510254860e-03
4.433706104755401611e-01 4.227871894836425781e-01 3.980487119406461716e-03
4.576054513454437256e-01 4.221871793270111084e-01 -1.164407283067703247e-02
4.715323448181152344e-01 4.034277200698852539e-01 -2.512345090508460999e-04
5.085249543190002441e-01 4.020383954048156738e-01 -6.982718594372272491e-03
3.885267674922943115e-01 4.449883997440338135e-01 3.364043682813644409e-02
3.924688696861267090e-01 3.514626920223236084e-01 2.722788602113723755e-02
5.154834985733032227e-01 4.869993925094604492e-01 -4.814317449927330017e-02
4.668634235858917236e-01 4.384829998016357422e-01 -1.057009771466255188e-02
3.675694465637207031e-01 3.856174051761627197e-01 1.070704013109207153e-01
4.866330325603485107e-01 3.903972506523132324e-01 -1.493477821350097656e-02
4.679883718490600586e-01 4.725302159786224365e-01 -2.069059200584888458e-02
4.154729247093200684e-01 3.705759942531585693e-01 1.421347260475158691e-02
4.779176115989685059e-01 4.539535939693450928e-01 -2.399335801601409912e-02
3.696567118167877197e-01 5.037137866020202637e-01 1.109029278159141541e-01
4.791508316993713379e-01 3.746350407600402832e-01 1.175426878035068512e-02
4.821672737598419189e-01 4.505121409893035889e-01 -4.778103530406951904e-02
4.024306237697601318e-01 5.886638760566711426e-01 2.582354471087455750e-02
4.038053154945373535e-01 6.038916707038879395e-01 4.010144993662834167e-02
3.805488944053649902e-01 4.522002935409545898e-01 7.609616965055465698e-02
3.885836303234100342e-01 5.659886598587036133e-01 4.518694803118705750e-02
3.849109411239624023e-01 3.566200435161590576e-01 6.982084363698959351e-02
4.442316889762878418e-01 6.478075385093688965e-01 -1.514221634715795517e-02
5.034712553024291992e-01 4.761314094066619873e-01 -3.970035165548324585e-02
4.662559628486633301e-01 4.613176882266998291e-01 -6.224595010280609131e-03
3.840590715408325195e-01 3.809026479721069336e-01 4.213422909379005432e-02
4.431096613407135010e-01 3.920447230339050293e-01 8.427028544247150421e-03
4.550000727176666260e-01 3.760687112808227539e-01 5.472095217555761337e-03
4.734232127666473389e-01 5.670289993286132812e-01 -8.458665572106838226e-03
3.956948220729827881e-01 4.911405146121978760e-01 3.775605559349060059e-02
4.607411026954650879e-01 6.884235739707946777e-01 5.754391662776470184e-03
4.312152862548828125e-01 6.457503437995910645e-01 2.398745156824588776e-02
4.209085106849670410e-01 6.245139837265014648e-01 3.798147290945053101e-02
5.170994997024536133e-01 2.861975133419036865e-01 3.079822286963462830e-03
4.833700656890869141e-01 6.931237578392028809e-01 4.629961680620908737e-03
4.527498483657836914e-01 3.917369246482849121e-01 7.723312824964523315e-03
4.773243963718414307e-01 3.794342875480651855e-01 6.213127169758081436e-03
4.789748787879943848e-01 3.804892897605895996e-01 5.648288875818252563e-03
3.883891403675079346e-01 3.536826074123382568e-01 3.542270138859748840e-02
4.758000075817108154e-01 3.704271912574768066e-01 1.489260420203208923e-02
4.442833960056304932e-01 3.668498098850250244e-01 1.030601561069488525e-02
4.425410032272338867e-01 3.564941287040710449e-01 4.982711747288703918e-03
4.290967881679534912e-01 3.704685270786285400e-01 1.925326511263847351e-02
4.274334609508514404e-01 3.731976747512817383e-01 1.835377328097820282e-02
3.861957192420959473e-01 3.451330363750457764e-01 7.973392307758331299e-02
4.213975369930267334e-01 3.770593106746673584e-01 3.462286666035652161e-02
5.068227052688598633e-01 5.175602436065673828e-01 -4.536441713571548462e-02
4.702542424201965332e-01 5.096510648727416992e-01 -2.919331006705760956e-02
4.726651906967163086e-01 4.918149113655090332e-01 -3.529236093163490295e-02
4.874932765960693359e-01 5.138923525810241699e-01 -3.956462070345878601e-02
5.104932785034179688e-01 3.655853569507598877e-01 -1.780544407665729523e-02
4.146533012390136719e-01 6.156263351440429688e-01 1.343608088791370392e-02
4.312073290348052979e-01 6.304932236671447754e-01 2.285658009350299835e-02
4.564648270606994629e-01 6.600944995880126953e-01 -2.235852368175983429e-02
3.894095122814178467e-01 5.816461443901062012e-01 8.764269948005676270e-02
4.752519130706787109e-01 3.778253495693206787e-01 1.587093248963356018e-02
4.742659032344818115e-01 4.177157878875732422e-01 -2.241666428744792938e-02
5.012398362159729004e-01 6.760014295578002930e-01 -4.442228469997644424e-03
4.513074159622192383e-01 6.669117808341979980e-01 2.127583324909210205e-02
3.747756481170654297e-01 5.036227703094482422e-01 6.671418249607086182e-02
4.805724024772644043e-01 5.733309984207153320e-01 -2.048088982701301575e-02
4.792628586292266846e-01 5.839689970016479492e-01 -2.141878567636013031e-02
4.764479100704193115e-01 5.809734463691711426e-01 -2.567381784319877625e-02
4.740528464317321777e-01 6.047376394271850586e-01 -2.566894516348838806e-02
4.623179435729980469e-01 6.091322898864746094e-01 -1.870662346482276917e-02
4.675799012184143066e-01 5.577972531318664551e-01 -2.348192594945430756e-02
4.617023468017578125e-01 5.658000707626342773e-01 -1.265352964401245117e-02
4.565635919570922852e-01 5.567150115966796875e-01 -1.048867590725421906e-02
4.534415006637573242e-01 5.260528326034545898e-01 -1.003324147313833237e-02
4.098781645298004150e-01 5.027823448181152344e-01 2.579570002853870392e-02
4.933009743690490723e-01 3.903639018535614014e-01 -1.931621879339218140e-02
4.922142624855041504e-01 3.656033575534820557e-01 5.292956251651048660e-03
4.788543879985809326e-01 3.870577216148376465e-01 3.669363446533679962e-03
4.665044248104095459e-01 5.584055185317993164e-01 1.706304727122187614e-03
3.984482586383819580e-01 5.467364192008972168e-01 3.600025177001953125e-02
4.933012425899505615e-01 3.605047762393951416e-01 -3.526927903294563293e-03
4.510844647884368896e-01 6.108966469764709473e-01 -1.526015531271696091e-02
5.116891860961914062e-01 4.135518670082092285e-01 -4.958627372980117798e-02
4.845688939094543457e-01 4.086157679557800293e-01 -3.936425223946571350e-02
5.037278532981872559e-01 4.003309011459350586e-01 -3.753993660211563110e-02
4.761230647563934326e-01 4.475439488887786865e-01 -2.218505367636680603e-02
4.907113313674926758e-01 6.554989218711853027e-01 -2.100715227425098419e-02
5.061677694320678711e-01 6.356029510498046875e-01 -1.450689323246479034e-02
4.731333553791046143e-01 6.308678388595581055e-01 -1.864090375602245331e-02
4.317799210548400879e-01 5.897963643074035645e-01 -4.958162084221839905e-03
4.482137560844421387e-01 4.755770862102508545e-01 -1.221964135766029358e-02
4.414660632610321045e-01 6.048174500465393066e-01 7.228297181427478790e-05
4.232873022556304932e-01 4.935405254364013672e-01 3.201271872967481613e-03
4.478504061698913574e-01 5.147975087165832520e-01 -3.872289089486002922e-03
4.134454727172851562e-01 5.242652297019958496e-01 -1.292465953156352043e-03
4.701963961124420166e-01 6.573733091354370117e-01 -1.304236706346273422e-02
4.822176694869995117e-01 4.433170557022094727e-01 -1.489428430795669556e-02
4.322869479656219482e-01 5.957565903663635254e-01 8.441296406090259552e-03
4.331595897674560547e-01 6.264412403106689453e-01 4.160321317613124847e-03
4.223240017890930176e-01 5.517375469207763672e-01 -1.181851141154766083e-03
3.827342987060546875e-01 5.125722289085388184e-01 4.423394799232482910e-02
4.141672849655151367e-01 5.622900128364562988e-01 2.190707996487617493e-02
3.756986558437347412e-01 5.353833436965942383e-01 6.071459874510765076e-02
4.392406046390533447e-01 5.279889702796936035e-01 -4.533282481133937836e-04
4.783729910850524902e-01 4.254995286464691162e-01 -2.025289088487625122e-02
4.745485782623291016e-01 4.740483164787292480e-01 -5.314953625202178955e-02
4.783996939659118652e-01 4.845754802227020264e-01 -3.107314929366111755e-02
5.050114989280700684e-01 4.643533527851104736e-01 -4.167049005627632141e-02
4.803316593170166016e-01 3.576933145523071289e-01 -2.913223579525947571e-04
4.770257174968719482e-01 3.413102626800537109e-01 -1.011249981820583344e-02
4.411269724369049072e-01 3.217684030532836914e-01 -2.341323066502809525e-03
4.468892514705657959e-01 3.373268842697143555e-01 -1.380373723804950714e-02
4.154156446456909180e-01 3.447446823120117188e-01 1.697038114070892334e-02
4.042034149169921875e-01 3.827832043170928955e-01 1.640129275619983673e-02
3.763643205165863037e-01 4.203356802463531494e-01 6.942200660705566406e-02
4.128314554691314697e-01 4.076137840747833252e-01 2.239703387022018433e-02
4.280958175659179688e-01 4.075649082660675049e-01 3.882630728185176849e-03
4.460943043231964111e-01 4.168531000614166260e-01 4.001083783805370331e-03
4.655696153640747070e-01 3.976962566375732422e-01 1.376765687018632889e-02
4.651584923267364502e-01 4.069441258907318115e-01 7.893105968832969666e-03
4.866156280040740967e-01 3.955390453338623047e-01 -2.134793438017368317e-03
3.652526438236236572e-01 4.159160554409027100e-01 1.088308095932006836e-01
4.682476818561553955e-01 4.826961457729339600e-01 -2.830936945974826813e-02
4.819699823856353760e-01 4.334825873374938965e-01 -2.660834789276123047e-02
4.888405799865722656e-01 4.779245257377624512e-01 -5.291885137557983398e-02
4.966405332088470459e-01 4.927180111408233643e-01 -5.394921079277992249e-02
4.826973974704742432e-01 4.835585653781890869e-01 -4.908444732427597046e-02
4.676815569400787354e-01 4.934196472167968750e-01 -2.944849431514739990e-02
4.930403828620910645e-01 4.766025245189666748e-01 -5.830061063170433044e-02
4.932742714881896973e-01 4.892934560775756836e-01 -3.937528282403945923e-02
4.816708862781524658e-01 3.826798498630523682e-01 5.989308003336191177e-03
4.847516119480133057e-01 3.806594312191009521e-01 3.320696530863642693e-03
5.007613301277160645e-01 3.908608853816986084e-01 1.367665943689644337e-03
4.340762495994567871e-01 3.635567724704742432e-01 1.244358159601688385e-02
4.396636486053466797e-01 3.517017662525177002e-01 2.045021764934062958e-02
5.142918825149536133e-01 4.263465702533721924e-01 -3.800004348158836365e-02
5.980394482612609863e-01 4.003909826278686523e-01 2.602533809840679169e-02
5.072013735771179199e-01 4.877402484416961670e-01 -3.368420898914337158e-02
6.197850704193115234e-01 3.428755998611450195e-01 9.465800225734710693e-02
5.631145238876342773e-01 4.059496819972991943e-01 1.322218216955661774e-02
5.717503428459167480e-01 4.055976271629333496e-01 1.678576692938804626e-03
5.909908413887023926e-01 3.971955478191375732e-01 1.804925967007875443e-03
6.051802635192871094e-01 4.038359820842742920e-01 3.108608536422252655e-02
5.481544137001037598e-01 3.878306746482849121e-01 2.061157301068305969e-02
5.763729214668273926e-01 3.543601036071777344e-01 2.031769230961799622e-02
5.655981302261352539e-01 3.531737625598907471e-01 6.315681617707014084e-03
5.999844074249267578e-01 3.502572774887084961e-01 1.841123960912227631e-02
6.010208725929260254e-01 3.638828098773956299e-01 2.365474030375480652e-02
6.145403981208801270e-01 4.085583686828613281e-01 2.101534232497215271e-02
5.421718358993530273e-01 6.472095847129821777e-01 -7.125912234187126160e-03
5.940030813217163086e-01 3.878439664840698242e-01 2.311020158231258392e-02
6.293128728866577148e-01 4.165427088737487793e-01 7.781078666448593140e-02
6.098231673240661621e-01 3.978331089019775391e-01 4.334532842040061951e-02
5.659575462341308594e-01 4.735837280750274658e-01 2.305401721969246864e-04
5.277751088142395020e-01 5.421689748764038086e-01 -2.591109275817871094e-02
5.095781683921813965e-01 5.607868432998657227e-01 -3.085662238299846649e-02
5.326023697853088379e-01 5.372112989425659180e-01 -2.864518389105796814e-02
5.288339853286743164e-01 5.633234977722167969e-01 -1.916888356208801270e-02
5.226002931594848633e-01 5.554286241531372070e-01 -3.430302441120147705e-02
5.447261333465576172e-01 5.611315965652465820e-01 -3.069010563194751740e-02
5.335590243339538574e-01 5.868898630142211914e-01 -1.527450606226921082e-02
5.161202549934387207e-01 4.752393960952758789e-01 -6.320015341043472290e-02
5.087934732437133789e-01 4.677823781967163086e-01 -6.642790883779525757e-02
6.090720295906066895e-01 3.423179090023040771e-01 2.186654880642890930e-02
5.336795449256896973e-01 4.305583238601684570e-01 -9.728705510497093201e-03
5.298333168029785156e-01 4.753638505935668945e-01 -3.164762258529663086e-02
5.513048768043518066e-01 4.751164019107818604e-01 -3.702839836478233337e-02
5.957458019256591797e-01 4.670624434947967529e-01 1.861050911247730255e-02
5.190643668174743652e-01 4.419418871402740479e-01 -6.814683228731155396e-02
5.913671851158142090e-01 3.274714350700378418e-01 1.522368285804986954e-02
5.918008685111999512e-01 3.450551331043243408e-01 1.987496204674243927e-02
6.250025629997253418e-01 3.145925998687744141e-01 5.137199908494949341e-02
5.365924835205078125e-01 3.344757258892059326e-01 -9.631711058318614960e-03
5.536406040191650391e-01 3.587134778499603271e-01 1.187280751764774323e-02
5.436950325965881348e-01 5.696190595626831055e-01 1.170161552727222443e-02
6.054465770721435547e-01 5.768432021141052246e-01 9.023429453372955322e-02
5.338583588600158691e-01 4.941820204257965088e-01 -2.570090256631374359e-02
5.079970955848693848e-01 4.845596551895141602e-01 -3.110004216432571411e-02
5.456379652023315430e-01 5.728532671928405762e-01 6.251779850572347641e-04
5.473322272300720215e-01 5.832827687263488770e-01 -2.795211737975478172e-03
6.137498021125793457e-01 3.218719959259033203e-01 1.465722545981407166e-02
5.440611839294433594e-01 4.987654387950897217e-01 -3.270350024104118347e-02
5.632559657096862793e-01 3.344619274139404297e-01 -9.298169054090976715e-03
5.788241028785705566e-01 3.034259080886840820e-01 -7.754740305244922638e-03
5.776683688163757324e-01 2.498810589313507080e-01 1.236871257424354553e-02
6.251236796379089355e-01 3.242309987545013428e-01 2.945045195519924164e-02
5.700715184211730957e-01 2.909502089023590088e-01 6.930314004421234131e-03
6.146346330642700195e-01 3.478993773460388184e-01 4.086600989103317261e-02
6.248486042022705078e-01 3.510695397853851318e-01 4.342397302389144897e-02
5.219420790672302246e-01 5.504084229469299316e-01 -2.941943332552909851e-02
5.286090373992919922e-01 5.535311102867126465e-01 -2.725150063633918762e-02
5.440344810485839844e-01 5.544756650924682617e-01 -2.020460925996303558e-02
5.291414856910705566e-01 4.907652735710144043e-01 -4.026269912719726562e-02
5.438594818115234375e-01 5.771897435188293457e-01 7.952576503157615662e-03
5.294059514999389648e-01 5.758297443389892578e-01 -4.172964021563529968e-03
5.368948578834533691e-01 5.604025721549987793e-01 -1.202504336833953857e-02
5.295809507369995117e-01 4.873467981815338135e-01 -5.146541818976402283e-02
5.401890277862548828e-01 5.524153113365173340e-01 -5.736707244068384171e-03
5.229225158691406250e-01 5.525781512260437012e-01 -3.184647858142852783e-02
5.107848644256591797e-01 5.494452714920043945e-01 -3.982856869697570801e-02
5.137371420860290527e-01 6.252947449684143066e-01 -5.053074564784765244e-03
5.064758658409118652e-01 5.973932743072509766e-01 -1.842382736504077911e-02
5.178936719894409180e-01 5.884751081466674805e-01 -3.248536959290504456e-02
5.053751468658447266e-01 5.910756587982177734e-01 -3.828626126050949097e-02
5.115638971328735352e-01 5.718489289283752441e-01 -3.003439493477344513e-02
5.265539288520812988e-01 5.790735483169555664e-01 -1.888726837933063507e-02
5.275777578353881836e-01 5.587931275367736816e-01 -7.272637449204921722e-03
5.346062779426574707e-01 5.817766785621643066e-01 -1.199136953800916672e-02
5.368908643722534180e-01 5.915853977203369141e-01 -2.145749889314174652e-02
5.475837588310241699e-01 5.452618002891540527e-01 -2.001134864985942841e-02
6.337968707084655762e-01 4.953952431678771973e-01 1.228039115667343140e-01
5.314878821372985840e-01 5.614542961120605469e-01 -4.578717518597841263e-03
5.394269824028015137e-01 5.876257419586181641e-01 -4.633639939129352570e-03
5.185240507125854492e-01 4.997568428516387939e-01 -2.277760952711105347e-02
5.261200666427612305e-01 5.037412643432617188e-01 -1.809822954237461090e-02
5.188137888908386230e-01 4.907878935337066650e-01 -1.773322559893131256e-02
5.614590048789978027e-01 4.385198354721069336e-01 -2.372753573581576347e-03
5.654029250144958496e-01 4.543330073356628418e-01 -1.011825981549918652e-03
5.353331565856933594e-01 4.831121265888214111e-01 -2.097697183489799500e-02
6.028285026550292969e-01 2.695077955722808838e-01 3.180541843175888062e-02
5.974411964416503906e-01 2.926617562770843506e-01 3.369033709168434143e-02
5.885778069496154785e-01 3.141164481639862061e-01 5.766451358795166016e-03
5.543503761291503906e-01 6.044706106185913086e-01 -3.674516454339027405e-03
5.366243720054626465e-01 3.251229226589202881e-01 -1.649358309805393219e-02
5.492103695869445801e-01 2.816677391529083252e-01 -1.436569076031446457e-02
5.573741197586059570e-01 2.537357807159423828e-01 8.189948275685310364e-03
5.951195359230041504e-01 4.059683084487915039e-01 2.316925674676895142e-02
6.144337654113769531e-01 4.268060326576232910e-01 1.704564690589904785e-02
5.447909832000732422e-01 3.853705525398254395e-01 2.463368698954582214e-02
5.894981622695922852e-01 3.791825473308563232e-01 3.162071481347084045e-02
5.283944010734558105e-01 4.156162738800048828e-01 2.083465922623872757e-03
5.331778526306152344e-01 4.766298532485961914e-01 -3.264333307743072510e-02
6.251177191734313965e-01 4.386783838272094727e-01 4.983756691217422485e-02
6.026216149330139160e-01 4.385563135147094727e-01 7.671359460800886154e-03
5.810358524322509766e-01 4.345173835754394531e-01 2.776524052023887634e-02
5.683692693710327148e-01 4.447064399719238281e-01 8.540303446352481842e-03
5.497656464576721191e-01 4.301006793975830078e-01 2.530765254050493240e-03
5.464766025543212891e-01 3.991983830928802490e-01 3.678593551740050316e-03
5.197145342826843262e-01 3.877916336059570312e-01 -2.162127755582332611e-02
6.144704222679138184e-01 4.778715074062347412e-01 4.791128635406494141e-02
6.220936775207519531e-01 3.855587542057037354e-01 2.400807291269302368e-02
5.119221806526184082e-01 4.864136278629302979e-01 -5.098380520939826965e-02
5.266582369804382324e-01 4.527809023857116699e-01 -1.429603528231382370e-02
6.189854741096496582e-01 4.021316468715667725e-01 1.023381501436233521e-01
5.342670679092407227e-01 3.965671956539154053e-01 -2.777785994112491608e-05
5.452615022659301758e-01 4.828983545303344727e-01 -2.504710108041763306e-03
6.040410399436950684e-01 3.964364826679229736e-01 2.929185517132282257e-02
5.349596738815307617e-01 4.635897874832153320e-01 -3.842115774750709534e-02
6.293852329254150391e-01 5.415411591529846191e-01 1.259595155715942383e-01
5.323759317398071289e-01 3.938932418823242188e-01 8.677352219820022583e-03
5.344486832618713379e-01 4.561624526977539062e-01 -5.796091631054878235e-02
5.791471004486083984e-01 6.107409596443176270e-01 4.124803841114044189e-02
5.936426520347595215e-01 6.364879608154296875e-01 5.851836875081062317e-02
6.284013986587524414e-01 4.808795750141143799e-01 7.588939368724822998e-02
6.070019006729125977e-01 5.789015889167785645e-01 6.583423167467117310e-02
6.324932575225830078e-01 3.698695898056030273e-01 7.758353650569915771e-02
5.429556965827941895e-01 6.552678942680358887e-01 1.083390694111585617e-02
5.013444423675537109e-01 4.918799400329589844e-01 -4.571764916181564331e-02
5.411739945411682129e-01 4.664743244647979736e-01 -8.772117085754871368e-03
6.238104701042175293e-01 4.139679670333862305e-01 6.337526440620422363e-02
5.922099351882934570e-01 3.943249285221099854e-01 1.923010684549808502e-02
5.668501257896423340e-01 3.975527882575988770e-01 4.371634684503078461e-03
5.320433974266052246e-01 5.741647481918334961e-01 -1.777515979483723640e-03
6.150702834129333496e-01 4.996355473995208740e-01 3.230979293584823608e-02
4.997584223747253418e-01 6.891735196113586426e-01 -1.217487500980496407e-03
5.553464889526367188e-01 6.691944003105163574e-01 1.809203624725341797e-02
5.652153491973876953e-01 6.453543901443481445e-01 3.555306792259216309e-02
5.523817539215087891e-01 4.043869674205780029e-01 6.786970421671867371e-03
5.530437827110290527e-01 3.951031565666198730e-01 7.361952215433120728e-03
5.544058680534362793e-01 3.750753104686737061e-01 4.597747232764959335e-03
6.234080195426940918e-01 3.615773916244506836e-01 4.874704778194427490e-02
5.486103296279907227e-01 3.935320079326629639e-01 1.023226231336593628e-02
5.663909316062927246e-01 3.619299530982971191e-01 5.867770407348871231e-03
5.713140964508056641e-01 3.684448003768920898e-01 5.136725958436727524e-03
5.924024581909179688e-01 3.716177642345428467e-01 1.878670789301395416e-02
5.805482268333435059e-01 3.901765346527099609e-01 2.353329397737979889e-02
6.372957229614257812e-01 3.625701665878295898e-01 1.001339852809906006e-01
5.774447917938232422e-01 3.933159410953521729e-01 1.456484198570251465e-02
5.508298873901367188e-01 5.141074657440185547e-01 -1.787278428673744202e-02
5.452412366867065430e-01 4.858330488204956055e-01 -2.190957963466644287e-02
5.161588788032531738e-01 5.237596631050109863e-01 -3.522423654794692993e-02
5.747439861297607422e-01 6.298935413360595703e-01 1.846700906753540039e-02
5.472301840782165527e-01 6.346532106399536133e-01 2.177366614341735840e-02
5.125852823257446289e-01 6.773374676704406738e-01 -3.716850187629461288e-03
5.899983644485473633e-01 6.034446954727172852e-01 8.763823658227920532e-02
5.479376912117004395e-01 3.855943381786346436e-01 7.009550929069519043e-03
5.358421802520751953e-01 4.251790046691894531e-01 -1.801016926765441895e-02
5.415073633193969727e-01 6.770730018615722656e-01 1.970294490456581116e-02
6.150937676429748535e-01 5.217253565788269043e-01 6.381485611200332642e-02
5.144744515419006348e-01 5.716398954391479492e-01 -1.245765201747417450e-02
5.277901887893676758e-01 5.882421731948852539e-01 -1.652895286679267883e-02
5.262320637702941895e-01 5.832523703575134277e-01 -1.430047489702701569e-02
5.298273563385009766e-01 6.071912646293640137e-01 -1.453594584017992020e-02
5.350299477577209473e-01 6.109423041343688965e-01 -1.788059622049331665e-02
5.439487695693969727e-01 5.659424662590026855e-01 -1.143338717520236969e-02
5.335061550140380859e-01 5.586475133895874023e-01 -4.229533486068248749e-03
5.432456135749816895e-01 5.563070178031921387e-01 -7.289263885468244553e-03
5.529047250747680664e-01 5.468789339065551758e-01 -2.134239533916115761e-03
5.911796689033508301e-01 5.109522342681884766e-01 2.193633839488029480e-02
5.205003619194030762e-01 4.136049449443817139e-01 -3.693471197038888931e-03
5.467558503150939941e-01 3.781163990497589111e-01 1.462383009493350983e-02
5.452315807342529297e-01 3.675456643104553223e-01 6.714450195431709290e-03
5.354555845260620117e-01 5.739639997482299805e-01 -2.122620120644569397e-02
5.994426608085632324e-01 5.573230981826782227e-01 2.334186434745788574e-02
5.140976905822753906e-01 3.625924587249755859e-01 -9.148260578513145447e-03
5.427315831184387207e-01 6.215683221817016602e-01 -8.916265331208705902e-03
5.130843520164489746e-01 4.139077365398406982e-01 -2.167057991027832031e-02
5.332212448120117188e-01 4.453787803649902344e-01 -1.265541743487119675e-02
5.200083851814270020e-01 6.314811110496520996e-01 -2.303078025579452515e-02
5.610365271568298340e-01 5.944907069206237793e-01 9.387668222188949585e-03
5.643613934516906738e-01 4.927140772342681885e-01 3.937074914574623108e-03
5.504844188690185547e-01 6.105647087097167969e-01 -7.717427797615528107e-03
5.786409378051757812e-01 4.936515986919403076e-01 5.652662366628646851e-03
5.658346414566040039e-01 5.217565298080444336e-01 6.717679090797901154e-03
5.789282321929931641e-01 5.204746127128601074e-01 -8.303822949528694153e-03
5.161152482032775879e-01 6.603481769561767578e-01 -1.915831491351127625e-02
5.287093520164489746e-01 4.549886584281921387e-01 -2.583814039826393127e-02
5.765906572341918945e-01 6.098028421401977539e-01 2.613511495292186737e-02
5.559757351875305176e-01 6.228013038635253906e-01 -7.573163602501153946e-04
5.735181570053100586e-01 5.767267346382141113e-01 1.036370359361171722e-02
6.050778031349182129e-01 5.379936695098876953e-01 4.408884793519973755e-02
5.943794250488281250e-01 5.663297176361083984e-01 7.875918410718441010e-03
6.079285740852355957e-01 5.533748865127563477e-01 6.538713723421096802e-02
5.711503624916076660e-01 5.442264676094055176e-01 -1.522745378315448761e-02
5.319186449050903320e-01 4.363405108451843262e-01 -3.273368626832962036e-02
5.312418937683105469e-01 4.823302030563354492e-01 -7.077952474355697632e-02
5.271780490875244141e-01 4.959269762039184570e-01 -2.387009188532829285e-02
5.296842455863952637e-01 4.570781588554382324e-01 -4.892506450414657593e-02
5.420398712158203125e-01 3.590461611747741699e-01 1.186317577958106995e-02
5.533002614974975586e-01 3.388803005218505859e-01 -3.250666894018650055e-03
5.879429578781127930e-01 3.435305953025817871e-01 2.172510139644145966e-03
6.045481562614440918e-01 3.428106606006622314e-01 3.284359350800514221e-03
5.979590415954589844e-01 3.595229983329772949e-01 9.774708189070224762e-03
6.048024892807006836e-01 3.845613896846771240e-01 2.733420021831989288e-02
6.343334317207336426e-01 4.459224343299865723e-01 7.829824090003967285e-02
6.085369586944580078e-01 4.205830097198486328e-01 2.143253572285175323e-02
6.008318662643432617e-01 4.288429319858551025e-01 1.652183756232261658e-02
5.669743418693542480e-01 4.211894273757934570e-01 9.602154605090618134e-03
5.482832193374633789e-01 4.075766503810882568e-01 8.821140043437480927e-03
5.388668775558471680e-01 4.022164046764373779e-01 5.442620255053043365e-03
5.440647602081298828e-01 4.001865983009338379e-01 1.515577733516693115e-02
6.392041444778442383e-01 4.517777860164642334e-01 1.179879158735275269e-01
5.311489105224609375e-01 5.017695426940917969e-01 -2.470346912741661072e-02
5.226926803588867188e-01 4.235226213932037354e-01 -3.055564500391483307e-02
5.302913188934326172e-01 4.646434783935546875e-01 -5.131701380014419556e-02
5.095139145851135254e-01 4.735433459281921387e-01 -3.845125436782836914e-02
5.347341895103454590e-01 4.920114278793334961e-01 -5.056928470730781555e-02
5.394284129142761230e-01 4.953905940055847168e-01 -2.806439064443111420e-03
5.229265689849853516e-01 4.883158206939697266e-01 -4.777083173394203186e-02
5.088986754417419434e-01 4.922102391719818115e-01 -4.271024465560913086e-02
5.371252894401550293e-01 3.888803720474243164e-01 1.994675211608409882e-02
5.385506153106689453e-01 3.766085505485534668e-01 7.721434347331523895e-03
5.268339514732360840e-01 3.847452104091644287e-01 -1.758985407650470734e-02
5.848869681358337402e-01 3.924289345741271973e-01 2.030202560126781464e-02
5.916437506675720215e-01 3.664289116859436035e-01 2.472637966275215149e-02
4.539673924446105957e-01 3.712345957756042480e-01 1.177173852920532227e-02
4.549007415771484375e-01 3.690446317195892334e-01 5.384998396039009094e-03
4.397062659263610840e-01 3.495394587516784668e-01 2.549033798277378082e-02
4.264241755008697510e-01 3.626944720745086670e-01 1.416085287928581238e-02
4.504155218601226807e-01 3.809605240821838379e-01 8.949462324380874634e-03
5.705693364143371582e-01 3.749091923236846924e-01 1.227274769917130470e-03
5.842160582542419434e-01 3.875729739665985107e-01 1.860406994819641113e-02
5.770598053932189941e-01 3.723442852497100830e-01 1.866068504750728607e-02
5.480610728263854980e-01 3.790148496627807617e-01 1.434603426605463028e-02
5.767373442649841309e-01 3.938329219818115234e-01 1.822994463145732880e-02
