5.022428035736083984e-01 5.363525152206420898e-01 -4.732712730765342712e-02
4.934254586696624756e-01 4.684347212314605713e-01 -5.058018118143081665e-02
4.958566427230834961e-01 4.961706399917602539e-01 -4.366461187601089478e-02
4.886710643768310547e-01 4.245755970478057861e-01 -3.589991107583045959e-02
5.105702280998229980e-01 4.709983766078948975e-01 -6.479132175445556641e-02
5.083233118057250977e-01 4.384813308715820312e-01 -4.826588183641433716e-02
5.133413076400756836e-01 3.794831335544586182e-01 -3.254864364862442017e-02
4.220801293849945068e-01 3.719809353351593018e-01 1.394199673086404800e-02
4.975192248821258545e-01 3.386537730693817139e-01 -3.016385063529014587e-02
5.184356570243835449e-01 2.967388033866882324e-01 -1.020768471062183380e-02
5.245483517646789551e-01 2.439083158969879150e-01 6.221143528819084167e-03
5.161046385765075684e-01 5.398413538932800293e-01 -3.694262355566024780e-02
4.969727993011474609e-01 5.515795946121215820e-01 -3.114617615938186646e-02
5.066093802452087402e-01 5.544335246086120605e-01 -2.341341227293014526e-02
4.973101913928985596e-01 5.748909115791320801e-01 -1.816429384052753448e-02
5.067796111106872559e-01 5.868397951126098633e-01 -2.700756676495075226e-02
4.950316846370697021e-01 5.828132629394531250e-01 -3.457020223140716553e-02
5.008940696716308594e-01 6.045814752578735352e-01 -2.287043631076812744e-02
4.936131536960601807e-01 6.180824041366577148e-01 -4.498132504522800446e-03
5.009384751319885254e-01 4.857142269611358643e-01 -5.290988832712173462e-02
4.926034510135650635e-01 4.841565489768981934e-01 -3.257903084158897400e-02
3.838177621364593506e-01 3.155196607112884521e-01 6.473343074321746826e-02
4.518831670284271240e-01 4.017602205276489258e-01 -3.585398662835359573e-03
4.467710554599761963e-01 3.899094760417938232e-01 1.075961859896779060e-03
4.307206273078918457e-01 3.854030370712280273e-01 1.649694703519344330e-02
4.278286695480346680e-01 3.848491311073303223e-01 1.517620403319597244e-02
4.676844775676727295e-01 3.872214257717132568e-01 9.088205173611640930e-03
4.470944404602050781e-01 3.482079505920410156e-01 7.108766585588455200e-03
4.496351480484008789e-01 3.514603376388549805e-01 6.744791287928819656e-03
4.246578216552734375e-01 3.320499658584594727e-01 -1.747860107570886612e-03
4.122758805751800537e-01 3.613350689411163330e-01 2.450606785714626312e-03
3.923314213752746582e-01 3.940779268741607666e-01 3.413274511694908142e-02
4.495932161808013916e-01 6.386207938194274902e-01 -2.431958448141813278e-03
4.188528656959533691e-01 3.711721599102020264e-01 1.046351343393325806e-02
3.771834969520568848e-01 3.815385401248931885e-01 7.098338007926940918e-02
3.994026780128479004e-01 3.751269578933715820e-01 4.531900957226753235e-02
4.413615167140960693e-01 4.666627049446105957e-01 -1.412893552333116531e-02
4.973931312561035156e-01 5.241294503211975098e-01 -3.131107985973358154e-02
4.856182932853698730e-01 5.337876081466674805e-01 -3.819349408149719238e-02
4.678173065185546875e-01 5.265381336212158203e-01 -3.531451523303985596e-02
4.576812386512756348e-01 5.426404476165771484e-01 -3.219183161854743958e-02
4.839079976081848145e-01 5.462587475776672363e-01 -2.767658606171607971e-02
4.726097583770751953e-01 5.446541309356689453e-01 -2.328660525381565094e-02
4.428628385066986084e-01 5.757774710655212402e-01 -1.298096403479576111e-02
4.930758774280548096e-01 4.762179553508758545e-01 -7.016961276531219482e-02
4.908182024955749512e-01 4.617320597171783447e-01 -6.878612935543060303e-02
4.071927368640899658e-01 3.323925435543060303e-01 2.618205919861793518e-02
4.641716778278350830e-01 4.370158016681671143e-01 -7.699847221374511719e-03
4.570553600788116455e-01 4.742569029331207275e-01 -3.500549867749214172e-02
4.695612490177154541e-01 4.536726176738739014e-01 -2.305464074015617371e-02
4.086188375949859619e-01 4.625711441040039062e-01 1.220471691340208054e-02
5.007144212722778320e-01 4.251075685024261475e-01 -4.814483597874641418e-02
4.306823015213012695e-01 2.974828779697418213e-01 -6.696768105030059814e-05
4.114832580089569092e-01 3.148242533206939697e-01 5.402674898505210876e-03
3.985537588596343994e-01 2.793029248714447021e-01 5.223240330815315247e-02
4.899713099002838135e-01 3.320703804492950439e-01 -1.039137830957770348e-03
4.693968892097473145e-01 3.369028866291046143e-01 -3.325426951050758362e-03
4.384860694408416748e-01 5.630184412002563477e-01 -3.768207971006631851e-03
3.665060102939605713e-01 5.478760004043579102e-01 7.630463689565658569e-02
4.729930460453033447e-01 4.727470576763153076e-01 -3.516623377799987793e-02
4.952670037746429443e-01 4.896286129951477051e-01 -7.189765572547912598e-03
4.453883171081542969e-01 5.525577664375305176e-01 -4.434316419064998627e-03
4.586757421493530273e-01 5.633123517036437988e-01 -8.722218684852123260e-03
4.157035350799560547e-01 2.941122651100158691e-01 1.621305570006370544e-02
4.710500538349151611e-01 4.802791178226470947e-01 -2.590041607618331909e-02
4.667522013187408447e-01 3.240029513835906982e-01 -1.197759993374347687e-02
4.530334472656250000e-01 2.970420420169830322e-01 -8.614845573902130127e-03
4.595248699188232422e-01 2.377495318651199341e-01 1.491108257323503494e-02
4.041816294193267822e-01 2.901251614093780518e-01 2.254200913012027740e-02
4.596219658851623535e-01 2.871410250663757324e-01 -7.867462409194558859e-05
4.019507765769958496e-01 3.236142098903656006e-01 2.006845176219940186e-02
3.863613307476043701e-01 3.247331678867340088e-01 3.928043693304061890e-02
4.830275475978851318e-01 5.378214716911315918e-01 -4.607685655355453491e-02
4.817622900009155273e-01 5.513692498207092285e-01 -2.892638742923736572e-02
4.650963246822357178e-01 5.414629578590393066e-01 -1.655118539929389954e-02
4.861198663711547852e-01 4.924947619438171387e-01 -2.632182277739048004e-02
4.622884988784790039e-01 5.695000886917114258e-01 -4.560110624879598618e-03
4.493910670280456543e-01 5.728426575660705566e-01 -1.320134010165929794e-02
4.573684036731719971e-01 5.627693533897399902e-01 -8.855494670569896698e-03
4.870602786540985107e-01 4.767682254314422607e-01 -4.225161299109458923e-02
4.913273453712463379e-01 5.514197349548339844e-01 -2.822668105363845825e-02
4.852523803710937500e-01 5.515195131301879883e-01 -1.378313824534416199e-02
4.889027178287506104e-01 5.386583805084228516e-01 -1.061238348484039307e-02
4.827702045440673828e-01 6.237123012542724609e-01 -1.065442245453596115e-02
4.791046380996704102e-01 5.997661352157592773e-01 -1.426562480628490448e-02
4.784776568412780762e-01 5.924109220504760742e-01 -2.628296241164207458e-02
4.830683469772338867e-01 5.828818082809448242e-01 -2.663479745388031006e-02
4.816917181015014648e-01 5.743985772132873535e-01 -1.503395941108465195e-02
4.764451384544372559e-01 5.731578469276428223e-01 -2.441958058625459671e-03
4.737728238105773926e-01 5.611616373062133789e-01 -2.013458497822284698e-02
4.679018259048461914e-01 5.800865292549133301e-01 -1.814496144652366638e-02
4.560117721557617188e-01 5.830931067466735840e-01 -2.384194359183311462e-02
4.451586604118347168e-01 5.295901894569396973e-01 -2.304824069142341614e-02
3.640069961547851562e-01 4.537081420421600342e-01 1.049488931894302368e-01
4.990324974060058594e-01 4.953478872776031494e-01 -3.487029671669006348e-02
4.623885452747344971e-01 5.613029003143310547e-01 -9.631650522351264954e-03
4.616634845733642578e-01 5.700396895408630371e-01 -7.330201100558042526e-03
4.854629933834075928e-01 4.938605129718780518e-01 -3.675100207328796387e-02
4.647044241428375244e-01 4.963161945343017578e-01 -1.763048022985458374e-02
4.939445555210113525e-01 4.923254847526550293e-01 -4.774751514196395874e-02
4.575846791267395020e-01 4.404329359531402588e-01 -1.216629520058631897e-02
4.374931752681732178e-01 4.399369359016418457e-01 3.419229760766029358e-04
4.543327391147613525e-01 4.851327240467071533e-01 -2.825382538139820099e-02
4.210897982120513916e-01 2.581007778644561768e-01 3.170042484998703003e-02
4.330088794231414795e-01 2.811308801174163818e-01 1.288107223808765411e-02
4.268889129161834717e-01 2.997407615184783936e-01 1.538605708628892899e-02
4.690923392772674561e-01 5.943619012832641602e-01 1.024850457906723022e-02
4.853051304817199707e-01 3.074351847171783447e-01 -1.280324719846248627e-02
4.653235971927642822e-01 2.737503647804260254e-01 -5.110268481075763702e-03
4.785616397857666016e-01 2.565377652645111084e-01 2.896486083045601845e-03
4.251573383808135986e-01 3.883022665977478027e-01 2.065566740930080414e-02
3.937049210071563721e-01 4.043990075588226318e-01 3.304909169673919678e-02
4.646607637405395508e-01 3.865107893943786621e-01 1.114590652287006378e-02
4.030841588973999023e-01 3.548862338066101074e-01 1.375777460634708405e-02
4.766194820404052734e-01 4.150770604610443115e-01 -6.594737060368061066e-04
4.783903956413269043e-01 4.669940173625946045e-01 -3.839979693293571472e-02
3.913863599300384521e-01 4.130806624889373779e-01 4.171792417764663696e-02
3.958941400051116943e-01 4.205172955989837646e-01 1.202720776200294495e-02
4.125850498676300049e-01 4.323600530624389648e-01 1.534486422315239906e-03
4.368419349193572998e-01 4.189116060733795166e-01 2.045481698587536812e-03
4.529154002666473389e-01 4.228920042514801025e-01 -1.350914873182773590e-02
4.718274772167205811e-01 3.998661637306213379e-01 3.722692374140024185e-03
5.019791722297668457e-01 3.975759148597717285e-01 -7.838075980544090271e-03
3.812512457370758057e-01 4.467864334583282471e-01 3.280332684516906738e-02
3.859687745571136475e-01 3.531298339366912842e-01 2.336557954549789429e-02
5.086255669593811035e-01 4.839403629302978516e-01 -4.506009444594383240e-02
4.615248143672943115e-01 4.339782893657684326e-01 -1.504254713654518127e-02
3.663989305496215820e-01 3.850043118000030518e-01 1.049751266837120056e-01
4.797572791576385498e-01 3.894209265708923340e-01 -1.032398268580436707e-02
4.686423838138580322e-01 4.698193669319152832e-01 -1.475223712623119354e-02
4.079610109329223633e-01 3.709955215454101562e-01 1.133971661329269409e-02
4.751110374927520752e-01 4.555560648441314697e-01 -2.924938127398490906e-02
3.643074333667755127e-01 5.000652074813842773e-01 1.011180654168128967e-01
4.759404063224792480e-01 3.747698366641998291e-01 1.012737490236759186e-02
4.775287210941314697e-01 4.443996250629425049e-01 -4.716395959258079529e-02
3.978419601917266846e-01 5.826524496078491211e-01 2.447425015270709991e-02
3.963894546031951904e-01 6.068229675292968750e-01 3.773667663335800171e-02
3.733384907245635986e-01 4.493379592895507812e-01 7.327416539192199707e-02
3.869780898094177246e-01 5.620778799057006836e-01 4.433694854378700256e-02
3.819492161273956299e-01 3.575334548950195312e-01 6.869078427553176880e-02
4.401464760303497314e-01 6.458698511123657227e-01 -1.337927859276533127e-02
5.023641586303710938e-01 4.781682789325714111e-01 -4.132770001888275146e-02
4.618558883666992188e-01 4.587800204753875732e-01 -9.642817080020904541e-03
3.766278028488159180e-01 3.811259865760803223e-01 3.579986840486526489e-02
4.392078220844268799e-01 3.866117298603057861e-01 5.449450574815273285e-03
4.512180984020233154e-01 3.761750459671020508e-01 4.643918480724096298e-03
4.649108052253723145e-01 5.647470355033874512e-01 -9.413266554474830627e-03
3.920830190181732178e-01 4.915803670883178711e-01 3.310134634375572205e-02
4.603281617164611816e-01 6.865230202674865723e-01 4.346969537436962128e-03
4.302085936069488525e-01 6.484768390655517578e-01 2.078086324036121368e-02
4.194063544273376465e-01 6.270579099655151367e-01 3.867675364017486572e-02
5.148995518684387207e-01 2.830647230148315430e-01 -9.389035403728485107e-05
4.800379276275634766e-01 6.915441751480102539e-01 7.801851024851202965e-04
4.513281285762786865e-01 3.852242827415466309e-01 9.700160473585128784e-03
4.709432721138000488e-01 3.756354153156280518e-01 6.797247100621461868e-03
4.758855402469635010e-01 3.804978132247924805e-01 4.113950766623020172e-03
3.843121528625488281e-01 3.545865416526794434e-01 3.298110887408256531e-02
4.727395772933959961e-01 3.688589632511138916e-01 1.641154661774635315e-02
4.422235488891601562e-01 3.653819859027862549e-01 6.322752684354782104e-03
4.398021101951599121e-01 3.590056002140045166e-01 3.117226064205169678e-03
4.272537231445312500e-01 3.654763698577880859e-01 1.902803406119346619e-02
4.242286980152130127e-01 3.712021112442016602e-01 1.377529464662075043e-02
3.824094831943511963e-01 3.460134863853454590e-01 7.873761653900146484e-02
4.162473082542419434e-01 3.744208812713623047e-01 3.380617499351501465e-02
5.050869584083557129e-01 5.143944025039672852e-01 -4.304858297109603882e-02
4.729594588279724121e-01 5.071369409561157227e-01 -3.050088323652744293e-02
4.716986715793609619e-01 4.830625653266906738e-01 -3.406606614589691162e-02
4.857221841812133789e-01 5.134972333908081055e-01 -3.996396809816360474e-02
5.096832513809204102e-01 3.647287786006927490e-01 -1.990526355803012848e-02
4.083798229694366455e-01 6.124621629714965820e-01 8.002089336514472961e-03
4.306882321834564209e-01 6.304253339767456055e-01 2.464536204934120178e-02
4.511008560657501221e-01 6.599268913269042969e-01 -2.186512388288974762e-02
3.807571530342102051e-01 5.813150405883789062e-01 8.486663550138473511e-02
4.744306802749633789e-01 3.763954937458038330e-01 1.481711398810148239e-02
4.723808169364929199e-01 4.159954786300659180e-01 -2.185050025582313538e-02
4.946709871292114258e-01 6.776905655860900879e-01 3.754881909117102623e-04
4.451071023941040039e-01 6.653758883476257324e-01 1.835916750133037567e-02
3.714559078216552734e-01 5.039600729942321777e-01 6.155014038085937500e-02
4.803312122821807861e-01 5.739282369613647461e-01 -1.957201026380062103e-02
4.812559187412261963e-01 5.800344944000244141e-01 -2.159806527197360992e-02
4.777665436267852783e-01 5.791429877281188965e-01 -2.351325005292892456e-02
4.687374532222747803e-01 6.032072901725769043e-01 -2.046901173889636993e-02
4.582863450050354004e-01 6.066261529922485352e-01 -1.946546137332916260e-02
4.635489284992218018e-01 5.506436228752136230e-01 -2.151315473020076752e-02
4.613265991210937500e-01 5.616295337677001953e-01 -1.359887048602104187e-02
4.554358720779418945e-01 5.511500239372253418e-01 -7.210364565253257751e-03
4.524657130241394043e-01 5.253907442092895508e-01 -1.510728802531957626e-02
4.050706624984741211e-01 5.014305710792541504e-01 2.673400007188320160e-02
4.901280403137207031e-01 3.884805440902709961e-01 -2.191841602325439453e-02
4.876742362976074219e-01 3.651123642921447754e-01 3.963079769164323807e-03
4.750023782253265381e-01 3.829044401645660400e-01 3.834609873592853546e-03
4.640795290470123291e-01 5.548963546752929688e-01 4.633101634681224823e-03
3.940087556838989258e-01 5.449718236923217773e-01 3.531122207641601562e-02
4.951859712600708008e-01 3.555963635444641113e-01 -5.743740126490592957e-03
4.486343264579772949e-01 6.132673025131225586e-01 -1.337599288672208786e-02
5.107765793800354004e-01 4.135640561580657959e-01 -4.770926386117935181e-02
4.867129921913146973e-01 4.050105214118957520e-01 -3.960641473531723022e-02
5.009133219718933105e-01 4.014339447021484375e-01 -3.759139031171798706e-02
4.755814969539642334e-01 4.490065574645996094e-01 -2.360762283205986023e-02
4.915128350257873535e-01 6.567602157592773438e-01 -1.629852689802646637e-02
5.018496513366699219e-01 6.338893175125122070e-01 -1.464014686644077301e-02
4.714969992637634277e-01 6.320345997810363770e-01 -1.904828287661075592e-02
4.242111742496490479e-01 5.909366011619567871e-01 -3.771780058741569519e-03
4.459211230278015137e-01 4.806345403194427490e-01 -1.649294048547744751e-02
4.410642385482788086e-01 6.060134768486022949e-01 -1.666667638346552849e-03
4.230882227420806885e-01 4.893195629119873047e-01 -2.924155909568071365e-03
4.414137005805969238e-01 5.109626650810241699e-01 -1.691735815256834030e-04
4.077333211898803711e-01 5.219735503196716309e-01 -2.182095078751444817e-03
4.690439701080322266e-01 6.584923267364501953e-01 -1.070678513497114182e-02
4.730338156223297119e-01 4.400394260883331299e-01 -1.782545819878578186e-02
4.266258478164672852e-01 5.891933441162109375e-01 2.338912803679704666e-03
4.311255514621734619e-01 6.241210103034973145e-01 9.597344323992729187e-04
4.212076663970947266e-01 5.508154034614562988e-01 -4.692733753472566605e-03
3.834851682186126709e-01 5.145425796508789062e-01 4.771221429109573364e-02
4.102909862995147705e-01 5.605829358100891113e-01 1.901145093142986298e-02
3.726558089256286621e-01 5.335292220115661621e-01 5.574097856879234314e-02
4.347692430019378662e-01 5.255097746849060059e-01 -7.096653338521718979e-03
4.794701337814331055e-01 4.234104752540588379e-01 -1.865052059292793274e-02
4.736370742321014404e-01 4.712455570697784424e-01 -5.382998660206794739e-02
4.775362908840179443e-01 4.808516800403594971e-01 -3.576423972845077515e-02
5.012131929397583008e-01 4.614744186401367188e-01 -4.155960679054260254e-02
4.745732545852661133e-01 3.561454415321350098e-01 -6.647138856351375580e-03
4.719089567661285400e-01 3.329269587993621826e-01 -9.818034246563911438e-03
4.423390626907348633e-01 3.203836977481842041e-01 -3.647976089268922806e-03
4.394618272781372070e-01 3.350966572761535645e-01 -9.099761024117469788e-03
4.145874381065368652e-01 3.401107788085937500e-01 1.583722420036792755e-02
3.976745307445526123e-01 3.799515068531036377e-01 1.567319594323635101e-02
3.683661520481109619e-01 4.183816015720367432e-01 6.982633471488952637e-02
4.109349548816680908e-01 4.085996448993682861e-01 2.001197449862957001e-02
4.258084893226623535e-01 4.014170467853546143e-01 3.352384082973003387e-03
4.438658952713012695e-01 4.143404662609100342e-01 4.742267541587352753e-03
4.590255618095397949e-01 3.976916074752807617e-01 8.655444718897342682e-03
4.622984826564788818e-01 3.999658823013305664e-01 1.333811436779797077e-03
4.795279502868652344e-01 3.937559723854064941e-01 -6.509215570986270905e-03
3.607456982135772705e-01 4.183602035045623779e-01 1.041042506694793701e-01
4.677798449993133545e-01 4.809089601039886475e-01 -2.575304545462131500e-02
4.839180111885070801e-01 4.305451512336730957e-01 -3.046147525310516357e-02
4.869762659072875977e-01 4.766525626182556152e-01 -5.133547261357307434e-02
4.939178526401519775e-01 4.914808273315429688e-01 -5.473548173904418945e-02
4.809915125370025635e-01 4.813285171985626221e-01 -5.131789669394493103e-02
4.659936726093292236e-01 4.849790632724761963e-01 -3.085700422525405884e-02
4.922521412372589111e-01 4.746833145618438721e-01 -5.879554897546768188e-02
4.889955222606658936e-01 4.861760437488555908e-01 -4.350338876247406006e-02
4.752579331398010254e-01 3.808433115482330322e-01 8.510098792612552643e-03
4.804247915744781494e-01 3.764838874340057373e-01 2.193666761741042137e-03
4.971502423286437988e-01 3.899528086185455322e-01 6.197404582053422928e-05
4.323050677776336670e-01 3.640017807483673096e-01 1.548902131617069244e-02
4.346503615379333496e-01 3.481639325618743896e-01 1.686883531510829926e-02
5.133317112922668457e-01 4.225179553031921387e-01 -3.719842061400413513e-02
5.888277888298034668e-01 3.924264013767242432e-01 2.589629217982292175e-02
5.031071305274963379e-01 4.865481257438659668e-01 -3.593287616968154907e-02
6.179569959640502930e-01 3.421142399311065674e-01 9.529870748519897461e-02
5.587888360023498535e-01 4.044523239135742188e-01 1.594533398747444153e-02
5.628836154937744141e-01 4.041727483272552490e-01 4.496870562434196472e-03
5.873219966888427734e-01 3.972023427486419678e-01 4.445732105523347855e-03
5.970436930656433105e-01 3.985753953456878662e-01 2.970170043408870697e-02
5.421009659767150879e-01 3.892765641212463379e-01 2.331339754164218903e-02
5.731033682823181152e-01 3.487601876258850098e-01 1.646224409341812134e-02
5.624061822891235352e-01 3.509050905704498291e-01 3.712865989655256271e-03
5.944681167602539062e-01 3.491031825542449951e-01 2.283724211156368256e-02
5.963512659072875977e-01 3.580351769924163818e-01 2.809134125709533691e-02
6.103510856628417969e-01 4.037707448005676270e-01 2.027764543890953064e-02
5.404306650161743164e-01 6.446763277053833008e-01 -1.462986506521701813e-02
5.850647687911987305e-01 3.906453251838684082e-01 2.357706241309642792e-02
6.251309514045715332e-01 4.113897681236267090e-01 7.989581674337387085e-02
6.053302288055419922e-01 3.935883045196533203e-01 4.361281543970108032e-02
5.608512759208679199e-01 4.726498425006866455e-01 -1.582633121870458126e-03
5.237880349159240723e-01 5.349588990211486816e-01 -2.770905941724777222e-02
5.055649280548095703e-01 5.525978803634643555e-01 -3.082840144634246826e-02
5.297250747680664062e-01 5.341488122940063477e-01 -2.316806837916374207e-02
5.319605469703674316e-01 5.568741559982299805e-01 -1.722899079322814941e-02
5.238800644874572754e-01 5.517255663871765137e-01 -3.029272705316543579e-02
5.411533713340759277e-01 5.536188483238220215e-01 -2.595646120607852936e-02
5.266779661178588867e-01 5.849966406822204590e-01 -1.175560522824525833e-02
5.128698348999023438e-01 4.748165011405944824e-01 -6.163842603564262390e-02
5.095665454864501953e-01 4.632172882556915283e-01 -6.804169714450836182e-02
6.053408980369567871e-01 3.449785113334655762e-01 2.482075989246368408e-02
5.309310555458068848e-01 4.282296895980834961e-01 -9.366828948259353638e-03
5.314146876335144043e-01 4.698754847049713135e-01 -3.127918764948844910e-02
5.497510433197021484e-01 4.704149663448333740e-01 -3.591983020305633545e-02
5.932525396347045898e-01 4.633276760578155518e-01 1.405315753072500229e-02
5.162320733070373535e-01 4.379999041557312012e-01 -6.574766337871551514e-02
5.883951187133789062e-01 3.279756009578704834e-01 1.906092651188373566e-02
5.860489010810852051e-01 3.419509828090667725e-01 2.573637850582599640e-02
6.193538308143615723e-01 3.084672391414642334e-01 5.547636002302169800e-02
5.396995544433593750e-01 3.336095809936523438e-01 -6.329931318759918213e-03
5.481749773025512695e-01 3.603158593177795410e-01 1.226865500211715698e-02
5.435815453529357910e-01 5.695412755012512207e-01 1.115740742534399033e-02
6.049727201461791992e-01 5.755256414413452148e-01 9.042339026927947998e-02
5.336346030235290527e-01 4.880236685276031494e-01 -2.709273621439933777e-02
5.063568949699401855e-01 4.813369810581207275e-01 -3.266194462776184082e-02
5.449003577232360840e-01 5.636532306671142578e-01 3.934685140848159790e-03
5.461716055870056152e-01 5.750388503074645996e-01 -3.987553995102643967e-03
6.073280572891235352e-01 3.220352828502655029e-01 1.520411856472492218e-02
5.432109236717224121e-01 4.979240298271179199e-01 -2.778482623398303986e-02
5.615962147712707520e-01 3.303023576736450195e-01 -7.038633339107036591e-03
5.761824250221252441e-01 3.067030608654022217e-01 -7.949431426823139191e-03
5.713046789169311523e-01 2.499266266822814941e-01 1.470113918185234070e-02
6.237934231758117676e-01 3.258976936340332031e-01 3.212907910346984863e-02
5.638120174407958984e-01 2.941950857639312744e-01 1.074485201388597488e-02
6.088486909866333008e-01 3.475538790225982666e-01 3.707003220915794373e-02
6.219787001609802246e-01 3.508385121822357178e-01 4.643476009368896484e-02
5.163239240646362305e-01 5.430528521537780762e-01 -2.921606041491031647e-02
5.283725857734680176e-01 5.425530672073364258e-01 -2.274176105856895447e-02
5.409764051437377930e-01 5.531838536262512207e-01 -1.547036413103342056e-02
5.268239378929138184e-01 4.890141189098358154e-01 -4.458480328321456909e-02
5.404990911483764648e-01 5.709789395332336426e-01 2.918305108323693275e-03
5.302777886390686035e-01 5.747817754745483398e-01 -7.926970720291137695e-03
5.357994437217712402e-01 5.538069009780883789e-01 -1.497790217399597168e-02
5.281748771667480469e-01 4.836644828319549561e-01 -4.740466549992561340e-02
5.364862084388732910e-01 5.463200211524963379e-01 -6.610917858779430389e-03
5.248228311538696289e-01 5.444887280464172363e-01 -3.202215954661369324e-02
5.094897747039794922e-01 5.441567897796630859e-01 -3.669245541095733643e-02
5.109865069389343262e-01 6.185131669044494629e-01 -6.984831299632787704e-03
5.099543333053588867e-01 6.008538007736206055e-01 -1.668845303356647491e-02
5.134876966476440430e-01 5.935071110725402832e-01 -3.331310674548149109e-02
5.022026300430297852e-01 5.909583568572998047e-01 -3.387852758169174194e-02
5.122373104095458984e-01 5.748497247695922852e-01 -2.759396843612194061e-02
5.256410837173461914e-01 5.799374580383300781e-01 -1.570926606655120850e-02
5.291083455085754395e-01 5.594546794891357422e-01 -4.652028903365135193e-03
5.333447456359863281e-01 5.821807980537414551e-01 -1.131291780620813370e-02
5.376654267311096191e-01 5.895588994026184082e-01 -2.048937790095806122e-02
5.451709628105163574e-01 5.374646186828613281e-01 -1.696318760514259338e-02
6.321512460708618164e-01 4.939380288124084473e-01 1.210146024823188782e-01
5.298078060150146484e-01 5.637304186820983887e-01 -5.543150473386049271e-03
5.364484190940856934e-01 5.834931731224060059e-01 -3.156528808176517487e-03
5.159918665885925293e-01 4.947403371334075928e-01 -2.387882769107818604e-02
5.259351730346679688e-01 4.984419047832489014e-01 -1.639288850128650665e-02
5.187535881996154785e-01 4.909364581108093262e-01 -1.767388917505741119e-02
5.586026310920715332e-01 4.372736215591430664e-01 5.007192958146333694e-04
5.629398226737976074e-01 4.522582888603210449e-01 -3.148773685097694397e-03
5.299639105796813965e-01 4.825118780136108398e-01 -1.633266918361186981e-02
5.987148284912109375e-01 2.702177464962005615e-01 3.020170331001281738e-02
5.941939353942871094e-01 2.932831346988677979e-01 3.608114644885063171e-02
5.863947272300720215e-01 3.104683756828308105e-01 1.088614575564861298e-02
5.515785217285156250e-01 5.987827777862548828e-01 -5.340591305866837502e-04
5.341405272483825684e-01 3.236556351184844971e-01 -1.404768414795398712e-02
5.451236367225646973e-01 2.804444730281829834e-01 -1.357061322778463364e-02
5.482596158981323242e-01 2.510863840579986572e-01 9.897535666823387146e-03
5.911064147949218750e-01 4.022494852542877197e-01 2.298141270875930786e-02
6.128712892532348633e-01 4.173377752304077148e-01 2.106339484453201294e-02
5.406575202941894531e-01 3.873151838779449463e-01 2.094955369830131531e-02
5.914887189865112305e-01 3.795483112335205078e-01 2.952577546238899231e-02
5.215573906898498535e-01 4.124684333801269531e-01 1.472292933613061905e-03
5.320169925689697266e-01 4.696324467658996582e-01 -3.720419853925704956e-02
6.210368871688842773e-01 4.375177323818206787e-01 4.958318918943405151e-02
5.930572748184204102e-01 4.343823492527008057e-01 7.686806377023458481e-03
5.845526456832885742e-01 4.365799725055694580e-01 2.630052529275417328e-02
5.700839757919311523e-01 4.389016330242156982e-01 8.945063687860965729e-03
5.438228249549865723e-01 4.292204678058624268e-01 3.482823260128498077e-03
5.436351299285888672e-01 4.025252163410186768e-01 -2.000334206968545914e-04
5.168934464454650879e-01 3.878461420536041260e-01 -1.867867261171340942e-02
6.154453754425048828e-01 4.773983061313629150e-01 5.055851489305496216e-02
6.147592663764953613e-01 3.816027343273162842e-01 2.591693401336669922e-02
5.060796737670898438e-01 4.881564974784851074e-01 -5.436608195304870605e-02
5.241177678108215332e-01 4.488366246223449707e-01 -1.107907015830278397e-02
6.151859164237976074e-01 3.949989974498748779e-01 1.061810255050659180e-01
5.295374393463134766e-01 3.969869911670684814e-01 -4.673088900744915009e-03
5.450742244720458984e-01 4.790864586830139160e-01 -7.008719258010387421e-04
5.973740816116333008e-01 3.941831886768341064e-01 2.850081771612167358e-02
5.326031446456909180e-01 4.619171023368835449e-01 -3.702304884791374207e-02
6.263781189918518066e-01 5.379013419151306152e-01 1.278618872165679932e-01
5.318313837051391602e-01 3.863554000854492188e-01 1.265430077910423279e-02
5.299051403999328613e-01 4.557301402091979980e-01 -5.331476777791976929e-02
5.788226127624511719e-01 6.046445965766906738e-01 4.104954749345779419e-02
5.892732739448547363e-01 6.316505074501037598e-01 5.629165843129158020e-02
6.227148771286010742e-01 4.729263782501220703e-01 8.038577437400817871e-02
6.032958030700683594e-01 5.767745971679687500e-01 6.688152998685836792e-02
6.278333663940429688e-01 3.686525225639343262e-01 7.808516174554824829e-02
5.415437221527099609e-01 6.540092825889587402e-01 1.511792931705713272e-02
5.026360154151916504e-01 4.870280921459197998e-01 -4.420307278633117676e-02
5.377812385559082031e-01 4.649953246116638184e-01 -9.383135475218296051e-03
6.177846193313598633e-01 4.089809358119964600e-01 6.828965246677398682e-02
5.847197771072387695e-01 3.950377106666564941e-01 2.299538441002368927e-02
5.676706433296203613e-01 3.923031687736511230e-01 5.729450844228267670e-03
5.316138267517089844e-01 5.771532654762268066e-01 -2.612476237118244171e-05
6.114159822463989258e-01 4.994815289974212646e-01 3.479288890957832336e-02
5.011855959892272949e-01 6.814528107643127441e-01 7.949397899210453033e-03
5.509310364723205566e-01 6.636841297149658203e-01 2.480016276240348816e-02
5.661448836326599121e-01 6.430442929267883301e-01 3.477615118026733398e-02
5.476649403572082520e-01 3.984089195728302002e-01 1.091791409999132156e-02
5.497435927391052246e-01 3.945201635360717773e-01 1.009894721210002899e-02
5.502820014953613281e-01 3.776125609874725342e-01 4.716007970273494720e-04
6.195185780525207520e-01 3.608406782150268555e-01 5.070781335234642029e-02
5.455227494239807129e-01 3.892137706279754639e-01 1.315169036388397217e-02
5.628938674926757812e-01 3.645471334457397461e-01 3.612375352531671524e-03
5.635570883750915527e-01 3.642794787883758545e-01 1.194281876087188721e-02
5.855147242546081543e-01 3.714357316493988037e-01 2.262190915644168854e-02
5.805565714836120605e-01 3.864589929580688477e-01 3.152206167578697205e-02
6.321130990982055664e-01 3.649272918701171875e-01 9.949490427970886230e-02
5.763670206069946289e-01 3.915284276008605957e-01 1.820267736911773682e-02
5.487378835678100586e-01 5.146607756614685059e-01 -1.633618958294391632e-02
5.401743054389953613e-01 4.816774427890777588e-01 -2.138671651482582092e-02
5.127516984939575195e-01 5.247911214828491211e-01 -3.773104399442672729e-02
5.772556662559509277e-01 6.260541677474975586e-01 1.707115583121776581e-02
5.508918762207031250e-01 6.349955797195434570e-01 2.600817568600177765e-02
5.137919783592224121e-01 6.756188273429870605e-01 1.499157864600419998e-03
5.906131863594055176e-01 6.049976348876953125e-01 8.765631914138793945e-02
5.448423027992248535e-01 3.782156407833099365e-01 1.184928975999355316e-02
5.343147516250610352e-01 4.244175851345062256e-01 -1.799943298101425171e-02
5.384202599525451660e-01 6.734583377838134766e-01 1.969328150153160095e-02
6.180587410926818848e-01 5.164866447448730469e-01 6.392376124858856201e-02
5.116958618164062500e-01 5.706676840782165527e-01 -9.298948571085929871e-03
5.247210264205932617e-01 5.844541192054748535e-01 -1.592465117573738098e-02
5.282984375953674316e-01 5.861375927925109863e-01 -1.828337274491786957e-02
5.296125411987304688e-01 6.040555238723754883e-01 -9.468012489378452301e-03
5.322830677032470703e-01 6.083784699440002441e-01 -1.668321341276168823e-02
5.429314970970153809e-01 5.580292344093322754e-01 -6.733600515872240067e-03
5.348570346832275391e-01 5.588064193725585938e-01 -5.806519649922847748e-03
5.462321043014526367e-01 5.521858334541320801e-01 -3.915227483958005905e-03
5.534515976905822754e-01 5.414730310440063477e-01 7.162406109273433685e-05
5.948281884193420410e-01 5.047776699066162109e-01 2.172327414155006409e-02
5.193894505500793457e-01 4.105833768844604492e-01 -1.019441895186901093e-02
5.412333011627197266e-01 3.748223483562469482e-01 1.355666853487491608e-02
5.419746637344360352e-01 3.652018010616302490e-01 4.976609721779823303e-03
5.333895087242126465e-01 5.704146027565002441e-01 -2.543934062123298645e-02
5.952722430229187012e-01 5.533284544944763184e-01 1.958937942981719971e-02
5.132262110710144043e-01 3.607325553894042969e-01 -7.909687235951423645e-03
5.388998389244079590e-01 6.172483563423156738e-01 -5.728898104280233383e-03
5.161927342414855957e-01 4.103605449199676514e-01 -2.328288555145263672e-02
5.312753915786743164e-01 4.423143267631530762e-01 -1.646074652671813965e-02
5.197043418884277344e-01 6.299888491630554199e-01 -2.108301222324371338e-02
5.572644472122192383e-01 5.946799516677856445e-01 9.880173951387405396e-03
5.590088963508605957e-01 4.886992871761322021e-01 1.376231899484992027e-03
5.475806593894958496e-01 6.135336160659790039e-01 -4.275326617062091827e-03
5.737229585647583008e-01 4.942300617694854736e-01 2.271233126521110535e-03
5.667363405227661133e-01 5.170025229454040527e-01 4.559022374451160431e-03
5.753719806671142578e-01 5.206252336502075195e-01 -8.938645012676715851e-03
5.197290182113647461e-01 6.616342067718505859e-01 -2.329246886074542999e-02
5.266819000244140625e-01 4.539174139499664307e-01 -3.237781673669815063e-02
5.669920444488525391e-01 6.093677282333374023e-01 2.331940270960330963e-02
5.509608983993530273e-01 6.204348802566528320e-01 1.051926519721746445e-04
5.691139698028564453e-01 5.729331374168395996e-01 1.205201260745525360e-02
6.031091809272766113e-01 5.343600511550903320e-01 4.730194061994552612e-02
5.912247896194458008e-01 5.665037035942077637e-01 8.991644717752933502e-03
6.062265634536743164e-01 5.511930584907531738e-01 7.399674504995346069e-02
5.646644234657287598e-01 5.359953045845031738e-01 -1.202077232301235199e-02
5.279155969619750977e-01 4.340097904205322266e-01 -2.896655350923538208e-02
5.274392366409301758e-01 4.806275963783264160e-01 -7.134067267179489136e-02
5.291286706924438477e-01 4.908887743949890137e-01 -2.713616564869880676e-02
5.281151533126831055e-01 4.605595171451568604e-01 -5.020073801279067993e-02
5.342447161674499512e-01 3.599155545234680176e-01 9.476875886321067810e-03
5.488111376762390137e-01 3.339510560035705566e-01 -4.587364383041858673e-03
5.816724896430969238e-01 3.408439755439758301e-01 1.149631221778690815e-03
5.999405980110168457e-01 3.409678936004638672e-01 6.736816838383674622e-03
6.023045182228088379e-01 3.573397099971771240e-01 1.216283161193132401e-02
6.030929684638977051e-01 3.856480121612548828e-01 3.581150621175765991e-02
6.298300027847290039e-01 4.413603246212005615e-01 8.529119938611984253e-02
6.035940647125244141e-01 4.165800511837005615e-01 2.464942261576652527e-02
5.925507545471191406e-01 4.279038906097412109e-01 1.637900620698928833e-02
5.655137300491333008e-01 4.192031025886535645e-01 6.356130354106426239e-03
5.482226610183715820e-01 4.039047360420227051e-01 1.081390958279371262e-02
5.361634492874145508e-01 4.018160700798034668e-01 6.996043026447296143e-03
5.395689010620117188e-01 4.032346010208129883e-01 1.569635793566703796e-02
6.322673559188842773e-01 4.492589235305786133e-01 1.219017282128334045e-01
5.289669632911682129e-01 4.956671595573425293e-01 -2.724148705601692200e-02
5.194146037101745605e-01 4.207665324211120605e-01 -3.027544356882572174e-02
5.280902385711669922e-01 4.660576581954956055e-01 -5.372155085206031799e-02
5.048062801361083984e-01 4.753264784812927246e-01 -3.440105542540550232e-02
5.338173508644104004e-01 4.867024421691894531e-01 -4.563368484377861023e-02
5.360518693923950195e-01 4.885282516479492188e-01 -7.113060913980007172e-03
5.201230645179748535e-01 4.852188825607299805e-01 -5.012584477663040161e-02
5.056055188179016113e-01 4.893607795238494873e-01 -4.485917463898658752e-02
5.283744335174560547e-01 3.902267813682556152e-01 1.498697418719530106e-02
5.294034481048583984e-01 3.735975623130798340e-01 1.225448679178953171e-02
5.236334800720214844e-01 3.828997313976287842e-01 -1.870099268853664398e-02
5.825554728507995605e-01 3.870347738265991211e-01 2.428869344294071198e-02
5.885728001594543457e-01 3.641418218612670898e-01 3.068298473954200745e-02
4.499979913234710693e-01 3.719415664672851562e-01 1.455795764923095703e-02
4.512891769409179688e-01 3.687415122985839844e-01 2.165710553526878357e-03
4.399347603321075439e-01 3.470842540264129639e-01 2.398674376308917999e-02
4.222265183925628662e-01 3.575351834297180176e-01 1.684673503041267395e-02
4.449542760848999023e-01 3.781871199607849121e-01 6.777305155992507935e-03
5.679419636726379395e-01 3.755711615085601807e-01 4.333185032010078430e-03
5.779083967208862305e-01 3.864513933658599854e-01 1.823493465781211853e-02
5.760685205459594727e-01 3.677383661270141602e-01 1.623784564435482025e-02
5.438837409019470215e-01 3.754409849643707275e-01 1.812881976366043091e-02
5.754076242446899414e-01 3.922100961208343506e-01 1.809327490627765656e-02
