5.032171010971069336e-01 5.410938262939453125e-01 -4.236258193850517273e-02
5.002332329750061035e-01 4.756620526313781738e-01 -5.696229264140129089e-02
5.017886161804199219e-01 5.050706267356872559e-01 -4.447183758020401001e-02
4.906335771083831787e-01 4.290354251861572266e-01 -4.004539921879768372e-02
5.102793574333190918e-01 4.669098258018493652e-01 -6.787776201963424683e-02
5.103142261505126953e-01 4.359076321125030518e-01 -5.466980859637260437e-02
5.098657608032226562e-01 3.843466043472290039e-01 -2.925960533320903778e-02
4.253656864166259766e-01 3.755173385143280029e-01 1.050876360386610031e-02
5.028057694435119629e-01 3.454222679138183594e-01 -2.418999001383781433e-02
5.156161189079284668e-01 3.066077530384063721e-01 -1.014035567641258240e-02
5.212174654006958008e-01 2.500876784324645996e-01 3.675574436783790588e-03
5.124969482421875000e-01 5.384995937347412109e-01 -3.273158147931098938e-02
4.994139969348907471e-01 5.515286922454833984e-01 -3.281395509839057922e-02
5.120581984519958496e-01 5.523348450660705566e-01 -2.664542384445667267e-02
5.025783777236938477e-01 5.842033624649047852e-01 -2.173308096826076508e-02
5.075767636299133301e-01 5.901085734367370605e-01 -2.226208336651325226e-02
4.933731555938720703e-01 5.930010080337524414e-01 -2.825722284615039825e-02
5.027157068252563477e-01 6.062240004539489746e-01 -2.043216302990913391e-02
4.953061342239379883e-01 6.227205991744995117e-01 -6.652907468378543854e-03
5.034984350204467773e-01 4.928268194198608398e-01 -5.403865873813629150e-02
4.983409643173217773e-01 4.842336773872375488e-01 -3.713148832321166992e-02
3.859091103076934814e-01 3.161598443984985352e-01 6.769247353076934814e-02
4.537067711353302002e-01 3.996035158634185791e-01 -8.165803737938404083e-04
4.518590569496154785e-01 3.912462890148162842e-01 2.692793728783726692e-03
4.309608638286590576e-01 3.914316892623901367e-01 8.937845006585121155e-03
4.256618320941925049e-01 3.872647881507873535e-01 8.705415762960910797e-03
4.695391654968261719e-01 3.906567394733428955e-01 1.024208404123783112e-02
4.493203461170196533e-01 3.429905772209167480e-01 3.673976054415106773e-03
4.585572481155395508e-01 3.456875085830688477e-01 5.530950147658586502e-03
4.235772490501403809e-01 3.354238867759704590e-01 2.388776279985904694e-03
4.201975464820861816e-01 3.579266071319580078e-01 7.381810806691646576e-03
4.044790267944335938e-01 3.971957266330718994e-01 2.600608579814434052e-02
4.478306174278259277e-01 6.378925442695617676e-01 -3.380567301064729691e-03
4.191384911537170410e-01 3.757761716842651367e-01 1.385098695755004883e-02
3.777492344379425049e-01 3.839615881443023682e-01 6.437297165393829346e-02
4.004528224468231201e-01 3.759674131870269775e-01 4.225880652666091919e-02
4.475257098674774170e-01 4.678398966789245605e-01 -1.048237737268209457e-02
4.987790286540985107e-01 5.244069695472717285e-01 -3.719384595751762390e-02
4.901586174964904785e-01 5.419777631759643555e-01 -3.703474253416061401e-02
4.724738597869873047e-01 5.345837473869323730e-01 -3.124465793371200562e-02
4.566378295421600342e-01 5.466309785842895508e-01 -3.187212347984313965e-02
4.838096201419830322e-01 5.489499568939208984e-01 -2.794326096773147583e-02
4.765729904174804688e-01 5.488827824592590332e-01 -2.227951027452945709e-02
4.444526433944702148e-01 5.780758261680603027e-01 -9.654656052589416504e-03
4.982793927192687988e-01 4.813840389251708984e-01 -6.407667696475982666e-02
4.944274723529815674e-01 4.666136801242828369e-01 -6.704503297805786133e-02
4.089369177818298340e-01 3.352148234844207764e-01 1.764778606593608856e-02
4.691042602062225342e-01 4.320977032184600830e-01 -8.579708635807037354e-03
4.634198844432830811e-01 4.738451242446899414e-01 -3.823891282081604004e-02
4.739567637443542480e-01 4.611462056636810303e-01 -2.829207107424736023e-02
4.150506854057312012e-01 4.607351720333099365e-01 1.094352919608354568e-02
5.075601339340209961e-01 4.369261562824249268e-01 -5.376487970352172852e-02
4.379964768886566162e-01 3.035762012004852295e-01 1.524617895483970642e-03
4.161492884159088135e-01 3.160450756549835205e-01 2.860241336748003960e-03
3.978262543678283691e-01 2.818930447101593018e-01 5.182925239205360413e-02
4.937171936035156250e-01 3.353565037250518799e-01 -8.401626721024513245e-03
4.746501147747039795e-01 3.446951806545257568e-01 5.066087469458580017e-03
4.399003088474273682e-01 5.631742477416992188e-01 -3.392892424017190933e-03
3.769149780273437500e-01 5.464531779289245605e-01 7.791756838560104370e-02
4.741347432136535645e-01 4.776548147201538086e-01 -3.447151929140090942e-02
4.922560453414916992e-01 4.924269914627075195e-01 -1.182475686073303223e-02
4.510512351989746094e-01 5.579998493194580078e-01 -2.395349554717540741e-03
4.586759805679321289e-01 5.682299733161926270e-01 -1.210647355765104294e-02
4.169123768806457520e-01 2.971077263355255127e-01 1.425490435212850571e-02
4.711420834064483643e-01 4.770464897155761719e-01 -2.857595309615135193e-02
4.626542925834655762e-01 3.173451125621795654e-01 -1.012709736824035645e-02
4.546094834804534912e-01 2.964748442173004150e-01 -1.163340639322996140e-02
4.549893438816070557e-01 2.451895475387573242e-01 1.054358761757612228e-02
4.035241901874542236e-01 2.911841273307800293e-01 2.515835501253604889e-02
4.600574970245361328e-01 2.823079526424407959e-01 -5.605027079582214355e-03
4.049760401248931885e-01 3.219040334224700928e-01 2.483995817601680756e-02
3.892382979393005371e-01 3.260509073734283447e-01 4.219384863972663879e-02
4.910571575164794922e-01 5.356282591819763184e-01 -4.357670620083808899e-02
4.799220561981201172e-01 5.486307740211486816e-01 -2.979007363319396973e-02
4.651955962181091309e-01 5.442840456962585449e-01 -1.913986355066299438e-02
4.859425723552703857e-01 4.932487010955810547e-01 -2.868067845702171326e-02
4.712955355644226074e-01 5.711444020271301270e-01 -5.018872674554586411e-03
4.513746500015258789e-01 5.730618238449096680e-01 -1.233961526304483414e-02
4.644752740859985352e-01 5.638467669486999512e-01 -5.112121812999248505e-03
4.853517711162567139e-01 4.824265539646148682e-01 -4.433422908186912537e-02
4.853205680847167969e-01 5.564087033271789551e-01 -2.475691027939319611e-02
4.799733161926269531e-01 5.506334900856018066e-01 -1.629715785384178162e-02
4.918561577796936035e-01 5.448397994041442871e-01 -1.830293983221054077e-02
4.804044961929321289e-01 6.213096976280212402e-01 -1.338059175759553909e-02
4.740349948406219482e-01 6.048598289489746094e-01 -1.474805362522602081e-02
4.832358360290527344e-01 6.007703542709350586e-01 -2.758392691612243652e-02
4.843067824840545654e-01 5.898218154907226562e-01 -2.477580122649669647e-02
4.852869808673858643e-01 5.815018415451049805e-01 -1.536836009472608566e-02
4.737474024295806885e-01 5.760896801948547363e-01 -3.794085700064897537e-03
4.711974859237670898e-01 5.710464119911193848e-01 -1.419903710484504700e-02
4.685505926609039307e-01 5.859673619270324707e-01 -2.157732099294662476e-02
4.614608585834503174e-01 5.849627256393432617e-01 -2.265363931655883789e-02
4.507833421230316162e-01 5.240404605865478516e-01 -2.146190404891967773e-02
3.727421164512634277e-01 4.624575078487396240e-01 1.088726073503494263e-01
5.078403353691101074e-01 4.979059398174285889e-01 -3.801732510328292847e-02
4.681884944438934326e-01 5.653666853904724121e-01 -6.999729201197624207e-03
4.680363535881042480e-01 5.716820955276489258e-01 -4.390861373394727707e-03
4.908078014850616455e-01 4.970436990261077881e-01 -3.775355219841003418e-02
4.652165770530700684e-01 4.967508912086486816e-01 -2.327762544155120850e-02
4.952838718891143799e-01 4.984654784202575684e-01 -4.004804044961929321e-02
4.590133428573608398e-01 4.359549582004547119e-01 -8.005499839782714844e-03
4.405166804790496826e-01 4.418735504150390625e-01 -2.877173945307731628e-03
4.653430581092834473e-01 4.811881184577941895e-01 -2.586146071553230286e-02
4.205877184867858887e-01 2.610768079757690430e-01 3.137552365660667419e-02
4.310117959976196289e-01 2.801413238048553467e-01 8.853519335389137268e-03
4.304421246051788330e-01 3.006737530231475830e-01 8.720853365957736969e-03
4.655359983444213867e-01 6.003772020339965820e-01 4.470441956073045731e-03
4.833394289016723633e-01 3.041040003299713135e-01 -1.082980632781982422e-02
4.722774028778076172e-01 2.794086933135986328e-01 -6.095335818827152252e-03
4.843079149723052979e-01 2.503498196601867676e-01 -2.742721699178218842e-05
4.284065961837768555e-01 3.877757787704467773e-01 1.907672174274921417e-02
3.994197845458984375e-01 4.072836041450500488e-01 3.127369657158851624e-02
4.732045233249664307e-01 3.828504383563995361e-01 1.192131079733371735e-02
4.029986560344696045e-01 3.563843965530395508e-01 1.741616986691951752e-02
4.813726842403411865e-01 4.179761409759521484e-01 -2.278643194586038589e-03
4.779649972915649414e-01 4.687474370002746582e-01 -3.433717414736747742e-02
3.842411041259765625e-01 4.177784919738769531e-01 3.790806978940963745e-02
4.048225581645965576e-01 4.200451374053955078e-01 1.426774263381958008e-02
4.164969623088836670e-01 4.357527792453765869e-01 5.567748099565505981e-03
4.360985159873962402e-01 4.189998507499694824e-01 -1.900702773127704859e-05
4.556194543838500977e-01 4.196569025516510010e-01 -1.068518869578838348e-02
4.774581193923950195e-01 4.098813831806182861e-01 9.073212742805480957e-03
4.975426197052001953e-01 3.981256186962127686e-01 -1.295514591038227081e-02
3.883257806301116943e-01 4.492141306400299072e-01 2.988997846841812134e-02
3.939732015132904053e-01 3.475590050220489502e-01 1.932140067219734192e-02
5.063976049423217773e-01 4.816918373107910156e-01 -4.927331581711769104e-02
4.669238328933715820e-01 4.390150010585784912e-01 -1.940856873989105225e-02
3.740105926990509033e-01 3.889383971691131592e-01 1.087078973650932312e-01
4.824224412441253662e-01 3.926137983798980713e-01 -1.075262762606143951e-02
4.709557592868804932e-01 4.724957644939422607e-01 -1.447705738246440887e-02
4.103938043117523193e-01 3.701407909393310547e-01 9.833857417106628418e-03
4.709796905517578125e-01 4.550480842590332031e-01 -3.356734663248062134e-02
3.705943524837493896e-01 4.967953264713287354e-01 9.598097205162048340e-02
4.735310077667236328e-01 3.824709653854370117e-01 1.465401984751224518e-02
4.857788085937500000e-01 4.437240064144134521e-01 -4.825752973556518555e-02
3.986571729183197021e-01 5.899019241333007812e-01 2.999354526400566101e-02
3.974945247173309326e-01 6.107767224311828613e-01 4.098517075181007385e-02
3.717347681522369385e-01 4.564893245697021484e-01 6.813627481460571289e-02
3.918309807777404785e-01 5.651912689208984375e-01 4.205680266022682190e-02
3.832905292510986328e-01 3.583162426948547363e-01 6.381544470787048340e-02
4.435187876224517822e-01 6.583909988403320312e-01 -1.514128409326076508e-03
4.989298582077026367e-01 4.878493249416351318e-01 -4.104179888963699341e-02
4.682800471782684326e-01 4.597705006599426270e-01 -1.406130939722061157e-02
3.804987072944641113e-01 3.832779824733734131e-01 3.734292089939117432e-02
4.405449032783508301e-01 3.894679248332977295e-01 2.374007599428296089e-04
4.512065947055816650e-01 3.786934018135070801e-01 6.922548171132802963e-03
4.638135135173797607e-01 5.738365650177001953e-01 -6.796427071094512939e-03
3.919740021228790283e-01 4.889173805713653564e-01 3.174674510955810547e-02
4.641019701957702637e-01 6.941527724266052246e-01 8.555690757930278778e-03
4.355094134807586670e-01 6.519595980644226074e-01 2.158189006149768829e-02
4.212394058704376221e-01 6.328840851783752441e-01 3.795420378446578979e-02
5.171306729316711426e-01 2.859983742237091064e-01 -3.405697643756866455e-03
4.862310290336608887e-01 6.952421665191650391e-01 1.665611169300973415e-03
4.573318660259246826e-01 3.848280608654022217e-01 9.032208472490310669e-03
4.706513583660125732e-01 3.782038390636444092e-01 2.916079480201005936e-03
4.749754369258880615e-01 3.827846050262451172e-01 5.609991028904914856e-03
3.885180652141571045e-01 3.509644269943237305e-01 3.676194697618484497e-02
4.691029489040374756e-01 3.668686151504516602e-01 1.337394770234823227e-02
4.488164186477661133e-01 3.637131452560424805e-01 1.114310324192047119e-02
4.476819932460784912e-01 3.641524016857147217e-01 1.939665526151657104e-04
4.355391860008239746e-01 3.662061691284179688e-01 1.508068572729825974e-02
4.294444620609283447e-01 3.693053722381591797e-01 1.024394296109676361e-02
3.791644871234893799e-01 3.450249433517456055e-01 8.075591176748275757e-02
4.197629392147064209e-01 3.767104446887969971e-01 2.068975567817687988e-02
5.104932188987731934e-01 5.129843950271606445e-01 -3.685655072331428528e-02
4.709019362926483154e-01 5.146706700325012207e-01 -3.146474808454513550e-02
4.777180552482604980e-01 4.819164872169494629e-01 -3.261147812008857727e-02
4.908574223518371582e-01 5.117794275283813477e-01 -3.721010312438011169e-02
5.128253698348999023e-01 3.645907044410705566e-01 -2.058124728500843048e-02
4.141231477260589600e-01 6.157739162445068359e-01 1.317520625889301300e-02
4.322236478328704834e-01 6.339433193206787109e-01 2.353617362678050995e-02
4.594483375549316406e-01 6.674882173538208008e-01 -1.818826235830783844e-02
3.824522197246551514e-01 5.895557403564453125e-01 7.833393663167953491e-02
4.776453971862792969e-01 3.756239116191864014e-01 9.501944296061992645e-03
4.795547425746917725e-01 4.191618561744689941e-01 -2.157096005976200104e-02
4.970717132091522217e-01 6.816501617431640625e-01 -1.802302780561149120e-03
4.467815756797790527e-01 6.685417294502258301e-01 2.069941721856594086e-02
3.720783889293670654e-01 5.026385188102722168e-01 6.115726754069328308e-02
4.810940623283386230e-01 5.800815224647521973e-01 -1.458905823528766632e-02
4.830884635448455811e-01 5.802819132804870605e-01 -1.831378228962421417e-02
4.717558622360229492e-01 5.849595665931701660e-01 -2.420244738459587097e-02
4.692448377609252930e-01 6.036546826362609863e-01 -1.582677848637104034e-02
4.641773998737335205e-01 6.091884970664978027e-01 -1.974936947226524353e-02
4.650866985321044922e-01 5.475330948829650879e-01 -1.625879667699337006e-02
4.574431180953979492e-01 5.560835599899291992e-01 -1.547601446509361267e-02
4.564027786254882812e-01 5.526629686355590820e-01 -7.335083559155464172e-03
4.502558112144470215e-01 5.309501886367797852e-01 -9.949794970452785492e-03
4.036086797714233398e-01 5.027781724929809570e-01 1.960741169750690460e-02
4.925264120101928711e-01 3.932562470436096191e-01 -1.953434944152832031e-02
4.874820411205291748e-01 3.603005409240722656e-01 5.462430883198976517e-03
4.799169600009918213e-01 3.804251551628112793e-01 3.931318409740924835e-03
4.625072777271270752e-01 5.542667508125305176e-01 2.036071149632334709e-03
3.967633545398712158e-01 5.441190600395202637e-01 3.273657336831092834e-02
4.983361363410949707e-01 3.567143380641937256e-01 -8.327292278409004211e-03
4.587628245353698730e-01 6.192899346351623535e-01 -2.828399650752544403e-03
5.116622447967529297e-01 4.181672334671020508e-01 -4.874398931860923767e-02
4.942540824413299561e-01 4.073638916015625000e-01 -3.231590613722801208e-02
5.014171004295349121e-01 4.023265838623046875e-01 -3.964721783995628357e-02
4.785545170307159424e-01 4.455035626888275146e-01 -2.749330922961235046e-02
4.935781657695770264e-01 6.677352786064147949e-01 -1.418148167431354523e-02
4.963914453983306885e-01 6.443904042243957520e-01 -1.317078061401844025e-02
4.695946276187896729e-01 6.423260569572448730e-01 -1.300588436424732208e-02
4.294489920139312744e-01 5.869594216346740723e-01 -3.113010898232460022e-03
4.483947753906250000e-01 4.913032650947570801e-01 -1.350763812661170959e-02
4.463567435741424561e-01 6.067100763320922852e-01 -4.017602186650037766e-04
4.263473451137542725e-01 4.849948287010192871e-01 -1.020938158035278320e-02
4.429230391979217529e-01 5.136761665344238281e-01 -9.241111110895872116e-04
4.176923632621765137e-01 5.195608735084533691e-01 -3.148472635075449944e-03
4.687565565109252930e-01 6.591531038284301758e-01 -8.936512283980846405e-03
4.714855253696441650e-01 4.466737806797027588e-01 -1.921635493636131287e-02
4.283314347267150879e-01 5.925686359405517578e-01 4.232373554259538651e-03
4.381738007068634033e-01 6.268169879913330078e-01 1.648190431296825409e-03
4.236750602722167969e-01 5.614627599716186523e-01 4.191929474472999573e-04
3.906152546405792236e-01 5.162985324859619141e-01 4.740598797798156738e-02
4.095220565795898438e-01 5.621060729026794434e-01 1.999647915363311768e-02
3.765504360198974609e-01 5.286623239517211914e-01 6.029520556330680847e-02
4.321274161338806152e-01 5.244854092597961426e-01 -7.338394876569509506e-03
4.825534224510192871e-01 4.231254458427429199e-01 -1.035213842988014221e-02
4.769206047058105469e-01 4.690332412719726562e-01 -4.981951415538787842e-02
4.781078398227691650e-01 4.795163869857788086e-01 -4.048171266913414001e-02
4.943073093891143799e-01 4.603307247161865234e-01 -4.407947137951850891e-02
4.769646525382995605e-01 3.537401556968688965e-01 -6.357165984809398651e-03
4.636919200420379639e-01 3.344821631908416748e-01 -5.629495251923799515e-03
4.410694539546966553e-01 3.252632915973663330e-01 -1.113171875476837158e-02
4.372873902320861816e-01 3.345651626586914062e-01 4.664340522140264511e-04
4.182077646255493164e-01 3.407272696495056152e-01 1.255627628415822983e-02
3.962590098381042480e-01 3.747598230838775635e-01 2.015146054327487946e-02
3.670873939990997314e-01 4.185747504234313965e-01 7.046581804752349854e-02
4.162654578685760498e-01 4.099670946598052979e-01 1.784785650670528412e-02
4.260758459568023682e-01 4.028127789497375488e-01 1.362661831080913544e-03
4.459721744060516357e-01 4.095092713832855225e-01 5.219531012699007988e-04
4.601765871047973633e-01 3.999786376953125000e-01 1.868412829935550690e-03
4.698110520839691162e-01 3.967197835445404053e-01 -1.570529188029468060e-03
4.808355569839477539e-01 3.884342014789581299e-01 1.344478689134120941e-03
3.584385514259338379e-01 4.182729721069335938e-01 1.080563217401504517e-01
4.692698121070861816e-01 4.837336242198944092e-01 -2.694565616548061371e-02
4.910346567630767822e-01 4.302406609058380127e-01 -3.647985309362411499e-02
4.882580041885375977e-01 4.749963283538818359e-01 -5.140949413180351257e-02
4.944820106029510498e-01 4.907829761505126953e-01 -5.172881856560707092e-02
4.774667918682098389e-01 4.829195141792297363e-01 -5.500303208827972412e-02
4.731773138046264648e-01 4.845816791057586670e-01 -2.836563438177108765e-02
4.975712597370147705e-01 4.814886450767517090e-01 -5.584372952580451965e-02
4.959703385829925537e-01 4.897364974021911621e-01 -4.353002458810806274e-02
4.805178046226501465e-01 3.811187148094177246e-01 9.325806982815265656e-03
4.839801192283630371e-01 3.804414570331573486e-01 1.503834268078207970e-03
4.934544563293457031e-01 3.854809701442718506e-01 -5.422744899988174438e-03
4.352000653743743896e-01 3.637453615665435791e-01 1.435899920761585236e-02
4.320009946823120117e-01 3.490715026855468750e-01 1.882303319871425629e-02
5.139492750167846680e-01 4.271142780780792236e-01 -3.630964457988739014e-02
5.917823910713195801e-01 3.895215094089508057e-01 2.081188000738620758e-02
5.066166520118713379e-01 4.924048781394958496e-01 -3.490680828690528870e-02
6.275717616081237793e-01 3.403441011905670166e-01 8.503127843141555786e-02
5.619088411331176758e-01 4.051384925842285156e-01 8.731408044695854187e-03
5.643272995948791504e-01 4.063625931739807129e-01 5.678279325366020203e-03
5.906257033348083496e-01 4.006679058074951172e-01 6.158866453915834427e-03
5.994151830673217773e-01 4.020192325115203857e-01 2.278284542262554169e-02
5.460381507873535156e-01 3.889942467212677002e-01 1.918073743581771851e-02
5.776647329330444336e-01 3.504478633403778076e-01 1.158579718321561813e-02
5.617356300354003906e-01 3.590666055679321289e-01 3.597467672079801559e-03
5.919572114944458008e-01 3.503485918045043945e-01 1.697311177849769592e-02
5.986251831054687500e-01 3.616758584976196289e-01 2.586757391691207886e-02
6.124266982078552246e-01 4.057838320732116699e-01 2.532487362623214722e-02
5.423725843429565430e-01 6.498250365257263184e-01 -1.282330416142940521e-02
5.868078470230102539e-01 3.878720998764038086e-01 2.319907210767269135e-02
6.406175494194030762e-01 4.090980291366577148e-01 7.631714642047882080e-02
6.120676994323730469e-01 3.939681351184844971e-01 3.923008963465690613e-02
5.638463497161865234e-01 4.735907316207885742e-01 -5.050684791058301926e-03
5.198670625686645508e-01 5.379067063331604004e-01 -2.777029573917388916e-02
5.145364403724670410e-01 5.536196231842041016e-01 -3.359579294919967651e-02
5.375661253929138184e-01 5.343883633613586426e-01 -2.187889814376831055e-02
5.370386242866516113e-01 5.539933443069458008e-01 -1.738678663969039917e-02
5.265139937400817871e-01 5.531847476959228516e-01 -2.820773050189018250e-02
5.374000668525695801e-01 5.562183856964111328e-01 -2.057763375341892242e-02
5.330383181571960449e-01 5.911275148391723633e-01 -3.472836688160896301e-03
5.162231922149658203e-01 4.756317138671875000e-01 -6.313647329807281494e-02
5.177642703056335449e-01 4.634209573268890381e-01 -6.589511781930923462e-02
6.088841557502746582e-01 3.485433161258697510e-01 2.799423038959503174e-02
5.323589444160461426e-01 4.324121773242950439e-01 -4.568485543131828308e-03
5.379330515861511230e-01 4.740871787071228027e-01 -3.786209598183631897e-02
5.492038130760192871e-01 4.715898633003234863e-01 -3.226100280880928040e-02
5.977838039398193359e-01 4.703644812107086182e-01 1.091221813112497330e-02
5.176381468772888184e-01 4.455193579196929932e-01 -5.719541385769844055e-02
5.901892185211181641e-01 3.259218633174896240e-01 1.572822779417037964e-02
5.950714349746704102e-01 3.394198715686798096e-01 2.293198741972446442e-02
6.249249577522277832e-01 3.054685592651367188e-01 5.753771960735321045e-02
5.392593741416931152e-01 3.357161283493041992e-01 -8.439760655164718628e-03
5.493816733360290527e-01 3.579676449298858643e-01 6.889540702104568481e-03
5.583076477050781250e-01 5.693377852439880371e-01 8.284637704491615295e-03
6.134523153305053711e-01 5.737305879592895508e-01 9.432527422904968262e-02
5.378525853157043457e-01 4.877692759037017822e-01 -2.161424420773983002e-02
5.169199705123901367e-01 4.899308383464813232e-01 -3.362029418349266052e-02
5.471931695938110352e-01 5.706065893173217773e-01 2.128856023773550987e-03
5.459910035133361816e-01 5.794410109519958496e-01 -2.824522322043776512e-03
6.118661761283874512e-01 3.235941529273986816e-01 1.300821639597415924e-02
5.394574403762817383e-01 4.970915019512176514e-01 -2.657164633274078369e-02
5.634446144104003906e-01 3.242135941982269287e-01 -5.845393054187297821e-03
5.715594291687011719e-01 3.108792304992675781e-01 -7.706706412136554718e-03
5.773108601570129395e-01 2.564608156681060791e-01 1.431105285882949829e-02
6.275297403335571289e-01 3.226807713508605957e-01 2.767668664455413818e-02
5.693508982658386230e-01 2.917875349521636963e-01 6.798558868467807770e-03
6.094293594360351562e-01 3.450959026813507080e-01 3.007546812295913696e-02
6.235875487327575684e-01 3.512241840362548828e-01 5.188966169953346252e-02
5.225920677185058594e-01 5.429115295410156250e-01 -3.020693734288215637e-02
5.277702808380126953e-01 5.465098619461059570e-01 -2.430457621812820435e-02
5.401731133460998535e-01 5.552737712860107422e-01 -1.547314506024122238e-02
5.290026068687438965e-01 4.901473522186279297e-01 -3.881481289863586426e-02
5.459651350975036621e-01 5.761275291442871094e-01 1.303503522649407387e-03
5.367609858512878418e-01 5.812528729438781738e-01 -4.713466390967369080e-03
5.357773303985595703e-01 5.645112395286560059e-01 -8.236138150095939636e-03
5.298568010330200195e-01 4.813569486141204834e-01 -4.292839020490646362e-02
5.363809466361999512e-01 5.545128583908081055e-01 -1.132683176547288895e-02
5.284296274185180664e-01 5.429109930992126465e-01 -2.537007629871368408e-02
5.131757259368896484e-01 5.454044342041015625e-01 -3.700210526585578918e-02
5.176247954368591309e-01 6.227632761001586914e-01 -1.230284757912158966e-02
5.131740570068359375e-01 6.099714040756225586e-01 -2.017919532954692841e-02
5.141294002532958984e-01 6.032724976539611816e-01 -2.718414366245269775e-02
5.069853067398071289e-01 5.904901623725891113e-01 -3.137620538473129272e-02
5.155386328697204590e-01 5.814200043678283691e-01 -2.276766858994960785e-02
5.324226617813110352e-01 5.821792483329772949e-01 -1.652027480304241180e-02
5.274101495742797852e-01 5.685572028160095215e-01 -7.419697009027004242e-03
5.357303619384765625e-01 5.864402055740356445e-01 -1.164649333804845810e-02
5.391795635223388672e-01 5.898963212966918945e-01 -1.329586468636989594e-02
5.492774248123168945e-01 5.416761636734008789e-01 -1.434219069778919220e-02
6.289094686508178711e-01 4.888296127319335938e-01 1.189360842108726501e-01
5.362201333045959473e-01 5.720387101173400879e-01 -7.740218658000230789e-03
5.419473052024841309e-01 5.838648080825805664e-01 -6.166406907141208649e-03
5.151861906051635742e-01 4.977737963199615479e-01 -2.640558034181594849e-02
5.342593193054199219e-01 4.916838109493255615e-01 -1.931151933968067169e-02
5.210861563682556152e-01 4.990224540233612061e-01 -2.268746681511402130e-02
5.589079856872558594e-01 4.413263499736785889e-01 7.513153366744518280e-03
5.666881203651428223e-01 4.551053047180175781e-01 -2.156019909307360649e-04
5.378822684288024902e-01 4.866499304771423340e-01 -1.885263621807098389e-02
6.044855117797851562e-01 2.744815945625305176e-01 2.942962571978569031e-02
5.956773161888122559e-01 2.921559214591979980e-01 2.465931139886379242e-02
5.888773202896118164e-01 3.153653740882873535e-01 1.590651087462902069e-02
5.466830730438232422e-01 5.959079861640930176e-01 6.179035175591707230e-03
5.399793982505798340e-01 3.207001984119415283e-01 -1.508940942585468292e-02
5.484352111816406250e-01 2.878630161285400391e-01 -1.184753607958555222e-02
5.518597960472106934e-01 2.523406147956848145e-01 8.695477619767189026e-03
5.893086791038513184e-01 4.021047353744506836e-01 1.871009543538093567e-02
6.118848919868469238e-01 4.198733270168304443e-01 3.039917722344398499e-02
5.398861169815063477e-01 3.911615908145904541e-01 1.947582513093948364e-02
5.977675914764404297e-01 3.736554384231567383e-01 3.091849572956562042e-02
5.217720866203308105e-01 4.101747274398803711e-01 -4.971972666680812836e-04
5.346044898033142090e-01 4.673715233802795410e-01 -4.169153049588203430e-02
6.312760114669799805e-01 4.447183609008789062e-01 4.367051273584365845e-02
5.953620672225952148e-01 4.332096576690673828e-01 1.242042146623134613e-02
5.882318615913391113e-01 4.314338862895965576e-01 2.248128689825534821e-02
5.762733221054077148e-01 4.317142069339752197e-01 4.259199835360050201e-03
5.512465834617614746e-01 4.209819138050079346e-01 3.099813126027584076e-03
5.470313429832458496e-01 4.103377163410186768e-01 -1.370274694636464119e-03
5.169423818588256836e-01 3.902339935302734375e-01 -2.535244263708591461e-02
6.216393709182739258e-01 4.829948544502258301e-01 5.093867331743240356e-02
6.158439517021179199e-01 3.754911124706268311e-01 2.412233501672744751e-02
5.132002830505371094e-01 4.913603067398071289e-01 -5.678718164563179016e-02
5.313651561737060547e-01 4.453696310520172119e-01 -1.091385725885629654e-02
6.206532716751098633e-01 4.009924232959747314e-01 1.083792001008987427e-01
5.340881943702697754e-01 3.981763720512390137e-01 6.942299660295248032e-04
5.448899269104003906e-01 4.796020388603210449e-01 -7.227750029414892197e-03
6.032127737998962402e-01 3.940371572971343994e-01 2.375746704638004303e-02
5.347189307212829590e-01 4.673354625701904297e-01 -3.847892209887504578e-02
6.292116045951843262e-01 5.364146232604980469e-01 1.226004585623741150e-01
5.418497920036315918e-01 3.917372524738311768e-01 9.876166470348834991e-03
5.279455184936523438e-01 4.520785808563232422e-01 -4.796785116195678711e-02
5.862436294555664062e-01 6.024855375289916992e-01 3.839350491762161255e-02
5.880153775215148926e-01 6.321343183517456055e-01 5.680428445339202881e-02
6.294481754302978516e-01 4.722416400909423828e-01 8.227062225341796875e-02
6.045625805854797363e-01 5.854478478431701660e-01 6.490337848663330078e-02
6.312079429626464844e-01 3.716551065444946289e-01 7.404567301273345947e-02
5.464163422584533691e-01 6.600787043571472168e-01 1.123236399143934250e-02
5.071766376495361328e-01 4.903905987739562988e-01 -4.108013957738876343e-02
5.449291467666625977e-01 4.696308970451354980e-01 -1.120049506425857544e-02
6.189005374908447266e-01 4.048970639705657959e-01 6.245247647166252136e-02
5.816903114318847656e-01 4.022960662841796875e-01 2.219623513519763947e-02
5.706863999366760254e-01 3.929151296615600586e-01 4.344778135418891907e-03
5.352981090545654297e-01 5.744946002960205078e-01 4.256318788975477219e-04
6.163879036903381348e-01 5.052192211151123047e-01 3.664039820432662964e-02
5.093554258346557617e-01 6.897858381271362305e-01 8.871876634657382965e-03
5.551887750625610352e-01 6.738097071647644043e-01 3.342222422361373901e-02
5.727863311767578125e-01 6.438360810279846191e-01 3.948122262954711914e-02
5.574767589569091797e-01 3.931924402713775635e-01 4.878835752606391907e-03
5.536664724349975586e-01 3.934940993785858154e-01 7.222713902592658997e-03
5.497774481773376465e-01 3.803334236145019531e-01 3.969301935285329819e-03
6.193794012069702148e-01 3.632594645023345947e-01 4.818809404969215393e-02
5.499109625816345215e-01 3.816124200820922852e-01 1.029107719659805298e-02
5.634050965309143066e-01 3.649976849555969238e-01 6.795717868953943253e-03
5.665060877799987793e-01 3.684780001640319824e-01 1.351167261600494385e-02
5.826274752616882324e-01 3.744194805622100830e-01 1.727231033146381378e-02
5.847646594047546387e-01 3.807604610919952393e-01 2.577571384608745575e-02
6.331186294555664062e-01 3.654358386993408203e-01 1.010936722159385681e-01
5.804455280303955078e-01 3.886922597885131836e-01 1.691172644495964050e-02
5.505104064941406250e-01 5.181394815444946289e-01 -1.768291741609573364e-02
5.360849499702453613e-01 4.882604479789733887e-01 -2.584243938326835632e-02
5.187144875526428223e-01 5.174294114112854004e-01 -3.611246496438980103e-02
5.775595307350158691e-01 6.295261979103088379e-01 1.792033389210700989e-02
5.534680485725402832e-01 6.429387331008911133e-01 2.250627242028713226e-02
5.155735611915588379e-01 6.784183382987976074e-01 -5.157548002898693085e-04
5.966596007347106934e-01 6.062185764312744141e-01 8.569294214248657227e-02
5.474650859832763672e-01 3.765939474105834961e-01 1.164458319544792175e-02
5.319793224334716797e-01 4.235967099666595459e-01 -2.200879529118537903e-02
5.396047830581665039e-01 6.754691004753112793e-01 1.647916063666343689e-02
6.284846067428588867e-01 5.237750411033630371e-01 6.569472700357437134e-02
5.159720182418823242e-01 5.787617564201354980e-01 -1.336233876645565033e-02
5.229554772377014160e-01 5.894569158554077148e-01 -1.676198467612266541e-02
5.271784067153930664e-01 5.957617759704589844e-01 -2.217506058514118195e-02
5.293061137199401855e-01 6.055061817169189453e-01 -1.014869380742311478e-02
5.351928472518920898e-01 6.148227453231811523e-01 -1.147660985589027405e-02
5.462924838066101074e-01 5.641106963157653809e-01 -4.391969647258520126e-03
5.422839522361755371e-01 5.614653229713439941e-01 -2.064676955342292786e-03
5.522413849830627441e-01 5.640357732772827148e-01 -4.978533368557691574e-03
5.591823458671569824e-01 5.469135642051696777e-01 -9.407869074493646622e-04
5.971167087554931641e-01 5.119878053665161133e-01 2.181278355419635773e-02
5.233858227729797363e-01 4.097930788993835449e-01 -1.160173676908016205e-02
5.352581143379211426e-01 3.752955496311187744e-01 1.201260089874267578e-02
5.412833094596862793e-01 3.733816444873809814e-01 9.606184437870979309e-03
5.335265994071960449e-01 5.688015222549438477e-01 -1.718344539403915405e-02
6.012799739837646484e-01 5.611592531204223633e-01 2.707396820187568665e-02
5.237531661987304688e-01 3.622150421142578125e-01 -6.665816996246576309e-03
5.354147553443908691e-01 6.288884878158569336e-01 -5.815147887915372849e-03
5.222150683403015137e-01 4.146468341350555420e-01 -2.486287802457809448e-02
5.354631543159484863e-01 4.455097913742065430e-01 -2.373975329101085663e-02
5.230293273925781250e-01 6.431537270545959473e-01 -1.532728038728237152e-02
5.606418848037719727e-01 5.981543064117431641e-01 6.544448435306549072e-03
5.514379143714904785e-01 4.904022514820098877e-01 -2.894366392865777016e-03
5.480929613113403320e-01 6.160124540328979492e-01 6.783277785871177912e-05
5.771234631538391113e-01 4.990229904651641846e-01 1.163873821496963501e-03
5.665193796157836914e-01 5.185961127281188965e-01 3.534086979925632477e-03
5.782260894775390625e-01 5.190765857696533203e-01 -4.011289216578006744e-03
5.172601938247680664e-01 6.631278395652770996e-01 -2.149847894906997681e-02
5.366888642311096191e-01 4.558641612529754639e-01 -2.829578705132007599e-02
5.699763298034667969e-01 6.138755679130554199e-01 2.316382527351379395e-02
5.514042973518371582e-01 6.256996393203735352e-01 2.585446229204535484e-03
5.708876848220825195e-01 5.729233622550964355e-01 5.303626880049705505e-03
6.078066229820251465e-01 5.371490120887756348e-01 4.737424850463867188e-02
5.891702771186828613e-01 5.750498175621032715e-01 8.666481822729110718e-03
6.115137934684753418e-01 5.514866113662719727e-01 7.507171481847763062e-02
5.692611336708068848e-01 5.419800281524658203e-01 -6.245788186788558960e-03
5.344402790069580078e-01 4.417453706264495850e-01 -2.790293097496032715e-02
5.289810895919799805e-01 4.782666563987731934e-01 -6.032494455575942993e-02
5.299016237258911133e-01 4.910686314105987549e-01 -3.443998470902442932e-02
5.329462289810180664e-01 4.648987650871276855e-01 -4.936648160219192505e-02
5.382969379425048828e-01 3.584699928760528564e-01 5.673334933817386627e-03
5.542452335357666016e-01 3.352531790733337402e-01 4.495113156735897064e-03
5.815026164054870605e-01 3.378801345825195312e-01 2.470041625201702118e-03
5.995759367942810059e-01 3.434158265590667725e-01 8.923115208745002747e-03
6.101087927818298340e-01 3.537486195564270020e-01 9.668909944593906403e-03
6.032378673553466797e-01 3.827283382415771484e-01 3.892486914992332458e-02
6.287934184074401855e-01 4.444246292114257812e-01 8.731672167778015137e-02
6.005914807319641113e-01 4.134249687194824219e-01 2.325732633471488953e-02
5.915328264236450195e-01 4.317422807216644287e-01 1.884460821747779846e-02
5.670185685157775879e-01 4.165322184562683105e-01 4.649444483220577240e-03
5.537338256835937500e-01 4.070790410041809082e-01 1.288512628525495529e-02
5.420439839363098145e-01 4.031942188739776611e-01 5.675010383129119873e-03
5.387253165245056152e-01 4.019184112548828125e-01 1.251438446342945099e-02
6.343954205513000488e-01 4.497205615043640137e-01 1.158218756318092346e-01
5.376816987991333008e-01 4.938311278820037842e-01 -2.641313895583152771e-02
5.166969895362854004e-01 4.238595366477966309e-01 -2.958086319267749786e-02
5.224769115447998047e-01 4.769840240478515625e-01 -5.669337883591651917e-02
5.117123723030090332e-01 4.824681878089904785e-01 -4.254302754998207092e-02
5.306120514869689941e-01 4.812610745429992676e-01 -4.783839359879493713e-02
5.318771600723266602e-01 4.905879199504852295e-01 -1.610832661390304565e-02
5.201253294944763184e-01 4.932854771614074707e-01 -5.437693372368812561e-02
5.121824145317077637e-01 4.930720925331115723e-01 -4.419494792819023132e-02
5.320525169372558594e-01 3.870495855808258057e-01 1.520836073905229568e-02
5.317142605781555176e-01 3.814583718776702881e-01 1.026895176619291306e-02
5.297891497611999512e-01 3.852567076683044434e-01 -1.340764481574296951e-02
5.878398418426513672e-01 3.845444917678833008e-01 2.593637444078922272e-02
6.017903685569763184e-01 3.691832423210144043e-01 2.751485072076320648e-02
4.479570984840393066e-01 3.732500374317169189e-01 1.248688995838165283e-02
4.538184106349945068e-01 3.723026514053344727e-01 4.574226215481758118e-03
4.430597126483917236e-01 3.523061573505401611e-01 1.811632327735424042e-02
4.284898042678833008e-01 3.652443885803222656e-01 1.661437004804611206e-02
4.453646540641784668e-01 3.822133839130401611e-01 8.797116577625274658e-03
5.721278190612792969e-01 3.765769600868225098e-01 1.010958291590213776e-02
5.864669084548950195e-01 3.888663351535797119e-01 1.748564466834068298e-02
5.809333920478820801e-01 3.613508343696594238e-01 1.506770402193069458e-02
5.556256771087646484e-01 3.775641024112701416e-01 2.063447237014770508e-02
5.760545730590820312e-01 3.942070603370666504e-01 2.006737329065799713e-02
