-2.030459488585868721e-02 -2.808857831332581823e-01 -5.390790639949137875e-01
2.369431632854013259e-02 -5.007893164255068363e-01 -2.174484639710402289e-01
2.533848818430492478e-02 -3.168240251153459086e-01 -2.865474834703073403e-01
-3.529086315136401031e-02 -4.541345084924516273e-01 1.387121667489709109e-01
2.348058198639189909e-02 -5.367061713711380744e-01 -1.176105299264954829e-01
2.238229570066823521e-02 -5.269493604217123650e-01 2.421640521712430105e-02
2.474224346176912004e-02 -3.873589161236331568e-01 3.853457644170434904e-01
-4.645572515596487762e-01 -1.225210948635108710e-01 4.843975090945140671e-01
2.523391788899612131e-02 -3.707415822460684574e-01 6.598041298911754282e-01
2.419530212722707102e-02 -4.000823757773148692e-01 7.922062197179990939e-01
2.272127294934837838e-02 -3.877835421974643593e-01 1.257885873185345726e+00
-1.924637691351196306e-02 -2.669040302453268287e-01 -5.692316963435810617e-01
-1.707843994842513091e-02 -2.409684351424412618e-01 -5.955320837240636322e-01
-1.337498986106810950e-02 -2.056994375658793839e-01 -6.106672136136672702e-01
-1.519637273140763550e-02 -2.095507935603705407e-01 -6.433105513463928116e-01
-1.601580646675911102e-02 -2.131612395846580466e-01 -6.859800952278292119e-01
-1.803201711010514463e-02 -2.229587252851986667e-01 -7.354143807476043460e-01
-1.778100530861093098e-02 -2.107385556271504923e-01 -7.833076773887586164e-01
1.413791997170255055e-02 -1.430038552639277816e-01 -8.578793675618776593e-01
2.256572708638227009e-02 -4.596098525858436368e-01 -2.615043971874785322e-01
-4.362947503650135839e-02 -3.651678962656602634e-01 -2.418843253833445894e-01
-7.207540391188962392e-01 1.490132363699283591e-01 9.235947528925469996e-01
-2.759917226122909906e-01 -1.844363740418882847e-01 3.691344234043829609e-01
-3.466701300652592632e-01 -1.768961837613650667e-01 3.619942404483785792e-01
-4.124828954454897723e-01 -1.573820759461947993e-01 3.750197106322494811e-01
-4.929150039834431229e-01 -1.081316711106565798e-01 4.558247940266573206e-01
-2.137101759099760967e-01 -1.797065617774793456e-01 3.956195388594720974e-01
-3.757246864902825667e-01 -2.400080966637497815e-01 6.923685442434124315e-01
-2.950060169018935419e-01 -2.392867700856295965e-01 6.770108811109274427e-01
-4.471274979913903991e-01 -2.143239854039457049e-01 6.761908807947072386e-01
-4.923771918017414428e-01 -1.813854998423651832e-01 6.364980884206559164e-01
-5.522401386186190919e-01 -6.427224067816864062e-02 3.984338424380227117e-01
-2.394892881375094151e-01 -2.815166574798437515e-02 -9.657243123549801300e-01
-4.871603942025823919e-01 -1.047101479423211134e-01 5.257146971917134870e-01
-7.435844610213659944e-01 2.306572849959327431e-01 5.013994920411952716e-01
-6.276953626412395959e-01 -4.217466123042183657e-03 4.897115446869907407e-01
-3.229276108378893451e-01 -1.933112792670249602e-01 -4.832311452706872235e-02
-9.774515405223735409e-02 -2.749864942687680891e-01 -5.139915319190319076e-01
-8.505684688114972802e-02 -2.317273654760984014e-01 -5.853723938320394282e-01
-1.675414279049073918e-01 -2.315077621754386694e-01 -5.291682446292623743e-01
-2.172924355630214688e-01 -1.768318569444645716e-01 -5.408972272330094810e-01
-1.425899663557169683e-01 -2.044124690845392500e-01 -5.774172004510875755e-01
-1.896883093536887999e-01 -1.562475385006081297e-01 -5.690665691295007100e-01
-3.119175274183378921e-01 -5.695067200251940909e-02 -6.516487578761731569e-01
-3.501076878757171384e-02 -4.933754524997195912e-01 -2.102526948552826402e-01
-4.535421441053538727e-02 -5.266688571280516706e-01 -1.130066183815003622e-01
-5.842207535380639083e-01 -1.715737803489095770e-01 7.269354777528547196e-01
-1.813622892395348463e-01 -2.374556430296803633e-01 1.947986047277778798e-01
-1.944887030992271115e-01 -3.281458214151987685e-01 -1.450582284457969662e-01
-1.999210369802167930e-01 -3.149110929872094289e-01 -8.614703515277477575e-02
-5.257100146532782681e-01 -1.065254505222863746e-01 -8.167415064495739396e-03
-4.094151513540976450e-02 -5.044007699841748238e-01 1.974010329666421593e-02
-4.268171676961547423e-01 -2.995846767967192958e-01 8.181529849453514913e-01
-5.199007230893364362e-01 -2.424077782071731857e-01 7.913239218465590863e-01
-6.519374686332284341e-01 -4.244121706608417616e-03 1.072791472059672069e+00
-1.236864841682162042e-01 -3.514035057160064257e-01 7.001526773430915007e-01
-2.235107841169406973e-01 -2.159078782368647476e-01 6.261941397302244194e-01
-3.718061156571894621e-01 -4.636178446467445480e-02 -5.454397553374634722e-01
-6.580797100588453574e-01 5.266435898770712720e-01 -3.969168901153860007e-01
-1.426142218988711852e-01 -2.958899913101992185e-01 -2.024073578197606027e-01
-8.872200978176802977e-02 -2.971810089656851117e-01 -2.349210780049109104e-01
-2.756468184532656074e-01 -5.747577530890238262e-02 -5.609608682341686858e-01
-2.597535978650942212e-01 -7.630511181769489282e-02 -5.675747182885857445e-01
-5.541680602052829752e-01 -2.182780160681021542e-01 8.617002871298269362e-01
-1.986534432764469615e-01 -2.849217156572918519e-01 -1.819043409771474717e-01
-2.986155328959863020e-01 -3.375645117719332511e-01 7.976681782972279144e-01
-3.091871283288574190e-01 -3.611179447624285332e-01 8.762405239060406803e-01
-3.744619519497012217e-01 -2.904331232140514585e-01 1.245579362127657408e+00
-6.019791809043915087e-01 -1.270039320602596722e-01 9.540416215431779534e-01
-3.336405755251241612e-01 -3.293741330623692898e-01 1.051915534374097128e+00
-6.217134088120002122e-01 -1.197326316733766660e-01 7.836965939869515729e-01
-6.703722915153933481e-01 7.864476833113386023e-03 8.354148714178577517e-01
-9.348638939622150312e-02 -2.602438642766234933e-01 -5.557897816491221832e-01
-1.555811986346386511e-01 -2.204532086190165163e-01 -5.557987661351613262e-01
-2.043913352388343485e-01 -1.717720417262750265e-01 -5.560985283027473081e-01
-1.269637304834406177e-01 -2.787345272393650930e-01 -2.190406219366203278e-01
-2.674777587092891373e-01 -6.707261190939689532e-02 -5.643094226125291435e-01
-2.346941300374575379e-01 -1.108455932648986786e-01 -6.046257431011012873e-01
-2.504727825848135359e-01 -7.931757277184503518e-02 -5.703888199566931050e-01
-1.111256526078478191e-01 -3.959445870880755614e-01 -1.871637554205228815e-01
-1.782303120081528136e-01 -1.430692364797240268e-01 -5.789652740759017036e-01
-1.307855391447962923e-01 -1.743571876290759270e-01 -5.897287478507753367e-01
-7.603213942397460401e-02 -1.990590324395093980e-01 -6.016426036015085632e-01
-7.787147962524160194e-02 -1.368511263635893149e-01 -8.495010348083520402e-01
-9.718925415945600665e-02 -2.060202828574939637e-01 -7.695303824468338050e-01
-9.410924807308729267e-02 -2.179989408762184055e-01 -7.211021123617693540e-01
-8.612480581178666439e-02 -2.068708327126790314e-01 -6.719383088565851203e-01
-7.729126849624107232e-02 -2.031391512379013831e-01 -6.321958660609410252e-01
-1.734609600056422618e-01 -1.473225434756944008e-01 -6.033633258398316546e-01
-1.871122479564772956e-01 -1.544863155956940348e-01 -6.214021820841222343e-01
-2.008220788829115366e-01 -1.619057413547135837e-01 -6.448929864593182515e-01
-2.102907498386197838e-01 -1.470848595370048972e-01 -6.705365035406620766e-01
-2.809696780693282658e-01 -1.692935571393555660e-01 -4.118745921793325326e-01
-7.360731017757611294e-01 5.591873166236194237e-01 1.142860844418608635e-01
2.625876541567372102e-02 -3.670370256845704171e-01 -2.711157383094290330e-01
-2.081044719890083883e-01 -1.097752286534853516e-01 -5.880355295753600942e-01
-2.214222942053564180e-01 -1.137739128308323522e-01 -5.959530072155556635e-01
-6.657801554753425832e-02 -2.975521158167891977e-01 -2.746911943914860377e-01
-1.746044462597183267e-01 -2.285548004575431724e-01 -2.341915163682108947e-01
-7.728354911065005162e-02 -2.986270332959730656e-01 -2.552798425549930306e-01
-2.530901301663205372e-01 -2.058976133355275850e-01 1.450753541259684476e-01
-3.658782077828186541e-01 -1.755339983475260324e-01 8.819586871797896466e-02
-2.112371371996171754e-01 -2.707504996195044811e-01 -1.233308824080775190e-01
-5.426495758390821322e-01 -1.584414383101273582e-01 1.183625808940565349e+00
-4.948466185341302559e-01 -2.363447735359498481e-01 1.031273615578078617e+00
-4.485409313796573372e-01 -2.977390694344683730e-01 8.977962901209066704e-01
-2.441581119566215152e-01 -8.968471923105991728e-02 -7.335749463381369129e-01
-1.431344425751805427e-01 -3.931147892869228944e-01 8.326568743857158950e-01
-1.664654068776962870e-01 -3.809585883438650900e-01 1.038932693384613470e+00
-1.926958662492031515e-01 -3.658513204131756957e-01 1.265604427149307654e+00
-4.653689909674960656e-01 -1.300268174798170917e-01 4.054902500442058022e-01
-6.293455344600495938e-01 -1.556177765932992285e-02 3.375754934807392305e-01
-1.722795899992478619e-01 -1.746470390935209727e-01 4.216635797933393492e-01
-5.554035186431662829e-01 -1.194674913345969702e-01 5.984190439221703794e-01
-1.333372195852372544e-01 -2.705709697369005351e-01 2.531313004297641722e-01
-1.541750768334256283e-01 -4.002985761447812596e-01 -1.209513665906861990e-01
-6.908070163882542580e-01 6.706417787178281520e-02 2.814920685807088541e-01
-5.862011540871634452e-01 -6.873262854098663444e-02 2.541029093524861393e-01
-5.005958508410623953e-01 -1.278212839009895962e-01 2.024230197083687344e-01
-3.678960562828907932e-01 -1.620446049976538294e-01 2.062360585662185164e-01
-2.692768610005323304e-01 -1.838685646261030149e-01 2.396783194959153374e-01
-1.954775266108734755e-01 -2.082823610507517076e-01 2.795352208512696945e-01
-4.076288019839299781e-02 -3.578867308197700714e-01 3.689393514114798212e-01
-6.777809604456148662e-01 7.421451768849363084e-02 6.926097355247601284e-02
-6.107703789450011911e-01 -8.858302284322142062e-02 6.212433994504065193e-01
-1.390743423283235039e-02 -4.555090681464610824e-01 -2.555813854725574874e-01
-1.762107340047865400e-01 -2.530390765584201729e-01 8.733751413554319276e-02
-7.623911070707138915e-01 4.494302878208353835e-01 5.480435717177141175e-01
-1.379852197387627100e-01 -2.255501749071484596e-01 3.258202485743525445e-01
-2.154649655122342078e-01 -2.033452568847219366e-01 -1.176673333453690240e-01
-5.147220861184176322e-01 -9.133248295136284223e-02 5.259259625388362780e-01
-1.578719119900154899e-01 -3.832783204556272638e-01 -4.954769643861520190e-02
-7.056558416261586864e-01 5.605996486015636382e-01 -1.323920395570287456e-01
-1.683769854788362275e-01 -1.632488352134457976e-01 4.598500533879479324e-01
-1.021678986503474496e-01 -4.581640181581358995e-01 -4.797978125938157090e-03
-5.271196254998369302e-01 2.007291482128833460e-01 -6.996235468662865831e-01
-5.204547324816664045e-01 3.356941226774210474e-01 -7.907490538610357778e-01
-7.314284544448357295e-01 3.186436102012136784e-01 8.690410877595172723e-02
-6.064080166009055972e-01 2.684982122951987682e-01 -5.484359969416168212e-01
-7.097762176434676551e-01 1.364897798730847489e-01 6.856978978453520668e-01
-2.533837597775666084e-01 2.340475701397249503e-02 -1.054892127139661628e+00
-2.338997947951306638e-03 -3.619166949424816870e-01 -2.653996458572516204e-01
-2.385025173442185120e-01 -2.170809126249866328e-01 2.180475173644538106e-02
-6.867964574590050830e-01 6.569422619364731486e-02 4.858426863291286368e-01
-4.013015722157273757e-01 -1.583072282228613625e-01 4.301534569155087695e-01
-3.432079438990414122e-01 -1.748562422659959426e-01 4.163743206759485949e-01
-2.457015513748195268e-01 -9.751762545684652950e-02 -6.147292484382829159e-01
-6.611950167622477892e-01 1.226091187040702357e-01 -1.273801850651495593e-01
-1.246938696832425864e-01 5.528005525167535572e-02 -1.182775390593737708e+00
-3.307252847036761256e-01 1.799395817232584127e-01 -1.035861827084012976e+00
-4.190608418370076471e-01 2.494534680448144970e-01 -9.371607590486910055e-01
2.331471242630158563e-02 -3.985312660987074818e-01 1.020821879503856833e+00
2.052434808856988535e-02 3.419878252136224206e-02 -1.204054249295702483e+00
-2.836899328797037878e-01 -1.794916895812844748e-01 4.234010105826980785e-01
-2.253206118409137315e-01 -1.738159278217622505e-01 4.413648101974250171e-01
-1.865971467285444385e-01 -1.626282228910123084e-01 4.515520546904672194e-01
-6.584457022302021567e-01 -2.271024659881323848e-02 6.567585113028617805e-01
-2.384986786052996077e-01 -1.957964172937232128e-01 5.513773066540170742e-01
-3.028821373308474563e-01 -2.090103932740720039e-01 5.916749342316378613e-01
-3.644282982762168110e-01 -2.056968003181580684e-01 6.015071528295716785e-01
-4.223963658161122847e-01 -1.866152228156056081e-01 5.872332421580583883e-01
-4.567658749367020654e-01 -1.616143099001027261e-01 5.615002442875094424e-01
-7.538305573094510326e-01 3.118629395214721489e-01 7.598174998795639290e-01
-4.393023663814943358e-01 -1.388637726404516881e-01 4.556623164961546291e-01
2.208986548818776818e-02 -2.916539708418348642e-01 -3.647832580770132838e-01
-2.063110258917095208e-01 -2.166774819145106390e-01 -3.744206490711623481e-01
-1.420836161412490917e-01 -3.233491739234791718e-01 -1.902806696361870609e-01
-7.567370744117335457e-02 -2.837668219774264200e-01 -3.640086836860182418e-01
2.509330382957796618e-02 -3.535710164422839474e-01 5.261498337106788048e-01
-4.371764963954649641e-01 1.500307286810310670e-01 -8.393962476332268441e-01
-3.494503300052889117e-01 9.192837227559283453e-02 -9.483387094927695493e-01
-1.328699266910439158e-01 -3.820925860894028303e-02 -1.133608201819227723e+00
-5.945009287573108647e-01 4.407899182055963205e-01 -6.198942029030733991e-01
-1.907963059783494009e-01 -1.772146209223172120e-01 4.948096971735229666e-01
-8.728413602911780367e-02 -3.593135754984372321e-01 2.047958462765704368e-01
1.509231183132549864e-02 -5.705208288444452158e-02 -1.153149535546591498e+00
-2.362357015195789556e-01 1.054809811953267285e-01 -1.122718725137745732e+00
-7.068497704159910633e-01 3.367176240194228454e-01 -1.344915463938833322e-01
-1.292107917998254751e-01 -1.790227000227513354e-01 -6.173722239822847513e-01
-1.433817656118694384e-01 -1.855346334769703009e-01 -6.473931794870533274e-01
-1.549725806466598632e-01 -1.938478527834287535e-01 -6.858673706707059115e-01
-1.617644022203191256e-01 -1.805984894367542726e-01 -7.289775311889421516e-01
-1.709754835134149609e-01 -1.215516395724486887e-01 -8.021726699770037605e-01
-2.282381193803916242e-01 -1.124870973801140872e-01 -5.623685217186051855e-01
-2.423988275878043441e-01 -1.133506341759533131e-01 -5.545647192240914514e-01
-2.542166296947113158e-01 -1.144645800907063138e-01 -5.461698661185703241e-01
-3.427271162239395874e-01 -1.071799614283919788e-01 -4.678570514400628433e-01
-5.766102025745714066e-01 -6.141326382616357771e-03 -2.067187471255392817e-01
-8.583596772265850161e-02 -3.099306774799596154e-01 3.183521036838558027e-01
-1.203769891065912256e-01 -2.181781116729468728e-01 5.359375209645049765e-01
-1.630120967829027379e-01 -1.930174618662278130e-01 5.305352190340406615e-01
-2.137543856311806545e-01 -1.064485981119735747e-01 -5.695735308378129247e-01
-5.811275398299584616e-01 1.244271420178213183e-01 -4.288638796255664909e-01
-6.406763741411217183e-02 -3.058697128312352076e-01 5.239450550775314186e-01
-2.077930149214298750e-01 -7.049026430242777419e-02 -8.820893998043766171e-01
2.316048461135035430e-02 -4.788857576033300756e-01 1.473602142396475134e-01
-3.941545854204164812e-02 -4.120205298708946584e-01 2.472008891707174749e-01
2.415434950480477294e-02 -4.309113042322458842e-01 2.619135282616592564e-01
-1.363358415832734982e-01 -3.366656637653270279e-01 4.813693978850448751e-02
1.316344465310775869e-02 -1.068473482103946548e-01 -1.064545774744224627e+00
1.368966246453748661e-02 -1.232644313453730434e-01 -9.560166576247461911e-01
-1.002843664658803202e-01 -1.063486558553555783e-01 -9.436244557494997132e-01
-3.688611387402247477e-01 -1.260961878365458172e-02 -6.815487260178005879e-01
-2.766053377397330593e-01 -1.763621617269504060e-01 -1.876653851639012993e-01
-2.939337215005473070e-01 -3.717187910143369967e-02 -7.961841863075340697e-01
-4.325878451099587352e-01 -1.495474851652918158e-01 -1.527272567669948344e-01
-3.424033382107647405e-01 -1.512182922304422528e-01 -2.771571819131170011e-01
-4.903095206817766893e-01 -7.438013416716787729e-02 -2.988986277433475225e-01
-1.237139971382129056e-01 -8.585114762115861331e-02 -1.046985636120774332e+00
-1.771664342206980547e-01 -2.801467930547657526e-01 9.521044351520346893e-04
-4.195143972649153508e-01 6.017289186060015282e-02 -7.426987524939834273e-01
-3.304380701708689028e-01 2.629673848856244056e-02 -8.588256812745178603e-01
-4.280077685084104910e-01 -1.761765143110173570e-02 -5.523377103597595372e-01
-6.411742278042034116e-01 1.686753219013986671e-01 -2.938106303631046190e-01
-5.027129183775973509e-01 4.853961146406228500e-02 -5.559756392098491595e-01
-6.708804951960665175e-01 3.335948673943308629e-01 -3.442733964141702074e-01
-4.007588245627315970e-01 -9.923244123127050731e-02 -3.908465601599481198e-01
-1.304751400727974797e-01 -3.032853830866493183e-01 1.479492743957770973e-01
-1.325618591124611001e-01 -4.104751836889993788e-01 -1.707179574286031842e-01
-1.727458429043937649e-01 -3.311940125803864987e-01 -1.811417234368895013e-01
-1.038097774973157639e-01 -4.664713731228573579e-01 -1.133556846665504658e-01
-1.770802812573661900e-01 -2.506329161307454534e-01 6.400209242907128893e-01
-2.931309630107203912e-01 -2.676804155281762299e-01 7.175866319842438834e-01
-3.931340315731493007e-01 -2.624260080059382938e-01 7.344780647446356170e-01
-4.743813781164456511e-01 -2.315150892708068842e-01 7.161356220058463506e-01
-5.291055331005500850e-01 -1.844687036743023478e-01 6.724791027960967948e-01
-5.630709542103853327e-01 -5.911125866683467067e-02 5.071723832895815853e-01
-7.478169217362227172e-01 2.766348166630765437e-01 2.976516696835178610e-01
-5.169571716074363721e-01 -9.452431347577855414e-02 3.458821742883110284e-01
-4.497621362721877514e-01 -1.320970801534823713e-01 3.035031470100600925e-01
-3.587126913785489979e-01 -1.611986570809595953e-01 2.930469147167311661e-01
-2.704605531532476292e-01 -1.788378405826417383e-01 3.106670044999939595e-01
-2.004179026134501607e-01 -1.846148025141695070e-01 3.415831779475593244e-01
-1.518307249615084564e-01 -1.935151697544138516e-01 3.706694356229156551e-01
-7.521958052351591650e-01 5.254080338583244636e-01 3.378162488195181057e-01
-1.723685550787433796e-01 -2.943955593273119842e-01 -2.019441615372897791e-01
-8.804234365583860078e-02 -4.003135747618230544e-01 1.032566430525595214e-01
-8.562748532605649054e-02 -4.621565795514316344e-01 -1.885734536399257255e-01
-5.079700359098562878e-02 -4.283226048403782071e-01 -2.338210645168472546e-01
-8.582425713937424927e-02 -4.274463655266846906e-01 -1.993170042659059282e-01
-1.542526453560901234e-01 -2.676961163064751625e-01 -2.284048592831715574e-01
-3.665278531083036861e-02 -4.454066302503356667e-01 -2.466003608942446412e-01
-2.661594601438002639e-02 -3.626159008533055284e-01 -2.576034176624460992e-01
-1.457917893452787550e-01 -1.715531127081478813e-01 4.546918180971476486e-01
-1.134576943263587989e-01 -2.083917246169139093e-01 4.239456964932051264e-01
-9.480827487390838804e-02 -2.528958608220448490e-01 3.991759639349325983e-01
-4.745798263410634377e-01 -1.363414458181508859e-01 5.416012366837816838e-01
-5.181661961975743136e-01 -1.373113671849940376e-01 5.897978302721031962e-01
8.175109599104674052e-02 -4.537206373664776082e-01 1.336225984380969289e-01
4.966160018231644546e-01 -1.330618184129244708e-01 4.475563787332987875e-01
9.308146892394197902e-02 -3.691391322088154459e-01 -2.479738847630110765e-01
7.306461939603319244e-01 1.280003358664800750e-01 8.467605639410760165e-01
3.030468305685158903e-01 -1.872576689779660297e-01 3.543741046053142663e-01
3.700458148663197111e-01 -1.822452153880934622e-01 3.432308796188270339e-01
4.337890302501525852e-01 -1.652600104627390820e-01 3.470905567163495853e-01
5.182369456135986763e-01 -1.184348787634169620e-01 4.135635846137643012e-01
2.476278962345110357e-01 -1.820606967646160035e-01 3.820735062243687530e-01
4.058701574455423344e-01 -2.486556902349290610e-01 6.598844382194459790e-01
3.267619441155027449e-01 -2.462017480359008914e-01 6.477220522117183021e-01
4.772318928204968280e-01 -2.266025400760895980e-01 6.404763750780092524e-01
5.212840296658347583e-01 -1.960964220289803661e-01 5.959961824343090742e-01
5.679232497815653868e-01 -7.748790116842277365e-02 3.475105839968215538e-01
2.652977870893388213e-01 -3.969461535839818866e-02 -9.786279926991028333e-01
5.206914061233669511e-01 -1.159122441941142223e-01 4.844802986631072672e-01
7.672605716851599311e-01 2.112109463100312334e-01 4.273459418343258376e-01
6.387809279617675529e-01 -2.064584331579270848e-02 4.276644302234869910e-01
3.564665269974605089e-01 -2.022951269308475020e-01 -7.955484321510938872e-02
6.095527748605444884e-02 -2.747445836775680439e-01 -5.203540201146593658e-01
5.590470392531873833e-02 -2.307037698056769726e-01 -5.903875650594558877e-01
1.420154174132088887e-01 -2.301126971474896088e-01 -5.419234034813991130e-01
2.008624253753141797e-01 -1.755186277163396369e-01 -5.594747181892025800e-01
1.214559848885932436e-01 -2.024950368203697337e-01 -5.881003996481621865e-01
1.773555672215091916e-01 -1.557123465316889721e-01 -5.857790222094507726e-01
3.377046994330898944e-01 -6.448845083485629792e-02 -6.673836961306409687e-01
8.028511885150163563e-02 -4.968252853080938891e-01 -2.156314403565886550e-01
8.902271222353699831e-02 -5.304820368485845261e-01 -1.193560709214848414e-01
6.022568658834028810e-01 -1.875007243206541219e-01 6.794663260972750862e-01
2.217972650073634644e-01 -2.395595959014524823e-01 1.762941658367328523e-01
2.365790499904774080e-01 -3.355099615538241764e-01 -1.624541145857002489e-01
2.405790969300288240e-01 -3.222127631440204754e-01 -1.041622367003927629e-01
5.503904819537110971e-01 -1.186386396731208270e-01 -5.814881201449667580e-02
8.558605286126932943e-02 -5.051241374108341731e-01 1.441304148455154616e-02
4.600883763584615593e-01 -3.148648013592337813e-01 7.821311659741487787e-01
5.461619085694051634e-01 -2.588323328838399995e-01 7.511591828567516504e-01
6.661982703364834890e-01 -2.480766379669691046e-02 1.000729045352937829e+00
1.718127539945193405e-01 -3.552262417908099712e-01 6.806474779937667918e-01
2.597156315682430661e-01 -2.193312558864172201e-01 5.996232942327629489e-01
3.928078957108314118e-01 -5.534405726652469326e-02 -5.646741604421956495e-01
7.021835484005087835e-01 5.057449440997952017e-01 -4.513804643749025347e-01
1.882318608398997895e-01 -3.034015559897995651e-01 -2.155841785405976374e-01
1.370674389591234332e-01 -3.061826373492151365e-01 -2.447166065875746588e-01
2.908108294402421135e-01 -5.554597155154711308e-02 -5.788245323761438410e-01
2.720057612331340247e-01 -7.637792725609673927e-02 -5.838452699421809999e-01
5.777010523159653577e-01 -2.353440450744916923e-01 8.124796211682017155e-01
2.390313724684427488e-01 -2.934290816518643208e-01 -1.993802047772836872e-01
3.405400689420348126e-01 -3.506835397035790169e-01 7.669509466019890365e-01
3.512093659494157638e-01 -3.749501358780378268e-01 8.397964752529802901e-01
4.049500910930130537e-01 -3.042593861505707986e-01 1.199301339808937605e+00
6.226488301202051101e-01 -1.441950845187527364e-01 8.936937310352888186e-01
3.696203465375358377e-01 -3.410283176592139309e-01 1.013917914861613312e+00
6.384015892888530441e-01 -1.358096993924295670e-01 7.229241413988742870e-01
6.891970784406449280e-01 -9.499924188761731808e-03 7.690470592286176021e-01
5.894326309532287034e-02 -2.594743506845899050e-01 -5.614430707168396317e-01
1.316457032577581232e-01 -2.188010371165050039e-01 -5.676759356497400599e-01
1.889510026009771915e-01 -1.712248206035543729e-01 -5.737108898478231467e-01
1.733683261623666372e-01 -2.871129489821310221e-01 -2.309234667242094918e-01
2.812792684766211582e-01 -6.689039782201311457e-02 -5.814645156618467592e-01
2.355913935662075631e-01 -1.112657401738116336e-01 -6.250353742771712628e-01
2.623249388182082309e-01 -7.862209604955175402e-02 -5.854718665545988188e-01
1.547370552533847143e-01 -3.983742560244846187e-01 -1.987404086050195140e-01
1.681389129291508411e-01 -1.421339458669504952e-01 -5.940240299911567767e-01
1.148867905019559377e-01 -1.720192018409205659e-01 -5.990431156584405947e-01
5.380793642777133290e-02 -1.965274944592588779e-01 -6.056340971587683697e-01
1.019796021084601323e-01 -1.403003358012540058e-01 -8.561908388208230303e-01
6.405578275000262112e-02 -2.060292704411205156e-01 -7.764351107399414254e-01
5.996137384221478239e-02 -2.166012907641172713e-01 -7.275590851819255800e-01
5.663076043879854138e-02 -2.047432789390645214e-01 -6.782714742399869046e-01
5.064840855919806872e-02 -2.002130669931022622e-01 -6.378799085691810866e-01
1.628397278854860075e-01 -1.453023376256711297e-01 -6.192598787870864374e-01
1.750177272040069898e-01 -1.544717722450617003e-01 -6.384967724975914027e-01
1.865449750372945581e-01 -1.625540111354019102e-01 -6.631228731669782661e-01
1.985032994307994181e-01 -1.478301557468180150e-01 -6.894918505651128626e-01
3.053608740364366358e-01 -1.769628571761829861e-01 -4.317070510836014119e-01
7.744409247343650993e-01 5.367708306359662007e-01 4.217348717340529962e-02
2.084504906999004037e-01 -1.071733254630036769e-01 -6.063161485981316545e-01
2.211219829860007202e-01 -1.134026800694333537e-01 -6.158112262635349055e-01
1.150644021141203899e-01 -3.024387143172669878e-01 -2.823879365586920986e-01
2.179809935175853752e-01 -2.391714904545874099e-01 -2.499208905982859275e-01
1.258105065805080469e-01 -3.059761293433158613e-01 -2.644273769002035701e-01
2.903150455485712378e-01 -2.093312600166183923e-01 1.199626644587196145e-01
3.983843897927301647e-01 -1.832401452481466908e-01 5.208711551653140426e-02
2.521607180232587342e-01 -2.788497852164949498e-01 -1.423642814070160689e-01
5.641076404794382881e-01 -1.781148942834587245e-01 1.120382569054406474e+00
5.220905859662809956e-01 -2.527955029049919755e-01 9.788184954364698154e-01
4.817932864887928268e-01 -3.136838951267465481e-01 8.550152447816348200e-01
2.651709501572028227e-01 -9.508170853137254408e-02 -7.492503123264686593e-01
1.936901968124631335e-01 -3.991694685918832919e-01 8.028496011883747840e-01
2.077207713638477005e-01 -3.877754435921502152e-01 1.018021510568711374e+00
2.303770246604314731e-01 -3.752802674250635961e-01 1.239673081666473387e+00
4.875659723567147275e-01 -1.398218052546936763e-01 3.689654733758157557e-01
6.368406317061836575e-01 -3.298916243523387914e-02 2.775671605012620669e-01
2.112795414970420338e-01 -1.742525398314583862e-01 4.088319453337139198e-01
5.782957491013935858e-01 -1.340674142355763598e-01 5.503825111789333313e-01
1.762313854483376074e-01 -2.713422161181771042e-01 2.391040165074506119e-01
1.963464745666598787e-01 -4.063321666815036259e-01 -1.365380475607570476e-01
7.157875208183654969e-01 4.888024578264739406e-02 2.139052551147831993e-01
5.933099802542340928e-01 -8.340824880763753058e-02 2.004128170869126091e-01
5.098408947234767119e-01 -1.397837418097171991e-01 1.581088767839076148e-01
3.845444564104405494e-01 -1.690426746384482426e-01 1.761546263650076161e-01
2.922125163792539393e-01 -1.880335801559035458e-01 2.203112112272535006e-01
2.236167948605028433e-01 -2.112310308512103108e-01 2.661641363489435363e-01
8.928787675873270380e-02 -3.583315710124653775e-01 3.627042667793420883e-01
7.053239931748063185e-01 5.805044255354825655e-02 4.891029299996192681e-03
6.250776342483381764e-01 -1.041751380768579927e-01 5.637776635945462855e-01
5.781261081128778734e-02 -4.563259689324468127e-01 -2.585276030663824498e-01
2.179994240452955978e-01 -2.555131680874699329e-01 6.994965455317495029e-02
7.870244080937971454e-01 4.294958943866825640e-01 4.698318404087298283e-01
1.729023079590630285e-01 -2.266914303680176435e-01 3.176196793028100984e-01
2.601712105115849272e-01 -2.115705891748217438e-01 -1.374040476242091025e-01
5.447379793886510946e-01 -1.028592846846212439e-01 4.803678694266521054e-01
1.985180831872263574e-01 -3.893812674482599601e-01 -6.491431410588474615e-02
7.491029802601087972e-01 5.372078313787174153e-01 -1.962702828878644112e-01
2.113005006875950387e-01 -1.611558640504796580e-01 4.458058743846531335e-01
1.432595012384415556e-01 -4.614577533338195536e-01 -1.554667186001763152e-02
5.557361298271417116e-01 1.810078456793560164e-01 -7.345350144422333472e-01
5.563539709628342322e-01 3.146566024138177653e-01 -8.217544671229726205e-01
7.701806696060702340e-01 2.990450509250269784e-01 1.793684383980075070e-02
6.386717587621328907e-01 2.482219289343035040e-01 -5.943916299799911762e-01
7.315700180657269680e-01 1.183558931651880475e-01 6.144803832290313128e-01
2.813964726435806973e-01 1.160572354254547564e-02 -1.064755677975823378e+00
5.532097080064374284e-02 -3.637387581925907165e-01 -2.680540638297593814e-01
2.767892084747853865e-01 -2.228873210854366294e-01 -1.547939024926933693e-03
6.908502953350530440e-01 4.871074617182491462e-02 4.123304469014565932e-01
4.312185977122857672e-01 -1.663562376780616248e-01 4.037338356345828716e-01
3.736330434985879467e-01 -1.804625179919228106e-01 3.963215118362403144e-01
2.506501132137984311e-01 -9.738266313594207135e-02 -6.352432017097218164e-01
6.910745943078335785e-01 1.059792965783112606e-01 -1.866637496586479594e-01
1.626676792961028184e-01 4.912227290066038810e-02 -1.185419682412069520e+00
3.674856837544124843e-01 1.653723219212356321e-01 -1.046915261086617033e+00
4.558176902265220765e-01 2.320299014134163951e-01 -9.555757565450468949e-01
3.165330816595262053e-01 -1.832792129201821218e-01 4.059490441867807942e-01
2.629939631966192182e-01 -1.745351811569220146e-01 4.251319024354368592e-01
2.285187510794692289e-01 -1.610994977574932152e-01 4.359415212191415367e-01
6.676754559457833693e-01 -3.822571263215406023e-02 5.869719066762202342e-01
2.733874379042110503e-01 -1.970263686799929026e-01 5.225502384477436202e-01
3.321146039174118769e-01 -2.138061929745805889e-01 5.570696341396366158e-01
3.928060056635052089e-01 -2.132391286304842204e-01 5.647190034696594196e-01
4.514959504866822293e-01 -1.968054711214443087e-01 5.483940552726330742e-01
4.863879816221405861e-01 -1.727917457993143335e-01 5.210678310306711136e-01
7.705962252419495950e-01 2.908485168778245367e-01 6.814688069455054897e-01
4.702494048963268281e-01 -1.482657350994328604e-01 4.233986559499204327e-01
2.410940167519680655e-01 -2.221174370634468875e-01 -3.899935746324914021e-01
1.874625312979926184e-01 -3.307670750570205209e-01 -2.040329190915615154e-01
1.162833311008917847e-01 -2.866702553537587850e-01 -3.716848944854677095e-01
4.655632773373914457e-01 1.314429070118272036e-01 -8.643090138215816509e-01
3.773639189702531205e-01 7.531845873269699121e-02 -9.649912358994301442e-01
1.605746757387154222e-01 -4.499980324477781402e-02 -1.138485354974643204e+00
6.356435930519106492e-01 4.200927009396936418e-01 -6.629076450252404662e-01
2.308423705217821920e-01 -1.752340907955326488e-01 4.756083243509534597e-01
1.325497435989111406e-01 -3.608979542476751234e-01 1.947214732131662407e-01
2.727136663364955194e-01 9.492039186647746596e-02 -1.127864384587825342e+00
7.461226287156612624e-01 3.167581253063959101e-01 -1.978729968795335248e-01
1.106115408360401620e-01 -1.755529146330340184e-01 -6.277430239828085679e-01
1.218457995197449462e-01 -1.835743934188778237e-01 -6.589530303965445146e-01
1.297420517307785737e-01 -1.923961790740470468e-01 -6.983108777951883006e-01
1.378947852723659273e-01 -1.796636522725558738e-01 -7.413834251941269216e-01
1.901738834313995152e-01 -1.240619202207292604e-01 -8.133046462122286435e-01
2.255510027296891429e-01 -1.130940218847746315e-01 -5.805942566403996530e-01
2.395134312240761454e-01 -1.129707793950724404e-01 -5.734025986774236028e-01
2.513749290499522893e-01 -1.141040908728044867e-01 -5.656604397665192518e-01
3.600421952812897786e-01 -1.162389896863205985e-01 -4.889869634576697877e-01
5.994178270457788393e-01 -2.129921665985086421e-02 -2.571560337784227768e-01
1.322274191074082061e-01 -3.106735139537941670e-01 3.078010025124213733e-01
1.659265094828825116e-01 -2.202092094913129516e-01 5.187761778973720705e-01
2.035024508138694732e-01 -1.916131637047552294e-01 5.113990150655782774e-01
2.123570834861500112e-01 -1.046654124795753926e-01 -5.865826924410226795e-01
6.077497960003497290e-01 1.075415916093429292e-01 -4.733330761532725806e-01
1.072826619211535992e-01 -3.061540710610254346e-01 5.135091166904959259e-01
2.297162903678355850e-01 -7.894868470952459694e-02 -8.947686456116914488e-01
8.611245410808338052e-02 -4.136484143278801318e-01 2.414999245514576343e-01
1.787357657612622663e-01 -3.411012375014624842e-01 3.367765946601173482e-02
1.252841011117147019e-01 -1.125615563278980491e-01 -9.501727438441973650e-01
3.962417965043778523e-01 -2.417177255230891497e-02 -7.042441135133958863e-01
3.132206872971987632e-01 -1.865312888701298188e-01 -2.131977609545395724e-01
3.148247709910656500e-01 -4.898254616885364121e-02 -8.162017839638937566e-01
4.573318043830545410e-01 -1.629362173800847913e-01 -1.927789699942740187e-01
3.693644698522624559e-01 -1.609056253284829596e-01 -3.067127690952103913e-01
5.105603578649677843e-01 -8.647564194050971764e-02 -3.373141087228125334e-01
1.490024550734154185e-01 -9.202928841050883602e-02 -1.053745126917493780e+00
2.184276297026756519e-01 -2.857597096370502188e-01 -1.591412977953635816e-02
4.457946043180820439e-01 4.377716380295068599e-02 -7.697396275760404194e-01
3.561538835208692966e-01 1.083705196627502906e-02 -8.789303042239544617e-01
4.526245590998947410e-01 -2.692641708523978161e-02 -5.773449611082264177e-01
6.713730881495914016e-01 1.501638496768659126e-01 -3.480714913673180755e-01
5.266411331623699343e-01 3.468997418549463196e-02 -5.872778703691448055e-01
7.091228221667225107e-01 3.151738445356212504e-01 -4.006919416020998659e-01
4.211003439777447621e-01 -1.084174758998293631e-01 -4.185912790372803283e-01
1.740538972403130602e-01 -3.045917205182420151e-01 1.339940168738140702e-01
1.744677359718658227e-01 -4.149822143386643347e-01 -1.840069412737030952e-01
2.151996875965641043e-01 -3.396486270671917884e-01 -1.971067036860446597e-01
1.473431581792561951e-01 -4.715453761131174204e-01 -1.248333276667521474e-01
2.206794793046946701e-01 -2.542971139079193144e-01 6.180395379204755013e-01
3.318608908101303712e-01 -2.775724407919268888e-01 6.899705477651456587e-01
4.285765087145994023e-01 -2.753765849470498628e-01 7.018335309697485425e-01
5.055518733491060068e-01 -2.460601196261671397e-01 6.787321757093929264e-01
5.555785133067943082e-01 -1.998073001671849536e-01 6.297964523673356130e-01
5.835149438877256234e-01 -7.294410567007447721e-02 4.536434419613231128e-01
7.782319790651797131e-01 2.589324316455228203e-01 2.246695325652884323e-01
5.337304846233514866e-01 -1.061031324515697705e-01 3.005357002832741431e-01
4.666595199215155532e-01 -1.420528090466340876e-01 2.667318849485789123e-01
3.790267146378079044e-01 -1.678536374062256087e-01 2.685163257761740141e-01
2.957102716200115111e-01 -1.825017792044455467e-01 2.945737549348464990e-01
2.321496473915913294e-01 -1.877288134407216758e-01 3.291482928376427974e-01
1.883550947868750658e-01 -1.948864580006259839e-01 3.610643875636796452e-01
7.832478664637054777e-01 5.062696041464667118e-01 2.616198404385471354e-01
2.144156417027802131e-01 -3.032305103256521805e-01 -2.171734481681623086e-01
1.334818768733584959e-01 -4.015973980706424307e-01 9.331975911697415471e-02
1.284596158724505000e-01 -4.667802043738786821e-01 -1.980696017600827030e-01
9.341193764145960809e-02 -4.328807568216911372e-01 -2.401434544301721541e-01
1.283927618855822406e-01 -4.317085237053415181e-01 -2.090718000999044479e-01
1.971049101265767156e-01 -2.772631852752821535e-01 -2.418687096638724165e-01
7.963196633291591553e-02 -4.489814406370224997e-01 -2.516226572777779946e-01
7.726777188880720737e-02 -3.662175366176481095e-01 -2.618691713145467892e-01
1.881703494024488110e-01 -1.711503528686648679e-01 4.417177856451219853e-01
1.541297894325089346e-01 -2.090734004234160448e-01 4.143487146736068993e-01
1.334719641804539836e-01 -2.543630365551764472e-01 3.919850246023502960e-01
5.056456875930650519e-01 -1.479568542927514052e-01 5.007146986237152042e-01
5.464268949352839577e-01 -1.520852965209532615e-01 5.459423938810132881e-01
-3.507493651675723800e-01 -1.666313958922149840e-01 5.210218651899328757e-01
-2.814043768823673020e-01 -1.730934350444768288e-01 5.191263613117371722e-01
-3.498902003270054628e-01 -1.755949322539096524e-01 6.133642353828021587e-01
-4.210308113824625664e-01 -1.601128608692816702e-01 5.235153595019499395e-01
-3.522327057169110098e-01 -1.576705806619058681e-01 4.296128315086948923e-01
3.798863330002724137e-01 -1.735162146362964064e-01 4.887746272429979166e-01
4.477716934524986758e-01 -1.796672673444951185e-01 4.851244954252337260e-01
3.789070496456861115e-01 -1.826324906942158321e-01 5.805122392030577227e-01
3.114616054341241558e-01 -1.673922112698469356e-01 4.931880168434532585e-01
3.811216618604706952e-01 -1.644175611435405582e-01 3.969707533720876480e-01
