5.034335255622863770e-01 5.351592302322387695e-01 -4.316380992531776428e-02
5.026862621307373047e-01 4.675314128398895264e-01 -5.351172387599945068e-02
5.043465495109558105e-01 5.045740604400634766e-01 -4.211591929197311401e-02
4.975654780864715576e-01 4.273610413074493408e-01 -3.744408115744590759e-02
5.139659047126770020e-01 4.612451791763305664e-01 -6.629978120326995850e-02
5.135474205017089844e-01 4.311230182647705078e-01 -5.406939983367919922e-02
5.120143890380859375e-01 3.853630423545837402e-01 -2.970003709197044373e-02
4.260516762733459473e-01 3.751544952392578125e-01 1.138657797127962112e-02
5.034431219100952148e-01 3.504392206668853760e-01 -1.933070644736289978e-02
5.224881768226623535e-01 3.014709651470184326e-01 -1.159038208425045013e-02
5.241850614547729492e-01 2.451482713222503662e-01 9.486807510256767273e-03
5.169482231140136719e-01 5.330941081047058105e-01 -3.658263385295867920e-02
4.998779892921447754e-01 5.464419722557067871e-01 -3.301887586712837219e-02
5.136546492576599121e-01 5.510728955268859863e-01 -2.889823727309703827e-02
5.088052153587341309e-01 5.757328271865844727e-01 -3.071467764675617218e-02
5.140384435653686523e-01 5.833140015602111816e-01 -2.468536980450153351e-02
4.958739280700683594e-01 5.866685509681701660e-01 -2.192871831357479095e-02
5.088136196136474609e-01 6.051761507987976074e-01 -2.399202063679695129e-02
5.001140236854553223e-01 6.204553842544555664e-01 -8.435624651610851288e-03
5.092752575874328613e-01 4.847145676612854004e-01 -5.407247692346572876e-02
4.938378632068634033e-01 4.756796360015869141e-01 -3.935415297746658325e-02
3.888367712497711182e-01 3.121729791164398193e-01 7.131775468587875366e-02
4.543841481208801270e-01 3.950874209403991699e-01 3.652166109532117844e-03
4.526603519916534424e-01 3.900330364704132080e-01 -3.352067200466990471e-03
4.295346438884735107e-01 3.901808857917785645e-01 1.004767976701259613e-02
4.316599965095520020e-01 3.859961628913879395e-01 1.025300938636064529e-02
4.654306471347808838e-01 3.928077816963195801e-01 7.508902344852685928e-03
4.485699534416198730e-01 3.432263731956481934e-01 1.496641803532838821e-02
4.572288393974304199e-01 3.474066555500030518e-01 1.024176552891731262e-02
4.235973656177520752e-01 3.297876417636871338e-01 3.695433028042316437e-03
4.205657541751861572e-01 3.564940690994262695e-01 8.717699907720088959e-03
4.026075601577758789e-01 3.967575728893280029e-01 2.702307142317295074e-02
4.485346376895904541e-01 6.381573677062988281e-01 -4.381957929581403732e-03
4.181445837020874023e-01 3.734181821346282959e-01 1.343306712806224823e-02
3.816049098968505859e-01 3.820796608924865723e-01 6.025698781013488770e-02
4.032911658287048340e-01 3.767000138759613037e-01 4.600958526134490967e-02
4.518581926822662354e-01 4.674976766109466553e-01 -8.278011344373226166e-03
4.990195930004119873e-01 5.200035572052001953e-01 -3.725960105657577515e-02
5.009096860885620117e-01 5.414380431175231934e-01 -3.618640452623367310e-02
4.698910415172576904e-01 5.282281637191772461e-01 -3.322389721870422363e-02
4.645003080368041992e-01 5.444167852401733398e-01 -2.858623303472995758e-02
4.893846213817596436e-01 5.473461747169494629e-01 -2.961402013897895813e-02
4.788887500762939453e-01 5.417224764823913574e-01 -1.892279647290706635e-02
4.501197636127471924e-01 5.727247595787048340e-01 -1.529625616967678070e-02
5.006027221679687500e-01 4.733088910579681396e-01 -6.485897302627563477e-02
5.048592686653137207e-01 4.664374291896820068e-01 -5.810559168457984924e-02
4.121602773666381836e-01 3.326148092746734619e-01 2.320498600602149963e-02
4.707435369491577148e-01 4.295512437820434570e-01 -1.012366265058517456e-02
4.680290520191192627e-01 4.684567749500274658e-01 -4.002689197659492493e-02
4.749444723129272461e-01 4.541585445404052734e-01 -2.524539083242416382e-02
4.149790406227111816e-01 4.616482257843017578e-01 1.199074834585189819e-02
5.111262798309326172e-01 4.336258769035339355e-01 -5.041850730776786804e-02
4.390032887458801270e-01 2.981038689613342285e-01 7.525568827986717224e-03
4.155410826206207275e-01 3.175960481166839600e-01 1.213028933852910995e-02
4.001651406288146973e-01 2.767084836959838867e-01 5.718054622411727905e-02
4.923281073570251465e-01 3.317683935165405273e-01 4.588646814227104187e-03
4.743195176124572754e-01 3.414432108402252197e-01 1.102383993566036224e-02
4.464596807956695557e-01 5.624772906303405762e-01 -1.090084202587604523e-02
3.804958164691925049e-01 5.409993529319763184e-01 7.335648685693740845e-02
4.768831729888916016e-01 4.676945507526397705e-01 -2.896234951913356781e-02
4.927207231521606445e-01 4.861760437488555908e-01 -1.264154072850942612e-02
4.547969698905944824e-01 5.573297739028930664e-01 -1.025355514138936996e-02
4.646613597869873047e-01 5.634441971778869629e-01 -1.014484558254480362e-02
4.207880198955535889e-01 2.997284829616546631e-01 1.286877598613500595e-02
4.653614759445190430e-01 4.693598747253417969e-01 -2.781477570533752441e-02
4.698943793773651123e-01 3.184810876846313477e-01 -4.459505900740623474e-03
4.531762003898620605e-01 2.921944260597229004e-01 -5.343654192984104156e-03
4.625577330589294434e-01 2.441036552190780640e-01 2.133550308644771576e-02
4.116155803203582764e-01 2.946061789989471436e-01 3.492627292871475220e-02
4.674244523048400879e-01 2.794673442840576172e-01 4.726713523268699646e-03
4.080627858638763428e-01 3.190518915653228760e-01 2.914236113429069519e-02
3.914223909378051758e-01 3.284387886524200439e-01 4.463794082403182983e-02
4.945480227470397949e-01 5.322696566581726074e-01 -4.767130687832832336e-02
4.889458119869232178e-01 5.422270298004150391e-01 -2.743952348828315735e-02
4.680724442005157471e-01 5.335929393768310547e-01 -2.300204709172248840e-02
4.981972277164459229e-01 4.934967160224914551e-01 -2.741703391075134277e-02
4.729370474815368652e-01 5.698565244674682617e-01 -4.393962677568197250e-03
4.601868987083435059e-01 5.738022327423095703e-01 -1.978086866438388824e-02
4.717318415641784668e-01 5.578049421310424805e-01 -3.686596639454364777e-03
4.885451495647430420e-01 4.765550792217254639e-01 -4.205597564578056335e-02
4.907320439815521240e-01 5.438107252120971680e-01 -2.641395851969718933e-02
4.806162416934967041e-01 5.489012598991394043e-01 -1.889311522245407104e-02
4.960523545742034912e-01 5.440848469734191895e-01 -2.077331393957138062e-02
4.826854765415191650e-01 6.201438903808593750e-01 -1.628164201974868774e-02
4.789296388626098633e-01 6.031308770179748535e-01 -1.411394961178302765e-02
4.817558526992797852e-01 5.999608039855957031e-01 -3.169095143675804138e-02
4.885365068912506104e-01 5.839836001396179199e-01 -2.707850933074951172e-02
4.903439581394195557e-01 5.727456808090209961e-01 -1.273126434534788132e-02
4.789762496948242188e-01 5.633646249771118164e-01 -1.055377349257469177e-02
4.817202687263488770e-01 5.610480308532714844e-01 -1.362780481576919556e-02
4.769514799118041992e-01 5.859116911888122559e-01 -2.342489361763000488e-02
4.678221344947814941e-01 5.839585661888122559e-01 -2.258407324552536011e-02
4.543430209159851074e-01 5.195025801658630371e-01 -2.032214030623435974e-02
3.727906048297882080e-01 4.637829065322875977e-01 1.129849553108215332e-01
5.120168328285217285e-01 4.914990961551666260e-01 -4.242035001516342163e-02
4.676919579505920410e-01 5.572921037673950195e-01 -8.091719937510788441e-04
4.731628000736236572e-01 5.639261007308959961e-01 -7.574298884719610214e-03
4.978999495506286621e-01 4.894418120384216309e-01 -3.933391347527503967e-02
4.633141756057739258e-01 4.921066761016845703e-01 -2.033654972910881042e-02
4.984585940837860107e-01 4.942554831504821777e-01 -4.265803843736648560e-02
4.591132998466491699e-01 4.314511716365814209e-01 -7.081720978021621704e-03
4.409781992435455322e-01 4.389061629772186279e-01 1.732270233333110809e-03
4.693579077720642090e-01 4.722059667110443115e-01 -2.443278580904006958e-02
4.223670661449432373e-01 2.638986706733703613e-01 3.706528618931770325e-02
4.391598999500274658e-01 2.796696126461029053e-01 1.567096821963787079e-02
4.302833080291748047e-01 2.981210350990295410e-01 1.613660715520381927e-02
4.663808643817901611e-01 6.002005338668823242e-01 8.300935849547386169e-03
4.872943758964538574e-01 2.996779382228851318e-01 -3.316418733447790146e-03
4.782347381114959717e-01 2.807468473911285400e-01 -1.052295090630650520e-03
4.869099855422973633e-01 2.525266110897064209e-01 6.691971793770790100e-03
4.249469339847564697e-01 3.850022554397583008e-01 1.775913871824741364e-02
4.080444574356079102e-01 4.120250940322875977e-01 3.438571095466613770e-02
4.710205197334289551e-01 3.818766474723815918e-01 1.279536075890064240e-02
4.054022729396820068e-01 3.558678030967712402e-01 2.052846737205982208e-02
4.878672361373901367e-01 4.149772524833679199e-01 4.303130786865949631e-03
4.824095368385314941e-01 4.618999660015106201e-01 -3.412355855107307434e-02
3.829809725284576416e-01 4.192405641078948975e-01 3.195244073867797852e-02
4.072425365447998047e-01 4.212623536586761475e-01 1.724286377429962158e-02
4.223251938819885254e-01 4.301292598247528076e-01 6.596511229872703552e-03
4.441552460193634033e-01 4.229524433612823486e-01 2.021431224420666695e-03
4.567434787750244141e-01 4.169450998306274414e-01 -8.968040347099304199e-03
4.762126803398132324e-01 4.091549515724182129e-01 9.050535038113594055e-03
5.013114213943481445e-01 3.982831835746765137e-01 -6.365946494042873383e-03
3.972622454166412354e-01 4.417526721954345703e-01 3.261859714984893799e-02
3.943865597248077393e-01 3.464469015598297119e-01 2.119191177189350128e-02
5.104302763938903809e-01 4.764527678489685059e-01 -5.288498476147651672e-02
4.721726775169372559e-01 4.373902380466461182e-01 -1.483091339468955994e-02
3.716394603252410889e-01 3.874415755271911621e-01 1.123526915907859802e-01
4.907289147377014160e-01 3.863932490348815918e-01 -1.686538383364677429e-02
4.709745347499847412e-01 4.725366830825805664e-01 -2.311435900628566742e-02
4.183445274829864502e-01 3.666280210018157959e-01 1.437781006097793579e-02
4.736645519733428955e-01 4.471276700496673584e-01 -2.774276211857795715e-02
3.718574047088623047e-01 4.971738457679748535e-01 9.898070245981216431e-02
4.770003557205200195e-01 3.737208247184753418e-01 1.759357191622257233e-02
4.924180209636688232e-01 4.449745118618011475e-01 -4.474684596061706543e-02
4.055770039558410645e-01 5.906718969345092773e-01 2.775505743920803070e-02
4.058245122432708740e-01 6.078206896781921387e-01 3.841198608279228210e-02
3.767377138137817383e-01 4.584754705429077148e-01 7.024692744016647339e-02
3.934050798416137695e-01 5.650773644447326660e-01 3.498840332031250000e-02
3.839440643787384033e-01 3.571860492229461670e-01 6.660276651382446289e-02
4.482505917549133301e-01 6.531184911727905273e-01 -9.357522241771221161e-03
5.004472732543945312e-01 4.786613881587982178e-01 -3.769519180059432983e-02
4.712891280651092529e-01 4.570678472518920898e-01 -1.030936092138290405e-02
3.890658617019653320e-01 3.797999620437622070e-01 4.394263029098510742e-02
4.411878287792205811e-01 3.911088109016418457e-01 4.465231671929359436e-03
4.557015001773834229e-01 3.784211277961730957e-01 7.831864990293979645e-03
4.754117131233215332e-01 5.725839138031005859e-01 -4.370487295091152191e-03
3.922971785068511963e-01 4.890670478343963623e-01 3.410275280475616455e-02
4.679594039916992188e-01 6.895530223846435547e-01 3.749514929950237274e-03
4.346681535243988037e-01 6.458501219749450684e-01 1.899773068726062775e-02
4.218266606330871582e-01 6.250231862068176270e-01 3.114788793027400970e-02
5.203014016151428223e-01 2.874641120433807373e-01 5.195777863264083862e-03
4.912564158439636230e-01 6.910468339920043945e-01 9.550515096634626389e-05
4.570904374122619629e-01 3.875350356101989746e-01 8.075561374425888062e-03
4.756491184234619141e-01 3.776277899742126465e-01 5.942561663687229156e-03
4.782701134681701660e-01 3.807299137115478516e-01 7.265603169798851013e-03
3.915232419967651367e-01 3.455590605735778809e-01 3.761432692408561707e-02
4.695729911327362061e-01 3.653204739093780518e-01 1.537479553371667862e-02
4.476780295372009277e-01 3.675303459167480469e-01 1.886971667408943176e-02
4.489423632621765137e-01 3.614166378974914551e-01 6.186537444591522217e-03
4.373754858970642090e-01 3.719662725925445557e-01 1.522126514464616776e-02
4.296832680702209473e-01 3.713515102863311768e-01 1.889226213097572327e-02
3.815705478191375732e-01 3.446227908134460449e-01 8.434227108955383301e-02
4.220609366893768311e-01 3.745249509811401367e-01 2.250146120786666870e-02
5.131819844245910645e-01 5.054479837417602539e-01 -3.701163828372955322e-02
4.659101963043212891e-01 5.084756612777709961e-01 -3.161235526204109192e-02
4.773905873298645020e-01 4.841110408306121826e-01 -3.219194710254669189e-02
4.931745827198028564e-01 5.066099762916564941e-01 -3.998261317610740662e-02
5.148399472236633301e-01 3.635018467903137207e-01 -1.451874710619449615e-02
4.214163422584533691e-01 6.122210621833801270e-01 1.769314892590045929e-02
4.315330088138580322e-01 6.323411464691162109e-01 2.165226079523563385e-02
4.672656059265136719e-01 6.617677211761474609e-01 -2.467549405992031097e-02
3.918651938438415527e-01 5.865056514739990234e-01 7.726153731346130371e-02
4.786517024040222168e-01 3.719654977321624756e-01 1.145506929606199265e-02
4.817715287208557129e-01 4.159405529499053955e-01 -1.921761594712734222e-02
5.067289471626281738e-01 6.739978790283203125e-01 -1.093715056777000427e-02
4.548035562038421631e-01 6.656639575958251953e-01 2.244474180042743683e-02
3.745024800300598145e-01 5.024211406707763672e-01 5.913005024194717407e-02
4.811306297779083252e-01 5.742889046669006348e-01 -2.028237096965312958e-02
4.837568104267120361e-01 5.814214348793029785e-01 -2.229484729468822479e-02
4.757674932479858398e-01 5.805819034576416016e-01 -3.056012839078903198e-02
4.769057333469390869e-01 6.046707034111022949e-01 -2.597196027636528015e-02
4.685919582843780518e-01 6.086564064025878906e-01 -2.680399268865585327e-02
4.717370867729187012e-01 5.455598831176757812e-01 -1.647909171879291534e-02
4.606418907642364502e-01 5.476460456848144531e-01 -1.907703466713428497e-02
4.606354534626007080e-01 5.504622459411621094e-01 -1.476890407502651215e-02
4.525550603866577148e-01 5.253595113754272461e-01 -9.250803850591182709e-03
4.103673100471496582e-01 4.973697960376739502e-01 1.314901188015937805e-02
4.988448023796081543e-01 3.877095282077789307e-01 -1.184729486703872681e-02
4.937892258167266846e-01 3.601340353488922119e-01 1.040389016270637512e-02
4.821753799915313721e-01 3.824655115604400635e-01 5.093385465443134308e-03
4.649216234683990479e-01 5.514239072799682617e-01 -2.926995279267430305e-03
4.016830623149871826e-01 5.402317643165588379e-01 2.923109382390975952e-02
4.940274953842163086e-01 3.598773479461669922e-01 -1.694006845355033875e-03
4.604315459728240967e-01 6.117386817932128906e-01 -7.048155181109905243e-03
5.127410888671875000e-01 4.132467806339263916e-01 -4.984327405691146851e-02
4.951247572898864746e-01 4.051566123962402344e-01 -3.290443122386932373e-02
5.051671266555786133e-01 3.974582254886627197e-01 -3.915929421782493591e-02
4.809416234493255615e-01 4.381719231605529785e-01 -2.430390939116477966e-02
4.955546855926513672e-01 6.630380153656005859e-01 -2.497055381536483765e-02
5.016891956329345703e-01 6.402210593223571777e-01 -1.684323139488697052e-02
4.724303185939788818e-01 6.345257163047790527e-01 -1.609024219214916229e-02
4.339734911918640137e-01 5.781634449958801270e-01 -4.460653290152549744e-03
4.495121240615844727e-01 4.813522100448608398e-01 -1.162069849669933319e-02
4.470870792865753174e-01 6.052145361900329590e-01 -1.896205125376582146e-03
4.221757054328918457e-01 4.848286211490631104e-01 -4.111106041818857193e-03
4.491405189037322998e-01 5.136827230453491211e-01 -4.966258071362972260e-03
4.213585257530212402e-01 5.166867971420288086e-01 -5.291867069900035858e-03
4.738318622112274170e-01 6.527475118637084961e-01 -1.374635379761457443e-02
4.809031486511230469e-01 4.431282579898834229e-01 -1.426380127668380737e-02
4.373360574245452881e-01 5.940400362014770508e-01 8.523796685039997101e-03
4.393303096294403076e-01 6.273288130760192871e-01 2.553603611886501312e-03
4.260315597057342529e-01 5.573003888130187988e-01 2.555270679295063019e-03
3.896446526050567627e-01 5.122646093368530273e-01 4.288879781961441040e-02
4.147671759128570557e-01 5.585405230522155762e-01 2.123241312801837921e-02
3.791221380233764648e-01 5.327824950218200684e-01 6.214118748903274536e-02
4.375389516353607178e-01 5.228542089462280273e-01 -2.188721206039190292e-03
4.861574172973632812e-01 4.205334484577178955e-01 -1.037991046905517578e-02
4.812582135200500488e-01 4.648207724094390869e-01 -4.826411977410316467e-02
4.803147912025451660e-01 4.774822294712066650e-01 -3.780370950698852539e-02
5.029546022415161133e-01 4.550528228282928467e-01 -4.377216100692749023e-02
4.825631976127624512e-01 3.536728024482727051e-01 3.302681259810924530e-03
4.699500799179077148e-01 3.402155637741088867e-01 -5.807528737932443619e-03
4.397717118263244629e-01 3.196584880352020264e-01 -1.077631860971450806e-02
4.467495083808898926e-01 3.360191881656646729e-01 -7.415536791086196899e-03
4.180049300193786621e-01 3.390832543373107910e-01 1.731508970260620117e-02
3.977596163749694824e-01 3.752595484256744385e-01 2.565946243703365326e-02
3.724043369293212891e-01 4.154189527034759521e-01 6.726217269897460938e-02
4.201835393905639648e-01 4.034214019775390625e-01 1.883720792829990387e-02
4.300677776336669922e-01 4.044312834739685059e-01 -6.406242027878761292e-04
4.474043250083923340e-01 4.109664559364318848e-01 -6.837967084720730782e-04
4.642295241355895996e-01 3.986946940422058105e-01 1.220543030649423599e-02
4.744264781475067139e-01 3.960842490196228027e-01 1.063161808997392654e-02
4.888130724430084229e-01 3.876918852329254150e-01 6.137914024293422699e-03
3.628500699996948242e-01 4.180549085140228271e-01 1.090906113386154175e-01
4.712958335876464844e-01 4.787788987159729004e-01 -3.092947043478488922e-02
4.896960258483886719e-01 4.274302423000335693e-01 -3.134100884199142456e-02
4.884303510189056396e-01 4.671573638916015625e-01 -5.180126801133155823e-02
5.007865428924560547e-01 4.859138131141662598e-01 -5.220796912908554077e-02
4.834121167659759521e-01 4.769492745399475098e-01 -4.997780919075012207e-02
4.767046272754669189e-01 4.826330840587615967e-01 -2.834368497133255005e-02
4.988542795181274414e-01 4.726958870887756348e-01 -5.790480598807334900e-02
5.009041428565979004e-01 4.845536053180694580e-01 -4.094000905752182007e-02
4.846948087215423584e-01 3.768578171730041504e-01 9.085067547857761383e-03
4.919471740722656250e-01 3.829708397388458252e-01 3.263238584622740746e-03
5.002079606056213379e-01 3.804337382316589355e-01 -4.353782860562205315e-04
4.374457597732543945e-01 3.590607941150665283e-01 1.389796473085880280e-02
4.409331679344177246e-01 3.489055633544921875e-01 2.285360358655452728e-02
5.154856443405151367e-01 4.271971881389617920e-01 -3.539949283003807068e-02
6.031956672668457031e-01 3.952092826366424561e-01 2.447305433452129364e-02
5.127639770507812500e-01 4.829733073711395264e-01 -3.054252639412879944e-02
6.257036328315734863e-01 3.402179777622222900e-01 9.117962419986724854e-02
5.689629316329956055e-01 3.987867236137390137e-01 1.320175547152757645e-02
5.738478899002075195e-01 4.032138586044311523e-01 6.133964285254478455e-03
5.945319533348083496e-01 3.974327445030212402e-01 6.159246433526277542e-03
6.083981394767761230e-01 4.046552181243896484e-01 2.642251737415790558e-02
5.545035004615783691e-01 3.817223310470581055e-01 2.102369442582130432e-02
5.814375281333923340e-01 3.529410958290100098e-01 2.119872346520423889e-02
5.649120807647705078e-01 3.569213151931762695e-01 1.100519858300685883e-02
5.969177484512329102e-01 3.499956727027893066e-01 1.435409579426050186e-02
6.037383079528808594e-01 3.640019893646240234e-01 2.962184511125087738e-02
6.188846826553344727e-01 4.056897163391113281e-01 3.351498022675514221e-02
5.443503856658935547e-01 6.494523882865905762e-01 -7.655130699276924133e-03
5.944492816925048828e-01 3.842197656631469727e-01 2.858098782598972321e-02
6.441565752029418945e-01 4.095228910446166992e-01 7.591896504163742065e-02
6.174384951591491699e-01 3.949543237686157227e-01 3.986607864499092102e-02
5.687422752380371094e-01 4.667136073112487793e-01 -8.628772338852286339e-04
5.255863070487976074e-01 5.358550548553466797e-01 -2.574880421161651611e-02
5.193186402320861816e-01 5.545556545257568359e-01 -3.885930776596069336e-02
5.416966080665588379e-01 5.291064977645874023e-01 -2.756704762578010559e-02
5.363956093788146973e-01 5.546796917915344238e-01 -2.367055416107177734e-02
5.284423232078552246e-01 5.511978864669799805e-01 -3.520514443516731262e-02
5.434380769729614258e-01 5.539923310279846191e-01 -3.230645880103111267e-02
5.410365462303161621e-01 5.896192789077758789e-01 -1.000425312668085098e-02
5.199798345565795898e-01 4.681159853935241699e-01 -6.421115994453430176e-02
5.173931717872619629e-01 4.621650576591491699e-01 -6.443451344966888428e-02
6.136069893836975098e-01 3.451422452926635742e-01 2.623825147747993469e-02
5.354970693588256836e-01 4.309085905551910400e-01 -4.662110470235347748e-03
5.381838679313659668e-01 4.737910032272338867e-01 -3.620765358209609985e-02
5.519326925277709961e-01 4.701161682605743408e-01 -3.429806232452392578e-02
6.008934378623962402e-01 4.685904979705810547e-01 1.670372672379016876e-02
5.233844518661499023e-01 4.395656883716583252e-01 -5.901664867997169495e-02
5.934039950370788574e-01 3.235883116722106934e-01 1.818761788308620453e-02
6.014536023139953613e-01 3.370209336280822754e-01 1.872247271239757538e-02
6.311141848564147949e-01 3.130454719066619873e-01 5.802140384912490845e-02
5.368831753730773926e-01 3.348770737648010254e-01 -8.429692126810550690e-03
5.539101362228393555e-01 3.513709902763366699e-01 9.267712011933326721e-03
5.565429925918579102e-01 5.641405582427978516e-01 9.435021318495273590e-03
6.150107383728027344e-01 5.691708326339721680e-01 9.285320341587066650e-02
5.418364405632019043e-01 4.910435080528259277e-01 -1.987667009234428406e-02
5.185695886611938477e-01 4.852347970008850098e-01 -3.198239952325820923e-02
5.492233037948608398e-01 5.695367455482482910e-01 -3.451055381447076797e-04
5.474966764450073242e-01 5.814521908760070801e-01 -3.944266121834516525e-03
6.179822087287902832e-01 3.212668597698211670e-01 1.595421507954597473e-02
5.440754294395446777e-01 4.904855489730834961e-01 -3.295664861798286438e-02
5.638860464096069336e-01 3.260183036327362061e-01 -2.819982590153813362e-03
5.769514441490173340e-01 3.056388199329376221e-01 -1.464699278585612774e-03
5.815902948379516602e-01 2.536107003688812256e-01 2.189454808831214905e-02
6.277573108673095703e-01 3.188667893409729004e-01 3.153064474463462830e-02
5.753713250160217285e-01 2.886591851711273193e-01 7.289817556738853455e-03
6.145095825195312500e-01 3.431875407695770264e-01 3.713173046708106995e-02
6.243593692779541016e-01 3.470493853092193604e-01 5.460409820079803467e-02
5.251524448394775391e-01 5.398876070976257324e-01 -3.400930017232894897e-02
5.325780510902404785e-01 5.451775789260864258e-01 -3.171756491065025330e-02
5.441762804985046387e-01 5.477509498596191406e-01 -2.228619530797004700e-02
5.301983952522277832e-01 4.880152940750122070e-01 -3.609336540102958679e-02
5.501534938812255859e-01 5.711646676063537598e-01 3.393592545762658119e-03
5.370894074440002441e-01 5.769017934799194336e-01 -3.333533415570855141e-03
5.382699966430664062e-01 5.636427998542785645e-01 -3.653967287391424179e-03
5.356796979904174805e-01 4.802548289299011230e-01 -5.163929611444473267e-02
5.451838374137878418e-01 5.496255159378051758e-01 -1.106441766023635864e-02
5.281932353973388672e-01 5.389268994331359863e-01 -3.035222552716732025e-02
5.175355076789855957e-01 5.428378582000732422e-01 -3.975346684455871582e-02
5.230201482772827148e-01 6.236506104469299316e-01 -1.070485450327396393e-02
5.103521943092346191e-01 6.001581549644470215e-01 -2.225043810904026031e-02
5.221689939498901367e-01 5.954432487487792969e-01 -2.972517162561416626e-02
5.139963030815124512e-01 5.869319438934326172e-01 -4.029940813779830933e-02
5.154171586036682129e-01 5.729928612709045410e-01 -2.683146484196186066e-02
5.343826413154602051e-01 5.732715725898742676e-01 -1.713862642645835876e-02
5.283553600311279297e-01 5.609149932861328125e-01 -1.187446527183055878e-02
5.403513908386230469e-01 5.798646807670593262e-01 -1.324084307998418808e-02
5.405637621879577637e-01 5.849756002426147461e-01 -1.290341280400753021e-02
5.532799959182739258e-01 5.399502515792846680e-01 -1.678304746747016907e-02
6.353000402450561523e-01 4.821454882621765137e-01 1.174826622009277344e-01
5.398165583610534668e-01 5.609725713729858398e-01 -4.823316354304552078e-03
5.458432435989379883e-01 5.819737315177917480e-01 -1.118935365229845047e-02
5.180680751800537109e-01 4.961270391941070557e-01 -2.537653967738151550e-02
5.366493463516235352e-01 4.926243126392364502e-01 -2.166383899748325348e-02
5.232927203178405762e-01 4.927454590797424316e-01 -2.383437938988208771e-02
5.615490078926086426e-01 4.385683536529541016e-01 5.948293022811412811e-03
5.680480003356933594e-01 4.477673470973968506e-01 3.277551382780075073e-03
5.435917377471923828e-01 4.808024764060974121e-01 -2.264250442385673523e-02
6.094195246696472168e-01 2.713894844055175781e-01 3.312146663665771484e-02
5.973530411720275879e-01 2.890608608722686768e-01 2.518367953598499298e-02
5.920531749725341797e-01 3.170886635780334473e-01 1.624862663447856903e-02
5.527372360229492188e-01 5.987814068794250488e-01 3.935658838599920273e-03
5.435537695884704590e-01 3.186506628990173340e-01 -1.213416643440723419e-02
5.539441704750061035e-01 2.840503156185150146e-01 -6.602420471608638763e-03
5.600739717483520508e-01 2.552658021450042725e-01 1.282593980431556702e-02
5.940009951591491699e-01 4.051165580749511719e-01 1.807500422000885010e-02
6.151268482208251953e-01 4.287781715393066406e-01 2.883055433630943298e-02
5.445911288261413574e-01 3.846028745174407959e-01 2.463695034384727478e-02
5.975424647331237793e-01 3.738234639167785645e-01 3.440713137388229370e-02
5.273987650871276855e-01 4.097334742546081543e-01 1.980966422706842422e-03
5.395721197128295898e-01 4.668933451175689697e-01 -3.343152254819869995e-02
6.350973844528198242e-01 4.394564032554626465e-01 4.737510532140731812e-02
6.034598350524902344e-01 4.324299395084381104e-01 1.092575676739215851e-02
5.887255668640136719e-01 4.265573620796203613e-01 2.312880195677280426e-02
5.773081779479980469e-01 4.332906901836395264e-01 5.660512484610080719e-03
5.609266161918640137e-01 4.188588559627532959e-01 6.949478760361671448e-03
5.473002791404724121e-01 4.036910235881805420e-01 5.649670027196407318e-03
5.207645297050476074e-01 3.862521648406982422e-01 -2.843041159212589264e-02
6.250234842300415039e-01 4.762074649333953857e-01 5.014447867870330811e-02
6.234554052352905273e-01 3.739642202854156494e-01 2.714708447456359863e-02
5.191123485565185547e-01 4.853036701679229736e-01 -5.371013656258583069e-02
5.319210886955261230e-01 4.447240233421325684e-01 -1.526205893605947495e-02
6.252117753028869629e-01 4.069046080112457275e-01 1.077672541141510010e-01
5.362184047698974609e-01 3.950641155242919922e-01 5.633108317852020264e-03
5.451396107673645020e-01 4.762551188468933105e-01 -1.174647454172372818e-02
6.069977283477783203e-01 3.951908349990844727e-01 2.441579289734363556e-02
5.366867780685424805e-01 4.644967913627624512e-01 -3.981766477227210999e-02
6.335045695304870605e-01 5.377697944641113281e-01 1.232110336422920227e-01
5.422394275665283203e-01 3.955814242362976074e-01 5.987109616398811340e-03
5.335637927055358887e-01 4.443538188934326172e-01 -5.299693346023559570e-02
5.857548117637634277e-01 6.037085056304931641e-01 4.006912559270858765e-02
5.969249010086059570e-01 6.332489848136901855e-01 5.305967852473258972e-02
6.335210800170898438e-01 4.762861728668212891e-01 7.899587601423263550e-02
6.102338433265686035e-01 5.814325809478759766e-01 5.953346937894821167e-02
6.344977617263793945e-01 3.673034012317657471e-01 7.671967893838882446e-02
5.499202013015747070e-01 6.563367843627929688e-01 4.183747805655002594e-03
5.088330507278442383e-01 4.875851571559906006e-01 -4.217100888490676880e-02
5.495501756668090820e-01 4.671900868415832520e-01 -1.365111768245697021e-02
6.248583793640136719e-01 4.081502258777618408e-01 5.811652168631553650e-02
5.925447344779968262e-01 4.007174074649810791e-01 1.977343298494815826e-02
5.662395954132080078e-01 3.953672647476196289e-01 2.431453205645084381e-03
5.344154238700866699e-01 5.642917156219482422e-01 -1.506668748334050179e-03
6.214544177055358887e-01 4.966709613800048828e-01 3.238067030906677246e-02
5.096892714500427246e-01 6.909080147743225098e-01 -2.613927470520138741e-03
5.622000098228454590e-01 6.762542128562927246e-01 2.340259030461311340e-02
5.773141384124755859e-01 6.406010389328002930e-01 3.367446735501289368e-02
5.615153312683105469e-01 3.948223888874053955e-01 3.763959743082523346e-03
5.570536851882934570e-01 3.915800452232360840e-01 4.540583118796348572e-03
5.535891652107238770e-01 3.739015460014343262e-01 1.071404851973056793e-02
6.222094297409057617e-01 3.598288893699645996e-01 5.170007795095443726e-02
5.504187345504760742e-01 3.849773406982421875e-01 9.868979454040527344e-03
5.690428018569946289e-01 3.615507781505584717e-01 1.104675792157649994e-02
5.707177519798278809e-01 3.704279363155364990e-01 5.590550135821104050e-03
5.913456678390502930e-01 3.731907606124877930e-01 1.434099208563566208e-02
5.827046632766723633e-01 3.823461532592773438e-01 1.917648874223232269e-02
6.358457803726196289e-01 3.599232733249664307e-01 1.049191802740097046e-01
5.793959498405456543e-01 3.882538676261901855e-01 1.330217998474836349e-02
5.595270991325378418e-01 5.084596872329711914e-01 -2.067004330456256866e-02
5.424999594688415527e-01 4.869941174983978271e-01 -2.675062045454978943e-02
5.255997776985168457e-01 5.115269422531127930e-01 -3.477091342210769653e-02
5.770992636680603027e-01 6.276690363883972168e-01 1.842989772558212280e-02
5.520511865615844727e-01 6.341614127159118652e-01 1.434717420488595963e-02
5.188252329826354980e-01 6.718661785125732422e-01 -7.643010001629590988e-03
5.981606245040893555e-01 5.998225212097167969e-01 8.551039546728134155e-02
5.481899380683898926e-01 3.791497349739074707e-01 7.428845390677452087e-03
5.334334969520568848e-01 4.183165729045867920e-01 -1.955757476389408112e-02
5.454745292663574219e-01 6.737442612648010254e-01 1.284123212099075317e-02
6.262828111648559570e-01 5.271943807601928711e-01 6.400839239358901978e-02
5.197126865386962891e-01 5.735901594161987305e-01 -1.565689407289028168e-02
5.254211425781250000e-01 5.859788656234741211e-01 -1.914409920573234558e-02
5.242774486541748047e-01 5.892761945724487305e-01 -1.612289808690547943e-02
5.306800603866577148e-01 6.025436520576477051e-01 -1.921827346086502075e-02
5.406380891799926758e-01 6.106974482536315918e-01 -1.441632583737373352e-02
5.480297207832336426e-01 5.637831091880798340e-01 -7.486294955015182495e-03
5.384151935577392578e-01 5.547615885734558105e-01 1.235901145264506340e-03
5.547081828117370605e-01 5.575232505798339844e-01 -9.096395224332809448e-03
5.639939308166503906e-01 5.449326038360595703e-01 -5.057310685515403748e-03
5.989885330200195312e-01 5.098751783370971680e-01 2.305974997580051422e-02
5.215986371040344238e-01 4.074507951736450195e-01 2.720040734857320786e-03
5.434308052062988281e-01 3.736261427402496338e-01 1.794339530169963837e-02
5.436888337135314941e-01 3.729115724563598633e-01 1.412501372396945953e-02
5.364298820495605469e-01 5.600804090499877930e-01 -1.642892509698867798e-02
6.082763075828552246e-01 5.587477684020996094e-01 3.011828660964965820e-02
5.241960287094116211e-01 3.616105914115905762e-01 -5.717257503420114517e-03
5.454360246658325195e-01 6.250305175781250000e-01 -1.286444719880819321e-02
5.207363367080688477e-01 4.153081178665161133e-01 -2.003367245197296143e-02
5.398578643798828125e-01 4.409999549388885498e-01 -1.906272396445274353e-02
5.261453986167907715e-01 6.384776830673217773e-01 -1.981613785028457642e-02
5.692245960235595703e-01 5.920280814170837402e-01 6.859913468360900879e-03
5.590200424194335938e-01 4.882306456565856934e-01 -2.230437705293297768e-03
5.525193810462951660e-01 6.053612232208251953e-01 -7.266973145306110382e-03
5.827680826187133789e-01 4.884189665317535400e-01 3.621269017457962036e-03
5.658075213432312012e-01 5.160853862762451172e-01 6.726236082613468170e-03
5.850541591644287109e-01 5.122419595718383789e-01 -3.381160320714116096e-03
5.161975026130676270e-01 6.563931703567504883e-01 -1.711181737482547760e-02
5.404134392738342285e-01 4.521004259586334229e-01 -2.176183648407459259e-02
5.819832682609558105e-01 6.039323210716247559e-01 2.671374566853046417e-02
5.576820969581604004e-01 6.235479712486267090e-01 1.001162221655249596e-03
5.797983407974243164e-01 5.722599625587463379e-01 2.508213743567466736e-03
6.121209263801574707e-01 5.347610712051391602e-01 4.428550601005554199e-02
5.921294093132019043e-01 5.677421092987060547e-01 8.221753872931003571e-03
6.132761836051940918e-01 5.494670271873474121e-01 6.317196786403656006e-02
5.758364200592041016e-01 5.442184805870056152e-01 -9.751696139574050903e-03
5.384544134140014648e-01 4.354142844676971436e-01 -3.090475499629974365e-02
5.330769419670104980e-01 4.745336174964904785e-01 -6.270218640565872192e-02
5.284051299095153809e-01 4.851601719856262207e-01 -3.142267838120460510e-02
5.379533767700195312e-01 4.500534534454345703e-01 -4.609383642673492432e-02
5.464757084846496582e-01 3.581997752189636230e-01 1.166918873786926270e-02
5.594617724418640137e-01 3.373537063598632812e-01 1.125245820730924606e-02
5.875475406646728516e-01 3.362682461738586426e-01 7.113541476428508759e-03
6.021784543991088867e-01 3.441182971000671387e-01 7.284799590706825256e-03
6.083623766899108887e-01 3.526074886322021484e-01 1.162557024508714676e-02
6.042398810386657715e-01 3.811970949172973633e-01 3.368697687983512878e-02
6.294344067573547363e-01 4.459665119647979736e-01 8.464287221431732178e-02
6.070665121078491211e-01 4.144403338432312012e-01 2.066621743142604828e-02
5.991429090499877930e-01 4.298647642135620117e-01 2.286850661039352417e-02
5.723729133605957031e-01 4.177342653274536133e-01 1.024657860398292542e-02
5.550671219825744629e-01 4.052798151969909668e-01 1.433781068772077560e-02
5.405898094177246094e-01 3.992932736873626709e-01 4.494144581258296967e-03
5.420235395431518555e-01 3.919163346290588379e-01 1.515793614089488983e-02
6.397479772567749023e-01 4.501084983348846436e-01 1.117542833089828491e-01
5.430735349655151367e-01 4.915673732757568359e-01 -2.564555034041404724e-02
5.190114378929138184e-01 4.204501807689666748e-01 -2.736621536314487457e-02
5.263268947601318359e-01 4.675409197807312012e-01 -5.722078680992126465e-02
5.158943533897399902e-01 4.727166295051574707e-01 -4.614812508225440979e-02
5.373243689537048340e-01 4.814438223838806152e-01 -5.503028631210327148e-02
5.380092859268188477e-01 4.896706044673919678e-01 -8.117071352899074554e-03
5.241636037826538086e-01 4.880051612854003906e-01 -5.513515323400497437e-02
5.162773132324218750e-01 4.858396053314208984e-01 -4.364816844463348389e-02
5.416494607925415039e-01 3.825774788856506348e-01 2.103227935731410980e-02
5.426077842712402344e-01 3.792475163936614990e-01 8.399321697652339935e-03
5.351838469505310059e-01 3.814059197902679443e-01 -1.044484693557024002e-02
5.885323286056518555e-01 3.862161338329315186e-01 2.371084131300449371e-02
6.018736362457275391e-01 3.665587306022644043e-01 2.653876878321170807e-02
4.530811905860900879e-01 3.722404837608337402e-01 1.029135659337043762e-02
4.581386446952819824e-01 3.691263794898986816e-01 5.539873614907264709e-03
4.419820010662078857e-01 3.514375984668731689e-01 2.436836063861846924e-02
4.318045973777770996e-01 3.674057126045227051e-01 1.458662003278732300e-02
4.482760727405548096e-01 3.826205134391784668e-01 1.390915364027023315e-02
5.732792019844055176e-01 3.717827200889587402e-01 9.368797764182090759e-03
5.949563980102539062e-01 3.913152217864990234e-01 2.453778311610221863e-02
5.835217833518981934e-01 3.621974885463714600e-01 2.030087448656558990e-02
5.604090690612792969e-01 3.774797320365905762e-01 2.265875786542892456e-02
5.768698453903198242e-01 3.945466279983520508e-01 2.236116863787174225e-02
