-2.484159834985227855e-02 -3.188202591686188914e-01 -6.321185447697420523e-01
2.734830824532075155e-02 -5.780459866789300349e-01 -2.510037184301163737e-01
2.884683079177202680e-02 -3.664343264186463722e-01 -3.319276158157525858e-01
-4.073320328489088427e-02 -5.241683427737886536e-01 1.601035050358390333e-01
2.710161310583533711e-02 -6.194737002875227994e-01 -1.357477028143137254e-01
2.583395585558583007e-02 -6.082122538867751338e-01 2.795090959085060056e-02
2.855784026391972041e-02 -4.470950287332120521e-01 4.447714234950713719e-01
-5.361984172528799775e-01 -1.414155455013260676e-01 5.583335687017055848e-01
2.912533770109831943e-02 -4.279150717005775206e-01 7.615550698149764486e-01
2.792655299646874811e-02 -4.617806221781117770e-01 9.143753966267320621e-01
2.622520809331715941e-02 -4.475851380317930062e-01 1.451869305714921232e+00
-2.365307873408192124e-02 -3.019616843344644641e-01 -6.674820415915576621e-01
-2.103846061365870213e-02 -2.714518902505577147e-01 -6.975669600767061551e-01
-1.645666503310761614e-02 -2.309954239342028037e-01 -7.139453664025351420e-01
-1.684123950329245722e-02 -2.429717684349113060e-01 -7.308016994212038764e-01
-1.772590838202028896e-02 -2.471819481643682259e-01 -7.800487131155096066e-01
-2.008237852460179051e-02 -2.584313822022499263e-01 -8.380380916652914181e-01
-1.979410468040487814e-02 -2.442288008015276457e-01 -8.947238668251658034e-01
1.686192185257806564e-02 -1.658199768650454597e-01 -9.838702295897263639e-01
2.604567490283815623e-02 -5.307362825910103554e-01 -3.021785800277494993e-01
-5.039648532877283316e-02 -4.221232455163866915e-01 -2.798521896452741964e-01
-8.319042996459402595e-01 1.719931423372167423e-01 1.066025862305286509e+00
-3.185534707353609996e-01 -2.128790187067453044e-01 4.199222978014850449e-01
-4.001314680284884240e-01 -2.041760265983916245e-01 4.113258612667569647e-01
-4.760934738166677782e-01 -1.816525729455475968e-01 4.270302667998403523e-01
-5.689293280619112103e-01 -1.248070732074202382e-01 5.239883125961849464e-01
-2.466672464783392638e-01 -2.074198038488028750e-01 4.515779129043552276e-01
-4.336666396715505023e-01 -2.770206710301559294e-01 8.058974812707548896e-01
-3.405000326909357611e-01 -2.761881058980608650e-01 7.880519782323522904e-01
-5.160807541553147360e-01 -2.473757139020127394e-01 7.867515244350162806e-01
-5.683085777891738744e-01 -2.093576574288191772e-01 7.400350639392667684e-01
-6.374032205431934273e-01 -7.418391023996198652e-02 4.577010147946812824e-01
-2.750732421241312009e-01 -3.240239508934961155e-02 -1.111366504359847740e+00
-5.622872777095677677e-01 -1.208579043431081412e-01 6.082728523007593369e-01
-8.582554889734583803e-01 2.662278346262891837e-01 5.787222393917227370e-01
-7.244946857147271935e-01 -4.867858181969855064e-03 5.651530076622439669e-01
-3.727275233293769752e-01 -2.231225572996986539e-01 -5.577520841436478527e-02
-1.142167802413489863e-01 -3.138656819627937411e-01 -6.019912902453800063e-01
-9.947776261664662001e-02 -2.621253690256071245e-01 -6.854901275296837460e-01
-1.956798305943097671e-01 -2.650938459225177235e-01 -6.180594296799849507e-01
-2.559891699318831981e-01 -2.014688523852468105e-01 -6.265251317948792309e-01
-1.667188006720185522e-01 -2.323075991580783040e-01 -6.736974376703281919e-01
-2.234753274608107798e-01 -1.775002315156842814e-01 -6.578889053288122790e-01
-3.615169550034225132e-01 -6.452583106789855361e-02 -7.469501079161016133e-01
-4.040991478365711653e-02 -5.694881041061825577e-01 -2.426963186613166901e-01
-5.234846275896376522e-02 -6.078884930982175749e-01 -1.304338054905731237e-01
-6.743156894477464469e-01 -1.980328348256688020e-01 8.394741721790808242e-01
-2.093308674293964389e-01 -2.740745936756328049e-01 2.248392465983698463e-01
-2.244815562027252520e-01 -3.787630176137889437e-01 -1.674294024936809344e-01
-2.307516312455681895e-01 -3.634747473389410288e-01 -9.943210173744332359e-02
-6.067817838268796393e-01 -1.229531505568590977e-01 -9.426943940451057435e-03
-4.725526440238057846e-02 -5.821863583415010091e-01 2.278430165367746618e-02
-4.926382894824965497e-01 -3.457847853893436518e-01 9.443235126038906913e-01
-6.000766190027628788e-01 -2.797904167206488601e-01 9.133582844036525206e-01
-7.524752603804785167e-01 -4.898624012075306761e-03 1.238230778312752856e+00
-1.427606539859499479e-01 -4.055947957963212946e-01 8.081259224053427559e-01
-2.579792442806494446e-01 -2.492038649582239973e-01 7.280042723521014114e-01
-4.349960705301558761e-01 -5.010643359009497866e-02 -6.246227906796788520e-01
-7.595647205487221498e-01 6.078593269285762490e-01 -4.581269747620730914e-01
-1.646333399107036688e-01 -3.419344439120930446e-01 -2.338032470963119502e-01
-1.025899438541381103e-01 -3.437429345751096266e-01 -2.715993360802143042e-01
-3.248998685052248425e-01 -6.274634152891081507e-02 -6.401454271776823024e-01
-3.057762599277845106e-01 -8.493412168880262736e-02 -6.475148812849069735e-01
-6.396284543542818390e-01 -2.519395108867161781e-01 9.945864122326364409e-01
-2.292885570272684692e-01 -3.289946122683586882e-01 -2.099917954411397725e-01
-3.446661860694133495e-01 -3.896216372151739549e-01 9.206796649068005323e-01
-3.568680680116553816e-01 -4.168073359594626215e-01 1.011368950291114510e+00
-4.322091739667377475e-01 -3.352219354285324027e-01 1.437664960117293056e+00
-6.948127123975700314e-01 -1.465896983137709997e-01 1.101168060012813754e+00
-3.850925756239997888e-01 -3.801681886121743847e-01 1.214135486469070102e+00
-7.175902317113735940e-01 -1.381970626467410312e-01 9.045534686876388619e-01
-7.737529884076876918e-01 9.077287109274183308e-03 9.642474164565080219e-01
-1.093325082644521773e-01 -2.958494280430165047e-01 -6.513909538941560218e-01
-1.818549237749612635e-01 -2.515293881191364433e-01 -6.491281184626060963e-01
-2.407466959838779341e-01 -1.954906775144639175e-01 -6.438984428838635532e-01
-1.466641616213860688e-01 -3.222643823774659078e-01 -2.530373777610753772e-01
-3.151349955240927980e-01 -7.401774115068926463e-02 -6.438479190058952195e-01
-2.728920972967693870e-01 -1.265742484988950922e-01 -6.899545342557518168e-01
-2.945571109361306839e-01 -8.871610572208546430e-02 -6.507926163334807335e-01
-1.282627681399364783e-01 -4.572267653415231781e-01 -2.161755466170704465e-01
-2.098929868286271705e-01 -1.624543810614474393e-01 -6.685814052455906209e-01
-1.530276943376101539e-01 -1.974808299251551436e-01 -6.864510398495007326e-01
-8.882481921130616631e-02 -2.243555974424448207e-01 -7.033178036109144493e-01
-8.861876954619052338e-02 -1.584964250424432120e-01 -9.744442279554328401e-01
-1.108679452980612101e-01 -2.385225735643432543e-01 -8.791782397380121239e-01
-1.073575301757718758e-01 -2.524245855501732194e-01 -8.220904429237507749e-01
-9.815522150125477463e-02 -2.396174056459077217e-01 -7.647654056439341375e-01
-8.811711258561250038e-02 -2.352828943014102503e-01 -7.189984853022524103e-01
-1.998420541809936557e-01 -1.697415466832992159e-01 -6.876789518996828665e-01
-2.151695440602607867e-01 -1.781168231120322520e-01 -7.085816701642966287e-01
-2.304656466805007353e-01 -1.868307034804921329e-01 -7.360755689230868981e-01
-2.409061452140234261e-01 -1.698013226964616429e-01 -7.660255715658472742e-01
-3.274533896654961418e-01 -1.942178151884220161e-01 -4.764522058569280460e-01
-8.495857740451273621e-01 6.454217496655978437e-01 1.319105841265805490e-01
3.021274672302557557e-02 -4.242896297732919875e-01 -3.138398536300727182e-01
-2.422365453138800029e-01 -1.254040584050027662e-01 -6.706271699781336526e-01
-2.575756688131349836e-01 -1.299931299449778865e-01 -6.797803472970840311e-01
-7.722157005037066924e-02 -3.441801318449997371e-01 -3.179218102354694486e-01
-2.017540219792279266e-01 -2.641607645602746524e-01 -2.703835700733602243e-01
-8.948084396335365120e-02 -3.454432639766829016e-01 -2.952929039389444177e-01
-2.921201353803037915e-01 -2.376498784939962139e-01 1.674479852620895381e-01
-4.223016975019233676e-01 -2.026037733175456435e-01 1.017968950088869451e-01
-2.438128309292381113e-01 -3.125039785279604132e-01 -1.423502140963286144e-01
-6.263336600838798063e-01 -1.828753036658858910e-01 1.366157310520641488e+00
-5.711588243432497158e-01 -2.727924127123326770e-01 1.190310293036883182e+00
-5.177121585584032459e-01 -3.436545597967244348e-01 1.036248914360731854e+00
-2.793288759020999823e-01 -1.035047799144304115e-01 -8.410418092848077620e-01
-1.652077570751914193e-01 -4.537385372990621057e-01 9.610641027805044700e-01
-1.921366793770018511e-01 -4.397076817186307274e-01 1.199150506775217950e+00
-2.224122390665744797e-01 -4.222706637272954922e-01 1.460778167658336457e+00
-5.371353381259225124e-01 -1.500787545540122059e-01 4.636627084313482694e-01
-7.263993368949006602e-01 -1.796162059761557961e-02 3.896343124556544968e-01
-1.988474901046954901e-01 -2.015800326557248834e-01 4.827432928462187522e-01
-6.410544376033877612e-01 -1.378910345832020379e-01 6.940917755786155663e-01
-1.538996665372771577e-01 -3.122967626496619964e-01 2.921537821795056056e-01
-1.779510101292852697e-01 -4.620301636381918264e-01 -1.396037427870520375e-01
-7.973390310257721936e-01 7.740640460632203235e-02 3.249020462719764968e-01
-6.766014952044940856e-01 -7.933215172009713823e-02 2.932890991513470436e-01
-5.777946679406675834e-01 -1.475330965450137033e-01 2.336394567395158051e-01
-4.246307262026105533e-01 -1.870341285867405112e-01 2.376301891422372137e-01
-3.108030855925229541e-01 -2.122236452107484350e-01 2.749173953872884324e-01
-2.256228700022777645e-01 -2.404023873530392041e-01 3.201893220509497429e-01
-4.704908118787737292e-02 -4.130778240509902499e-01 4.258349095388428429e-01
-7.823041767509941735e-01 8.565942472786192141e-02 7.994197426418009345e-02
-7.049596349981879229e-01 -1.022437518963290881e-01 7.188516087073486549e-01
-1.605215338453059790e-02 -5.259971854373765021e-01 -2.953120832038072519e-01
-2.033848709908753216e-01 -2.920612085986007411e-01 1.008061678969503494e-01
-8.799623804526901516e-01 5.187386660868775756e-01 6.325594801562923752e-01
-1.592644527231440454e-01 -2.603331373911288438e-01 3.730671053566607664e-01
-2.486926489538870966e-01 -2.347039133097428287e-01 -1.358132672867309043e-01
-5.940993644490744074e-01 -1.054172180324133012e-01 6.084613907603937388e-01
-1.822179484951236272e-01 -4.423851486672181199e-01 -5.718863841565965944e-02
-8.144777508797806931e-01 6.470518828056293081e-01 -1.528087260614827969e-01
-1.943430498877291024e-01 -1.884240677891702020e-01 5.286635286028803504e-01
-1.179236043920303678e-01 -5.288192586679896223e-01 -5.537893429519352706e-03
-6.084087761993584031e-01 2.316843644285404569e-01 -8.075151926767021315e-01
-6.007160643204567663e-01 3.874628082037712140e-01 -9.126935156022608631e-01
-8.442248577335664805e-01 3.677828727883277748e-01 1.003059277835120500e-01
-6.999245359301298208e-01 3.099043596460812067e-01 -6.330124275045179161e-01
-8.192335459761879157e-01 1.575383953074405152e-01 7.914420156050372412e-01
-2.920767707283170589e-01 2.704057331604783204e-02 -1.217104924001608079e+00
-2.806659156134485092e-03 -4.184017927376881829e-01 -3.071969103728255934e-01
-2.752829105163095980e-01 -2.505577975040673699e-01 2.516734675628939238e-02
-7.927099883341703901e-01 7.582518562678755569e-02 5.607663610221724770e-01
-4.631878356020813214e-01 -1.827203965233759053e-01 4.927698326600570278e-01
-3.961353647789356280e-01 -2.018214978563837025e-01 4.761152554253078595e-01
-2.856119253506497202e-01 -1.111483830399553618e-01 -7.020021579347952567e-01
-7.631604507154854389e-01 1.415171432482651703e-01 -1.470239753354664891e-01
-1.439233923070226684e-01 6.380500668743267767e-02 -1.365175745880242708e+00
-3.817276525310639990e-01 2.076887618774099220e-01 -1.195606043272392505e+00
-4.836858306942426466e-01 2.879226472069699172e-01 -1.081683934598736130e+00
2.691016416107715192e-02 -4.599903098928925793e-01 1.178246754427319631e+00
2.368948697559034033e-02 3.947270809886307963e-02 -1.389736099461282848e+00
-3.274388517023107958e-01 -2.071717953824092628e-01 4.846082799314721523e-01
-2.600681725189596394e-01 -2.006207525089143129e-01 5.063207745907675195e-01
-2.153730124841291005e-01 -1.877077484466149748e-01 5.186339032462244925e-01
-7.599871537845603875e-01 -2.621248191634026337e-02 7.580532512952498081e-01
-2.752784797906548953e-01 -2.259909380473823504e-01 6.392907442995776623e-01
-3.495907600316883190e-01 -2.412426922337462809e-01 6.879977042896621153e-01
-4.206281918575927037e-01 -2.374180973266248884e-01 6.998817171852718122e-01
-4.875357386922352099e-01 -2.153938761543006120e-01 6.826291220694251649e-01
-5.272055023873400970e-01 -1.865374760224247641e-01 6.515261474755345006e-01
-8.700816752922535535e-01 3.599565287280767079e-01 8.769918873694537709e-01
-5.070488788160854021e-01 -1.602784906566323553e-01 5.236018926829822950e-01
2.459955520098135173e-02 -3.356284083538365604e-01 -4.238497674703393114e-01
-2.390975817110261858e-01 -2.501182154341849984e-01 -4.343062202857232990e-01
-1.639948786435452277e-01 -3.735637289589395227e-01 -2.198016431872136800e-01
-8.825406485385869915e-02 -3.268515039750503615e-01 -4.227548924925108587e-01
2.896303900518863716e-02 -4.080965667124070162e-01 6.072894290776298387e-01
-5.044216551341267341e-01 1.731795658816384087e-01 -9.687384606908850948e-01
-4.027895992278782700e-01 1.061431544370326219e-01 -1.094054805401567299e+00
-1.533458102264984024e-01 -4.410065205259613985e-02 -1.308363179692380918e+00
-6.861812101411302045e-01 5.087658317448950918e-01 -7.154904790420335559e-01
-2.202197402792049896e-01 -2.045435711822374270e-01 5.709185783828713001e-01
-1.007445593260505867e-01 -4.147247079513027845e-01 2.363782060454707734e-01
1.741975545419847948e-02 -6.585030465225960583e-02 -1.330891958979308232e+00
-2.726665202795952592e-01 1.217476113549901817e-01 -1.295857510388542799e+00
-8.158558000336180172e-01 3.886441499940848088e-01 -1.552320053564411606e-01
-1.477378129734704393e-01 -2.071118857023468429e-01 -7.032535053213326837e-01
-1.638519369957136540e-01 -2.146507146151859224e-01 -7.378363370462819315e-01
-1.770985258895512171e-01 -2.242429823096021568e-01 -7.821779004609643593e-01
-1.847820088019137552e-01 -2.089067314411559018e-01 -8.324965555236922832e-01
-1.952098953690155625e-01 -1.405642216170591707e-01 -9.194597087241460631e-01
-2.702176434262386073e-01 -1.262666333208882774e-01 -6.432240946380185509e-01
-2.872053112628653593e-01 -1.268681113419072859e-01 -6.341620876491924630e-01
-3.013219600496299666e-01 -1.278673817278326297e-01 -6.245619623376754692e-01
-4.018684791091395869e-01 -1.201429725757024725e-01 -5.374385997000655779e-01
-6.655314860641015073e-01 -7.088403423326311570e-03 -2.385976424931135487e-01
-9.907306339905275205e-02 -3.577262827454308347e-01 3.673146051369775567e-01
-1.389407889252025630e-01 -2.518241998494241685e-01 6.199705221610060102e-01
-1.881508210120852453e-01 -2.227834291841868097e-01 6.139233389259942664e-01
-2.528122565414815393e-01 -1.197286025576488888e-01 -6.515862205691129727e-01
-6.707454593223038941e-01 1.436155321290779330e-01 -4.950006327532963102e-01
-7.394775490694810438e-02 -3.530390610739242430e-01 6.049317249619308168e-01
-2.379306847472786313e-01 -8.135823535556840902e-02 -1.014291587566218622e+00
2.673215227988148812e-02 -5.527365774827042166e-01 1.700851989296218170e-01
-4.549386844050928858e-02 -4.755598050633380591e-01 2.853226918142814927e-01
2.787928491217672722e-02 -4.973637986060741589e-01 3.023042237302953072e-01
-1.573607176001734498e-01 -3.885841743903550860e-01 5.556032265643430501e-02
1.519258205550488849e-02 -1.233452335759603891e-01 -1.226654471017495140e+00
1.601365391774620811e-02 -1.425648263541508254e-01 -1.100170355597056560e+00
-1.148537308436991533e-01 -1.229067173478470831e-01 -1.085852149478659712e+00
-4.255688788786469168e-01 -1.408009579866006944e-02 -7.842000916152793710e-01
-3.192617138184949965e-01 -2.035596509661741216e-01 -2.166059880891035849e-01
-3.370110547036890836e-01 -4.276841184640899074e-02 -9.155956368304256632e-01
-4.992988853194368915e-01 -1.726097797000636369e-01 -1.762799161457540009e-01
-3.953334571964952637e-01 -1.745382483675117502e-01 -3.199132327137613752e-01
-5.659220431302003362e-01 -8.585058156254266049e-02 -3.449929380651639566e-01
-1.423580715068865077e-01 -9.907754285394157479e-02 -1.206361103322710404e+00
-2.044879534234916862e-01 -3.233493106180651555e-01 1.098932132636010195e-03
-4.834692473085655529e-01 6.950365040354469781e-02 -8.555202703626723082e-01
-3.798560926867700083e-01 3.045874012841175149e-02 -9.879900664913572328e-01
-4.963269562284040592e-01 -1.876407131470328449e-02 -6.354561784818411052e-01
-7.400521786663105672e-01 1.946873939207838244e-01 -3.391203009830523474e-01
-5.802394275089346465e-01 5.602931366636317023e-02 -6.416445062200994975e-01
-7.743395641382444516e-01 3.850398163076232949e-01 -3.973651248361775856e-01
-4.637073233340508471e-01 -1.133408430264297717e-01 -4.505012845550889766e-01
-1.505962147033645948e-01 -3.500561918709266251e-01 1.707651003246016819e-01
-1.530047347352070375e-01 -4.738514849477465374e-01 -1.970809332644277156e-01
-1.993856456688147816e-01 -3.824282449434398545e-01 -2.091460884261043263e-01
-1.198186837091860801e-01 -5.384077228856654074e-01 -1.308367014546772122e-01
-2.043885144793677888e-01 -2.892839848901251898e-01 7.425234321293248119e-01
-3.383358195065855334e-01 -3.089604449267158159e-01 8.327097731285366677e-01
-4.537607470124704889e-01 -3.028957349527205967e-01 8.518771601352019829e-01
-5.475375602604670711e-01 -2.672179242071881511e-01 8.305012906750777191e-01
-6.107009382713912693e-01 -2.129163340164785811e-01 7.800425765981107151e-01
-6.499042979849201096e-01 -6.822703328527615629e-02 5.857092159021096700e-01
-8.631406537809649393e-01 3.192957388003159203e-01 3.435536794346297773e-01
-5.966791310927188619e-01 -1.091012724641965415e-01 3.962046326268848784e-01
-5.191216901679474027e-01 -1.524682804201787922e-01 3.462313533373915231e-01
-4.140311591735046370e-01 -1.860577237787497396e-01 3.330077996309884769e-01
-3.121693194779477376e-01 -2.064171138076031919e-01 3.530205197112546989e-01
-2.313251204446553633e-01 -2.130849633219866757e-01 3.890624153169853772e-01
-1.752451267123639189e-01 -2.233578905256117242e-01 4.231745592187098337e-01
-8.681948217948787239e-01 6.064332334087096932e-01 3.899121956038886783e-01
-1.989604917590344635e-01 -3.400641647473451323e-01 -2.331914978770828761e-01
-1.016196930755117189e-01 -4.620474752498215931e-01 1.191802464992880173e-01
-9.883243012789449944e-02 -5.334802886625263918e-01 -2.176851006899890861e-01
-5.863060545332615670e-02 -4.947015630552372700e-01 -2.702395427575875475e-01
-9.905954688154916532e-02 -4.935641589480843638e-01 -2.302112823481829440e-01
-1.781943584001769998e-01 -3.094271133274587582e-01 -2.637866341009775795e-01
-4.230515300869495954e-02 -5.143585893145868893e-01 -2.849498749340750869e-01
-3.080181557207594539e-02 -4.191982294890160832e-01 -2.981170702132783790e-01
-1.682749035408531713e-01 -1.980089799483042423e-01 5.224985868652958221e-01
-1.309544425238302057e-01 -2.405286162965858399e-01 4.863069724293725971e-01
-1.094290246448523241e-01 -2.918959070110949128e-01 4.584184155052718479e-01
-5.477666119512747400e-01 -1.573671860857284166e-01 6.273290792738216437e-01
-5.980746040284556919e-01 -1.584866827678166334e-01 6.846600554335935396e-01
9.435824784119029029e-02 -5.236906469850588497e-01 1.542290535846120858e-01
5.732010710543034016e-01 -1.535817946878809126e-01 5.161814119814599477e-01
1.073919968165852334e-01 -4.266557657184902874e-01 -2.868764756643876201e-01
8.433219618423448694e-01 1.477397613943631782e-01 9.773427719873135633e-01
3.497808512488065347e-01 -2.161353964174572706e-01 4.073005431559342249e-01
4.271120073494238945e-01 -2.103499530250230176e-01 3.942700983469035192e-01
5.006853098534147506e-01 -1.907453941313352885e-01 3.987984190109009619e-01
5.981562639848259089e-01 -1.366991782547322121e-01 4.764659391191312654e-01
2.858155492844710599e-01 -2.101369790728779829e-01 4.396464249209400821e-01
4.684609599825262372e-01 -2.870018433621890352e-01 7.633211967901707418e-01
3.771531639318514983e-01 -2.841694692710916570e-01 7.493512307058712851e-01
5.508276638322806562e-01 -2.615477918520459077e-01 7.408326322696575650e-01
6.016732506222322030e-01 -2.263372076700675972e-01 6.893364219174337171e-01
6.555048847728239814e-01 -8.943760871100139842e-02 4.004820067123845417e-01
3.061795635018025319e-01 -4.588886779283030126e-02 -1.126713062919765473e+00
6.009892363173618968e-01 -1.337875184779740989e-01 5.593546911624427409e-01
8.855827839882479680e-01 2.437826010415433675e-01 4.932486079201481299e-01
7.372897988235305178e-01 -2.382971874524807132e-02 4.934637265086430080e-01
4.114386051191099014e-01 -2.334918387650297689e-01 -9.182330304270644450e-02
6.962277510418751758e-02 -3.131603089643398841e-01 -6.088958038953491414e-01
6.403875354158583555e-02 -2.611245277169178536e-01 -6.901366054829846108e-01
1.649040011974856057e-01 -2.639327647132559407e-01 -6.319359629316946281e-01
2.356242328787822027e-01 -2.017678242014345202e-01 -6.485419982512705683e-01
1.412127037367277571e-01 -2.311913394573915093e-01 -6.853441338115338066e-01
2.081994578340430890e-01 -1.788522417468149106e-01 -6.784966068171912612e-01
3.992317565843438443e-01 -7.366496705232544739e-02 -7.612772905161349080e-01
9.266619671226272725e-02 -5.734728969692091116e-01 -2.489075671120194455e-01
1.027512480615969115e-01 -6.122897179719788419e-01 -1.377624304191913673e-01
6.951332202483051503e-01 -2.164159342620752824e-01 7.844686025264882012e-01
2.560014767796509050e-01 -2.765030052353090184e-01 2.034811691674465184e-01
2.730628178425842378e-01 -3.872700317037628404e-01 -1.875109481298632419e-01
2.776797274500092394e-01 -3.719024362152645313e-01 -1.202254981847176718e-01
6.352683211893350723e-01 -1.369343619202856299e-01 -6.711616579106721714e-02
9.878460820289564071e-02 -5.830212790492605990e-01 1.663573117529786732e-02
5.310403795691875928e-01 -3.634213169004552046e-01 9.027466299826780727e-01
6.303876431926180857e-01 -2.987478653282105157e-01 8.670037088295801109e-01
7.689352753223843706e-01 -2.863335050025378470e-02 1.155055326818178019e+00
1.983086615189577628e-01 -4.100070507466069269e-01 7.856127510272248315e-01
2.997673809098710951e-01 -2.531551748800608959e-01 6.936514635705929299e-01
4.638135767228357409e-01 -6.192688554560721315e-02 -6.418578980588423022e-01
8.104699819221750090e-01 5.837378227323553048e-01 -5.209895868897362892e-01
2.172272853435534001e-01 -3.505557157207676022e-01 -2.490284423589714247e-01
1.580137430490192174e-01 -3.540261167927478692e-01 -2.829296447580691987e-01
3.475312041134652197e-01 -6.257992732979697492e-02 -6.568026138865807884e-01
3.252531808629594567e-01 -8.687192631098863971e-02 -6.627842132358219285e-01
6.667905599518353377e-01 -2.716373580547370992e-01 9.377752327980310998e-01
2.758933224291859609e-01 -3.388077364078604381e-01 -2.301770141097384537e-01
3.930560665340521176e-01 -4.047638010480025805e-01 8.852254057098403184e-01
4.053707169874720684e-01 -4.327726426217282096e-01 9.693047290369927182e-01
4.673990066488142858e-01 -3.511803997043438930e-01 1.384250225469232376e+00
7.186699079477043561e-01 -1.664319647040812811e-01 1.031513683813776838e+00
4.266209259085051997e-01 -3.936196099692224060e-01 1.170278107483877506e+00
7.368519608706480817e-01 -1.567534375822045856e-01 8.344090617692190293e-01
7.954808183372708008e-01 -1.096494421553672813e-02 8.876447726667757721e-01
6.739309813838793850e-02 -2.947907104705236314e-01 -6.570670977382376821e-01
1.529584906670922451e-01 -2.503910246642833681e-01 -6.619596065957670250e-01
2.216444934226131092e-01 -1.967790546724501599e-01 -6.651107119335691875e-01
1.999773509145364447e-01 -3.318432551492986882e-01 -2.667700869564564314e-01
3.363162636480224732e-01 -7.578487216628437828e-02 -6.598741108211882977e-01
2.791437433115428468e-01 -1.284979820196940903e-01 -7.113059836985782258e-01
3.136530016027651024e-01 -8.960265697492170167e-02 -6.649723257132689191e-01
1.785996534090977805e-01 -4.600369458459546701e-01 -2.295611834862811840e-01
1.974568063452120104e-01 -1.632269721883150004e-01 -6.875229765708344987e-01
1.339011316052054479e-01 -1.961561366819927210e-01 -6.971380231053726506e-01
6.188124949038865952e-02 -2.219026286192709585e-01 -7.067792242165732430e-01
1.178821598830450679e-01 -1.627362736446813507e-01 -9.820731093404202472e-01
7.427133893769088946e-02 -2.389492406630171484e-01 -8.865411068728983324e-01
6.957258227942619833e-02 -2.512528518698782243e-01 -8.286945112520187617e-01
6.588067247170277529e-02 -2.376098907255796977e-01 -7.708948268723225805e-01
5.915354875005442159e-02 -2.323162704317061067e-01 -7.241585310226543726e-01
1.911100302814986440e-01 -1.685123549046718683e-01 -7.037435831343137327e-01
2.049183587536123063e-01 -1.791379016497014476e-01 -7.260645249848143301e-01
2.178141110031083238e-01 -1.884988382309147337e-01 -7.549283854852006925e-01
2.313652216195759559e-01 -1.714751942903864901e-01 -7.860880469172020213e-01
3.551821378344723890e-01 -2.035264348278605362e-01 -4.973343829003417094e-01
8.938704469778468997e-01 6.195483309069893529e-01 4.867722330562096467e-02
2.470969436021042132e-01 -1.239215925954862962e-01 -6.897783882248151865e-01
2.619519454378287926e-01 -1.310777471922275617e-01 -7.006380815531632056e-01
1.324019429760996125e-01 -3.497010012261442258e-01 -3.268480238064354615e-01
2.513758888462845342e-01 -2.763122689092974427e-01 -2.885758866244158560e-01
1.449138581738654008e-01 -3.538055944362609173e-01 -3.058884062440267448e-01
3.350856485507991422e-01 -2.416130410743355661e-01 1.384625696752139756e-01
4.598207832252265703e-01 -2.114983148565241500e-01 6.011967022043808451e-02
2.910473950056519099e-01 -3.218522861981243377e-01 -1.643188263825523521e-01
6.511008556423192317e-01 -2.055826791710124724e-01 1.293161086664369464e+00
6.026041890808886414e-01 -2.917800725125441197e-01 1.129765866483832371e+00
5.560924876127648631e-01 -3.620582985627629480e-01 9.868704437178088540e-01
3.083855043011189956e-01 -1.102278798205771349e-01 -8.587916109051276781e-01
2.235599091814122197e-01 -4.607269320542706215e-01 9.266601350082215305e-01
2.397541927543056506e-01 -4.475757905093147304e-01 1.175014534513709741e+00
2.659043542634059731e-01 -4.331536850280326423e-01 1.430847849363976465e+00
5.627554016352798172e-01 -1.613842651757224633e-01 4.243758346539545645e-01
7.350502819980953007e-01 -3.807654930741728727e-02 3.203718629781049376e-01
2.438617745569343631e-01 -2.011246961407631151e-01 4.709000034262332823e-01
6.674769672224600825e-01 -1.547424667316086577e-01 6.360955698711339146e-01
2.034087071731949248e-01 -3.131869459103131526e-01 2.759598023632447994e-01
2.266258217741068393e-01 -4.689942174448669121e-01 -1.575941065414110387e-01
8.261718754010027865e-01 5.641825791428996262e-02 2.468924095997959700e-01
6.848066008755648859e-01 -9.627095658574003068e-02 2.313192483010299005e-01
5.884654257009680478e-01 -1.613403318200745673e-01 1.824914589023470812e-01
4.438465403314717506e-01 -1.951113975403984124e-01 2.032607319313244898e-01
3.372757356773692372e-01 -2.170309638510559136e-01 2.538812564026322605e-01
2.581016033498900741e-01 -2.438057828972894914e-01 3.066146910938988279e-01
1.030573046425806161e-01 -4.135912647656769803e-01 4.186382931719264677e-01
8.140947267987108660e-01 6.700262492209164977e-02 5.645293057440249618e-03
7.214732673290291665e-01 -1.202403873633937359e-01 6.512417770271566875e-01
6.672811622947212584e-02 -5.269451885004292624e-01 -2.987312292224338917e-01
2.516179561134634923e-01 -2.949168393256240694e-01 8.073686000804250473e-02
9.083944778442321066e-01 4.957301153070100552e-01 5.422864231524001655e-01
1.995662398030950690e-01 -2.616503902587674624e-01 3.658880186746550356e-01
3.002932164393640191e-01 -2.441977058197586370e-01 -1.585936558150580211e-01
6.287441244003977303e-01 -1.187216117335232468e-01 5.545417158355594456e-01
2.291323225365665683e-01 -4.494292546563971591e-01 -7.492500146683919726e-02
8.646250403505151283e-01 6.200527232199171124e-01 -2.265378802826312210e-01
2.438859659451081408e-01 -1.860083314699745305e-01 5.141193260594948411e-01
1.653521015173009534e-01 -5.326209334499942827e-01 -1.794418453771638028e-02
6.414485503063507288e-01 2.089217637606122224e-01 -8.478014154923911860e-01
6.421514628414382031e-01 3.631810107925836917e-01 -9.484803932400698301e-01
8.889532014731948983e-01 3.451619393720620765e-01 2.070295283146532384e-02
7.371637942205233607e-01 2.865011900582525861e-01 -6.860550559777633950e-01
8.443882524264867406e-01 1.366080113931243123e-01 7.092417686365577456e-01
3.247917081166429298e-01 1.339548701033798847e-02 -1.228636597310253542e+00
6.374329725050340012e-02 -4.204804006811515560e-01 -3.102603709637861695e-01
3.194739399688417691e-01 -2.572596346101818643e-01 -1.786652967607590958e-03
7.973889841858960992e-01 5.622261823026497574e-02 4.759175179530458211e-01
4.977184809989898540e-01 -1.920106747739946940e-01 4.649099574522614908e-01
4.312524363460412680e-01 -2.082923389870150466e-01 4.562401665284212537e-01
2.971939801640483547e-01 -1.123021082846978880e-01 -7.231831341169239202e-01
7.976478731684544243e-01 1.223227732857236905e-01 -2.154498865089904402e-01
1.877532895761291343e-01 5.669760719892140421e-02 -1.368227824139669480e+00
4.241570685435913646e-01 1.908750255730640166e-01 -1.208364101750443176e+00
5.261110944555835722e-01 2.678121275160871839e-01 -1.102938779890918486e+00
3.653468691408900959e-01 -2.115434073049593522e-01 4.675009701999511824e-01
3.035512767041220750e-01 -2.014509246752549387e-01 4.899381122738313277e-01
2.637595091456307328e-01 -1.859432727135257313e-01 5.025815285592568626e-01
7.706402634224218673e-01 -4.412064751947063213e-02 6.776183792021577279e-01
3.155475692369769103e-01 -2.274105649812030450e-01 6.038830188434068935e-01
3.833312780485531590e-01 -2.467780707048417010e-01 6.442584712678782743e-01
4.533821349620104080e-01 -2.461235571809128331e-01 6.532055161467353877e-01
5.211228825602765014e-01 -2.271556019580855956e-01 6.341111201490950977e-01
5.613957484056797398e-01 -1.994386274262216485e-01 6.021491299291871213e-01
8.894328415466001836e-01 3.357013885514881224e-01 7.865607355678634338e-01
5.427683795118709575e-01 -1.711303660124718906e-01 4.879108283568998061e-01
2.787604861716790894e-01 -2.562905068551518117e-01 -4.510149384533723715e-01
2.163718513460677340e-01 -3.821027083163931470e-01 -2.356934649264110226e-01
1.334038894649286766e-01 -3.307186984399502760e-01 -4.314972065269395696e-01
5.373600882963756042e-01 1.517132258942281431e-01 -9.975974725117797703e-01
4.355574409217988219e-01 8.693182821188039089e-02 -1.113619684941825394e+00
1.853375158668435496e-01 -5.193939648026946188e-02 -1.313927180414200535e+00
7.336686433956263187e-01 4.848768191277538220e-01 -7.651371899890113681e-01
2.664414629050076977e-01 -2.022576158651301359e-01 5.489776271351068937e-01
1.529907508415795370e-01 -4.165534198588627390e-01 2.247502226937958536e-01
3.147698927568742810e-01 1.095584322209188499e-01 -1.301796701830699732e+00
8.611850772983298263e-01 3.656066199950255280e-01 -2.283877549810819918e-01
1.291809743334259575e-01 -2.037337470109144011e-01 -7.126819621668991633e-01
1.418330786293109380e-01 -2.130662430142815644e-01 -7.488025358063448156e-01
1.505015025797935557e-01 -2.232702518159264127e-01 -7.946713579634234748e-01
1.596550139691274017e-01 -2.085068079042557976e-01 -8.456432172459438235e-01
2.197480079893661120e-01 -1.439195879289176805e-01 -9.322889805741343405e-01
2.675024816346099898e-01 -1.294703118389899932e-01 -6.651968079853052274e-01
2.843046031878809776e-01 -1.291579199092562635e-01 -6.564262838926189225e-01
2.984133656016205727e-01 -1.303358078343113124e-01 -6.475236940357633753e-01
4.222346219693267066e-01 -1.325055935808187313e-01 -5.591974383990041542e-01
6.917722489710103062e-01 -2.438934553220192814e-02 -2.965455404171828402e-01
1.526187194469441621e-01 -3.585836748972281995e-01 3.552279908020873345e-01
1.915146765362524262e-01 -2.541685210968858133e-01 5.992425266012192386e-01
2.348853487210461610e-01 -2.211625687864537948e-01 5.908002954257959294e-01
2.517406749456840842e-01 -1.199508323588923675e-01 -6.721631825996978726e-01
7.015148766215686393e-01 1.246647992876865063e-01 -5.452516787663292952e-01
1.238271350359326783e-01 -3.533672712831814611e-01 5.927689694093635220e-01
2.651541267859482964e-01 -9.141484698138391263e-02 -1.029490676439391406e+00
9.939218781646108614e-02 -4.774387318616513110e-01 2.787425594508341486e-01
2.062992976342870044e-01 -3.937037750616168008e-01 3.887122108923080771e-02
1.446760748545991571e-01 -1.302076041044054611e-01 -1.093535394441119690e+00
4.635349218881632538e-01 -2.740734002625108690e-02 -8.075605189487331526e-01
3.615236576670954882e-01 -2.152969984313357621e-01 -2.460758100360938005e-01
3.642896365716699059e-01 -5.678110349057580164e-02 -9.391243458705202940e-01
5.278556199985477981e-01 -1.880561049738993518e-01 -2.224983459769147576e-01
4.264276115416292257e-01 -1.853534859423249248e-01 -3.532299375472393033e-01
5.893012842249820693e-01 -9.876039851757756338e-02 -3.873788004204461455e-01
1.719860409104069232e-01 -1.062381025560192871e-01 -1.214153654523033365e+00
2.521121970169798443e-01 -3.298278167171286857e-01 -1.836831015000046224e-02
5.161241523467321457e-01 5.053990275415060074e-02 -8.870115088429868511e-01
4.112894611340367490e-01 1.243365642651255223e-02 -1.012070437463751693e+00
5.293186726034808665e-01 -2.936395794199252174e-02 -6.593196744381255581e-01
7.749073144973457339e-01 1.733230665104452672e-01 -4.017463675270678269e-01
6.101646994604714713e-01 4.117280946300652666e-02 -6.748133991981997148e-01
8.184793878626406283e-01 3.637780164587171017e-01 -4.624841915000066361e-01
4.886673185369014849e-01 -1.235998932417464724e-01 -4.787836600330928061e-01
2.008954201094159675e-01 -3.515639846367624166e-01 1.546577487107562154e-01
2.013730785080558583e-01 -4.790653142067142767e-01 -2.124332020340725657e-01
2.483864615075886961e-01 -3.921895931544637781e-01 -2.275911211933872025e-01
1.700655149467916738e-01 -5.442642074489345561e-01 -1.440843566440985768e-01
2.547113130321543295e-01 -2.935132527403760960e-01 7.142954839523272259e-01
3.830384388643537363e-01 -3.203779575627607734e-01 7.973425020510094274e-01
4.946689452656771735e-01 -3.178434703180010867e-01 8.109533584340204992e-01
5.835149777964732110e-01 -2.840059997979915707e-01 7.842849756852414700e-01
6.412564188690983435e-01 -2.306203546398832849e-01 7.278254014271758887e-01
6.735010341687197588e-01 -8.419309757173976116e-02 5.233770867092265577e-01
8.982461344201975173e-01 2.988634007060420039e-01 2.593166877968411388e-01
6.160391214082849842e-01 -1.224657057770617286e-01 3.460659445344689278e-01
5.386248845278807096e-01 -1.639593206680378668e-01 3.068709284775278379e-01
4.374778863165729170e-01 -1.937389942901379669e-01 3.086716138501698348e-01
3.413128932456466202e-01 -2.106460825371347934e-01 3.385847074724308570e-01
2.679503399834509692e-01 -2.166791978851534406e-01 3.784695093719036008e-01
2.174020604934434608e-01 -2.249406504217232872e-01 4.154805689619275322e-01
9.040355411621625592e-01 5.843433926285879210e-01 3.019652451751431155e-01
2.474650017987231609e-01 -3.502305295294585452e-01 -2.507876717823945278e-01
1.540666319837841192e-01 -4.635292819031677780e-01 1.077109603106222724e-01
1.482698687416286742e-01 -5.388192376086814450e-01 -2.286500165079918268e-01
1.078173528617154542e-01 -4.999445962150934619e-01 -2.775382594203392173e-01
1.481927049435705079e-01 -4.984849948085520177e-01 -2.414877361136195111e-01
2.273385545508115890e-01 -3.203871700714280291e-01 -2.793587899866282753e-01
9.191231902438978807e-02 -5.184818690415468057e-01 -2.907609286145123040e-01
8.910000059767428371e-02 -4.233099891430347483e-01 -3.030326423687257908e-01
2.171888248106690344e-01 -1.975441089604146327e-01 5.093502494716034557e-01
1.778987387835867517e-01 -2.413154159586272662e-01 4.775859238428404874e-01
1.540551906162707096e-01 -2.935893415733492606e-01 4.519647819994354609e-01
5.836232594968615572e-01 -1.707738515051504535e-01 5.783431800047714733e-01
6.306934941281072682e-01 -1.755389567339460388e-01 6.311082025613226065e-01
-4.048397777107060058e-01 -1.923282661977165908e-01 6.022240463583095060e-01
-3.248008312985817270e-01 -1.997868413335823767e-01 6.001457477297019727e-01
-4.038481177460306881e-01 -2.026741040766721902e-01 7.138452005739079897e-01
-4.859595968420382661e-01 -1.848044827450423533e-01 6.054543963431350262e-01
-4.065518699278269921e-01 -1.819855690863136921e-01 4.922147635037666946e-01
4.384700697425070182e-01 -2.002748193970382840e-01 5.643486519451315075e-01
5.168242934833267022e-01 -2.073744496697382811e-01 5.600983129455365805e-01
4.373397673244339146e-01 -2.107969515499341639e-01 6.716015986992227571e-01
3.594933010046341693e-01 -1.932064098494157278e-01 5.695198014691090771e-01
4.398959034312532879e-01 -1.897730274530551320e-01 4.570139534152249938e-01
