-2.393498806514446353e-02 -2.133033861023603261e-01 -5.062678551451726960e-01
2.015838111286250012e-02 -4.261877751599074671e-01 -1.851004583570181605e-01
1.967740112836374733e-02 -2.730833342230498673e-01 -2.493916860802936064e-01
-3.002435940091557898e-02 -3.863633949913325427e-01 1.180119604864315885e-01
1.997654263876644243e-02 -4.566127757437299373e-01 -1.000593469964006221e-01
1.904215511681121853e-02 -4.483119870297813669e-01 2.060255379835951306e-02
2.104992464749044778e-02 -3.295528155534943604e-01 3.278401003335151831e-01
-3.952307378627928358e-01 -1.042371043915241158e-01 4.099339775414450049e-01
2.146822582782675903e-02 -3.154153091262612563e-01 5.613406576397483860e-01
2.058460411596720052e-02 -3.403775359301741688e-01 6.739842026089570837e-01
1.933054632729122591e-02 -3.299140740978667719e-01 1.070169844808446236e+00
-2.330524555856347546e-02 -1.977472689564552244e-01 -5.354494912407448126e-01
-2.124004732001923135e-02 -1.726883696374659216e-01 -5.576511704962017202e-01
-1.706231227555088381e-02 -1.436895854299446995e-01 -5.662556441150068398e-01
-1.091018011591504688e-02 -1.814727096797330574e-01 -4.770742079568002225e-01
-1.143070774132656786e-02 -1.846684604237169847e-01 -5.141732900781481597e-01
-1.323078013303724543e-02 -1.928335116163826246e-01 -5.623103581517274741e-01
-1.302140905310056329e-02 -1.821541511393598434e-01 -6.122744814691483128e-01
1.359903080512314677e-02 -1.238674433167563649e-01 -6.949877194134068681e-01
1.919821278608568882e-02 -3.921904857597857674e-01 -2.241117375166051806e-01
-3.730101286148174156e-02 -3.136936470300177859e-01 -2.089234543627632723e-01
-6.131949285953042228e-01 1.267757874063613066e-01 7.857654453706341968e-01
-2.348051005680473757e-01 -1.569126818203459006e-01 2.965818402729885062e-01
-2.949360726599059568e-01 -1.504977244427740946e-01 2.894965803306026597e-01
-3.509275090968411170e-01 -1.338957336125146114e-01 3.024855016695406906e-01
-4.193566241275292761e-01 -9.199503401555286786e-02 3.817373327504907099e-01
-1.818179142185705199e-01 -1.528887059057759679e-01 3.222053227255188279e-01
-3.196547779122416166e-01 -2.041913603091793927e-01 6.082711966463438813e-01
-2.509818657284013099e-01 -2.035776782823606190e-01 5.948653979879656717e-01
-3.804020502458804742e-01 -1.823401240826816316e-01 5.931603918837060618e-01
-4.188990703928885395e-01 -1.543170937481419536e-01 5.568228089150806248e-01
-4.698285878240415769e-01 -5.468080356568094658e-02 3.327803993950031458e-01
-1.998536558988289746e-01 -2.368866246818673860e-02 -8.076256205177267944e-01
-4.144607826307789011e-01 -8.908411220319489843e-02 4.514893089744564936e-01
-6.326183354282366444e-01 1.962359830490467694e-01 4.265749493287140925e-01
-5.340235256189873603e-01 -3.588089405394716963e-03 4.164068583285189806e-01
-2.747366820326990755e-01 -1.644631728068002285e-01 -4.111179008882470676e-02
-8.971653988083416742e-02 -2.172294027768584268e-01 -4.787265019737074745e-01
-7.900946668200931056e-02 -1.714564860113665379e-01 -5.464355541256515902e-01
-1.518235375770837781e-01 -1.876714005900514959e-01 -4.863135187869049858e-01
-2.026926919996624443e-01 -1.410678878080284804e-01 -4.765015435274810862e-01
-1.303707486816790828e-01 -1.573346947604481461e-01 -5.281531667472205704e-01
-1.772871489570509995e-01 -1.220923427364006830e-01 -4.948878680574397837e-01
-2.697881853664507723e-01 -4.496344090180293129e-02 -5.295770957428769243e-01
-2.978606529010302539e-02 -4.198770050629341277e-01 -1.789693727945429469e-01
-3.858594299514794823e-02 -4.480733436260797564e-01 -9.614248901751665244e-02
-4.970366918617741270e-01 -1.459695905672486749e-01 6.196922603021590703e-01
-1.542973468953007243e-01 -2.020198128201089460e-01 1.657285315504097856e-01
-1.654648880709924663e-01 -2.792353307584205524e-01 -1.234165712205931298e-01
-1.700865473409585160e-01 -2.679164800994016105e-01 -7.329119533451389223e-02
-4.472575905245479433e-01 -9.062850914490994114e-02 -6.948581937804010344e-03
-3.483175825316320307e-02 -4.291283535670076255e-01 1.679426486166757382e-02
-3.631226583046864853e-01 -2.548772459481252195e-01 6.960588965923797389e-01
-4.423152274819552865e-01 -2.062329340955293411e-01 6.732371144680842079e-01
-5.546479489949973640e-01 -3.610765275599697732e-03 9.126973119746040197e-01
-1.052285810572090030e-01 -2.989630801917997349e-01 5.956679361992245347e-01
-1.901559642654448989e-01 -1.836876504229734142e-01 5.476643084155918828e-01
-3.337251201747926110e-01 -2.960571981700577116e-02 -4.489804467775959651e-01
-5.598735753362671375e-01 4.480518359360319280e-01 -3.376844400207723584e-01
-1.214542721472827713e-01 -2.536839331496565375e-01 -1.730582295494764722e-01
-7.635666985598033030e-02 -2.562814957975434460e-01 -2.019832801204329842e-01
-2.553089183023093955e-01 -3.846224547414123229e-02 -4.485720758108491246e-01
-2.396789057128950740e-01 -5.577121988534827768e-02 -4.504957461082281789e-01
-4.714688030368718863e-01 -1.857040893456929354e-01 7.331075753429994180e-01
-1.690081183783942453e-01 -2.430335380612080876e-01 -1.549246564686723726e-01
-2.540527287165117443e-01 -2.871892982318113852e-01 6.786310656429472843e-01
-2.630467105116363058e-01 -3.072278202197520347e-01 7.454779304977510179e-01
-3.185804829733007715e-01 -2.470913912167105320e-01 1.059699851218813826e+00
-5.121450048365749907e-01 -1.080509616653940741e-01 8.116686861918687157e-01
-2.838509363551078302e-01 -2.802211809332677550e-01 8.949367412180553316e-01
-5.289342669369756500e-01 -1.018647673750638916e-01 6.667444799583543968e-01
-5.703317180581790602e-01 6.690845345977691760e-03 7.107447459387694622e-01
-8.641971873428078155e-02 -1.997708176526258317e-01 -5.204868742095691836e-01
-1.417559568207832355e-01 -1.744247785597835554e-01 -5.110591557176169530e-01
-1.907382180435418517e-01 -1.358074671546383172e-01 -4.884221985892056583e-01
-1.085858926229016364e-01 -2.397055224749922164e-01 -1.873778033475692606e-01
-2.474818227442715513e-01 -4.716151418959230179e-02 -4.494984196609874694e-01
-2.059004358183652572e-01 -9.035950732170394684e-02 -4.718027223317222685e-01
-2.303161953709731424e-01 -5.922719759470618239e-02 -4.518305847257408914e-01
-9.454221956116587444e-02 -3.379027708133341967e-01 -1.599325360160991361e-01
-1.664258178998201387e-01 -1.114650183512816417e-01 -4.997786122089975525e-01
-1.200110342432186838e-01 -1.311831311002420453e-01 -5.323486929511966892e-01
-7.051635465282146686e-02 -1.432163823922416590e-01 -5.565052883225551916e-01
-6.260576837646608661e-02 -1.179915455889724019e-01 -6.893255070001180762e-01
-7.890300794911042637e-02 -1.773878612691759393e-01 -6.018201062424788361e-01
-7.641140560195380793e-02 -1.877987296552752206e-01 -5.525481512185592692e-01
-6.965733758384218266e-02 -1.784382882614776733e-01 -5.068260903690102737e-01
-6.259760571491357339e-02 -1.751844646944300532e-01 -4.728345727145932820e-01
-1.465146083193547000e-01 -1.244701557290150973e-01 -4.606804935380948152e-01
-1.568836898633141352e-01 -1.308732869778872487e-01 -4.764132153718536600e-01
-1.670221976928704111e-01 -1.376196696228859651e-01 -4.985943229505318541e-01
-1.736668736088237130e-01 -1.252332408730083557e-01 -5.227052452151159656e-01
-2.499348487595326462e-01 -1.405078993745451088e-01 -3.585534131303536043e-01
-6.262279065908304965e-01 4.757390289586105325e-01 9.723102416140383397e-02
2.189051298358772601e-02 -3.153262666113865187e-01 -2.349621241131694127e-01
-1.834123258953684887e-01 -8.963736138198785675e-02 -4.559828264459020453e-01
-1.946453007731363538e-01 -9.296343301815279681e-02 -4.630451757785247757e-01
-5.841443742235302716e-02 -2.566389451219885931e-01 -2.377926562176185810e-01
-1.495987691064970537e-01 -1.961407784600827098e-01 -1.996029133633026031e-01
-6.706466312663472706e-02 -2.576591530730887314e-01 -2.202230449573822080e-01
-2.153211440691105150e-01 -1.751712310368269687e-01 1.234255662654615282e-01
-3.112777026823621007e-01 -1.493388198203404738e-01 7.503428421877678112e-02
-1.797139304555855910e-01 -2.303460324471906517e-01 -1.049260490102088550e-01
-4.616692378383291384e-01 -1.347970058827363538e-01 1.006991711463918193e+00
-4.209999811983133888e-01 -2.010747198994788931e-01 8.773752219703867539e-01
-3.816045550374624895e-01 -2.533070610954757385e-01 7.638169002537864571e-01
-2.005518188277333191e-01 -7.627041998363393027e-02 -5.910984215841641465e-01
-1.217742940458749201e-01 -3.344497318963868260e-01 7.083983507848401473e-01
-1.416235466522564046e-01 -3.241076174375057128e-01 8.838913251259450377e-01
-1.639395987148933864e-01 -3.112548277516458128e-01 1.076736548413155248e+00
-3.959213402891648137e-01 -1.106227377615270902e-01 3.325718929723231465e-01
-5.354274400415026669e-01 -1.323947785911938624e-02 2.871986411252003268e-01
-1.465700712786299764e-01 -1.485842227082778688e-01 3.475072156429164227e-01
-4.725198923232065695e-01 -1.016391970678531820e-01 5.187579552764600699e-01
-1.134391240354581942e-01 -2.301932940543838235e-01 2.153166893177407282e-01
-1.311673193612900024e-01 -3.405614724212591149e-01 -1.029016260382931147e-01
-5.877169410041327424e-01 5.705610448443643179e-02 2.394846223886626380e-01
-4.987215545297374319e-01 -5.847556165041067899e-02 2.161827848328623514e-01
-4.258912477089205062e-01 -1.087463361972496045e-01 1.722151668718663320e-01
-3.129944248923832717e-01 -1.378624670799788454e-01 1.742915069990225163e-01
-2.290923124865174021e-01 -1.564296073798698838e-01 1.990086956985466227e-01
-1.663061480982808149e-01 -1.772000995905742560e-01 2.308361939120182615e-01
-3.467977986380627042e-02 -3.044788047508040219e-01 3.138820165572842047e-01
-5.766347811963434822e-01 6.313938376309780054e-02 5.892505823722360425e-02
-5.196242803760764417e-01 -7.536365447556869768e-02 5.336676287675921060e-01
-1.183200915794456465e-02 -3.886738144657775340e-01 -2.189310079653866703e-01
-1.499145652903749459e-01 -2.152777092609070575e-01 7.430401195857139207e-02
-6.486184399790828614e-01 3.823611916011793177e-01 4.662582581274943294e-01
-1.173934967722883860e-01 -1.918910139801965897e-01 2.686630401931038303e-01
-1.833108341696981780e-01 -1.729997662282289905e-01 -1.001076791161614743e-01
-4.379094055853682832e-01 -7.770281444601456755e-02 4.515116564409467070e-01
-1.343124707539133933e-01 -3.260811727551715666e-01 -4.215362874408379312e-02
-6.003498557535413838e-01 4.769405967048379047e-01 -1.126349917385460753e-01
-1.432498577656332595e-01 -1.388869883744936473e-01 3.852450078498896868e-01
-8.692124347193214140e-02 -3.897915754212943895e-01 -4.081972067768724344e-03
-4.484568432175461972e-01 1.707740630296916695e-01 -5.952177685867909851e-01
-4.427865612953407748e-01 2.855980298586824340e-01 -6.727444916047642387e-01
-6.222763863303004683e-01 2.710919997727057051e-01 7.393529537872534085e-02
-5.159129193279099468e-01 2.284298681446239598e-01 -4.665921434097342058e-01
-6.038553424252612878e-01 1.161212234420216927e-01 5.833702632055182136e-01
-2.144665097186099212e-01 1.998853092724572900e-02 -8.956921459321920409e-01
-2.493582858540590447e-03 -3.110742080416128985e-01 -2.298855048420311853e-01
-2.029104606496184848e-01 -1.846856312858258242e-01 1.855079952195998194e-02
-5.843048832663022552e-01 5.589058423884019078e-02 4.133397181045783686e-01
-3.414147900174491213e-01 -1.346828241502573409e-01 3.553772668666546064e-01
-2.919905532680577842e-01 -1.487622062053450822e-01 3.415186988424656622e-01
-2.152839493549152383e-01 -7.889758475433827911e-02 -4.833571015947946137e-01
-5.625239805617177069e-01 1.043119895376609652e-01 -1.083710686963967884e-01
-1.060856330547388371e-01 4.703054120355931733e-02 -1.006268202209503748e+00
-2.813705422718815186e-01 1.530869611486418425e-01 -8.812786587908583158e-01
-3.565238195563447121e-01 2.122271749018178610e-01 -7.973069778834585009e-01
1.983542601987096921e-02 -3.390579004692617637e-01 8.684832127579733552e-01
1.746147156666807976e-02 2.909524867982793417e-02 -1.024371587739318912e+00
-2.413544963938529797e-01 -1.527058993811480914e-01 3.485858912064976334e-01
-1.916957089241472234e-01 -1.478771393077271679e-01 3.666532219170293150e-01
-1.587509994452107609e-01 -1.383589908773097399e-01 3.768992033535043529e-01
-5.601849499955835476e-01 -1.932116823048724008e-02 5.587878911941412952e-01
-2.029071947709559787e-01 -1.665774502886074870e-01 4.772998015089484625e-01
-2.576826219391392669e-01 -1.778194865699933569e-01 5.178296942145190762e-01
-3.100441651534469045e-01 -1.750003856205495367e-01 5.277185865683575727e-01
-3.593615787324089261e-01 -1.587663780130899038e-01 5.133624236629934501e-01
-3.886020790240474199e-01 -1.374963855080457709e-01 4.874811082065360068e-01
-6.413353927609066751e-01 2.653232178476327974e-01 6.464288957071717689e-01
-3.737446737230309957e-01 -1.181409420234824648e-01 3.810331349120696931e-01
1.457011908697125602e-02 -2.434087366079706882e-01 -3.235868630928595557e-01
-1.799928029273278884e-01 -1.845028349031851977e-01 -3.287198936085888867e-01
-1.208802838771516619e-01 -2.767416986061521644e-01 -1.627185629062560812e-01
-6.866786453335022022e-02 -2.382362835306028881e-01 -3.219821042366388664e-01
2.134859579671403995e-02 -3.008071303294224119e-01 4.476317747827829319e-01
-3.714347425368358380e-01 1.276761647725821458e-01 -7.138306038458375191e-01
-2.957100058835404610e-01 7.832000433495966973e-02 -8.049196341731490456e-01
-1.129996724209370029e-01 -3.250433993755463824e-02 -9.641569678642802899e-01
-5.057827424801231153e-01 3.750102361549489949e-01 -5.273865436126801143e-01
-1.623235124199451374e-01 -1.507686407908959136e-01 4.204061791404509751e-01
-7.425860509267107057e-02 -3.056927194475866916e-01 1.742338932876574820e-01
1.284006550564896487e-02 -4.853812256578882156e-02 -9.806433562374472501e-01
-2.009819248492117350e-01 8.973991573249850973e-02 -9.551738750365634800e-01
-6.013656129179745236e-01 2.864688038017693117e-01 -1.144211835237574082e-01
-1.058863833126599818e-01 -1.536977382803328407e-01 -4.675502004175524640e-01
-1.172428261570290786e-01 -1.593033693784939864e-01 -4.932552224104491678e-01
-1.267234571938413712e-01 -1.663674286744842856e-01 -5.259435638430809412e-01
-1.320517968856343982e-01 -1.549691693474053444e-01 -5.668112678663028703e-01
-1.392998635811970587e-01 -1.041855541741459890e-01 -6.458701312608305933e-01
-2.161046921409975896e-01 -8.418171813602937092e-02 -4.598105368432547913e-01
-2.300187543766274434e-01 -8.384676229323428931e-02 -4.536463720159766844e-01
-2.414614778401663608e-01 -8.405079979508178756e-02 -4.474397455873080354e-01
-3.110915751095388870e-01 -8.081098303204331534e-02 -3.943386951535254870e-01
-4.905618738221351194e-01 -5.224845075019191043e-03 -1.758698259088709026e-01
-7.302654892222093519e-02 -2.636792988064928789e-01 2.704689102583819338e-01
-1.024129664676876050e-01 -1.856190938199953067e-01 4.598972887410723853e-01
-1.386855787435603560e-01 -1.642132021783704321e-01 4.558368186512040676e-01
-2.017102410689353142e-01 -8.031966364627024513e-02 -4.654230739431053365e-01
-4.944050826637313989e-01 1.058587122998111418e-01 -3.648639366150308039e-01
-5.450673630277874659e-02 -2.602243574636087242e-01 4.462883944143898329e-01
-1.712745183562380813e-01 -5.996338104360621202e-02 -7.287728339124743826e-01
1.970421383257328629e-02 -4.074209813626050725e-01 1.253694369227809080e-01
-3.353343578314849083e-02 -3.505341429689934341e-01 2.103107625578337636e-01
2.054976290937093886e-02 -3.666058212488398915e-01 2.228278144051565324e-01
-1.159902575736315722e-01 -2.864245865419501325e-01 4.095339707281209218e-02
1.119659533168032572e-02 -9.096172567926386066e-02 -8.960963527459897549e-01
1.226170355384876426e-02 -1.057111477972128011e-01 -7.935223206234454096e-01
-8.273049494920720059e-02 -9.093349988342491752e-02 -7.835795393760935923e-01
-3.133076965058534391e-01 -9.358127161890189560e-03 -5.683907627071649316e-01
-2.353271450712135504e-01 -1.500433952465596299e-01 -1.596598231985846272e-01
-2.435652343365224404e-01 -3.123207662192595269e-02 -6.585756821877164491e-01
-3.680321696395516540e-01 -1.272303095236781978e-01 -1.299355594625328791e-01
-2.919030057068550121e-01 -1.286517797665143181e-01 -2.358652574919872791e-01
-4.171399606606485122e-01 -6.328028506826288702e-02 -2.542935769328125151e-01
-1.039971282141194386e-01 -7.300178414380242842e-02 -8.814955276909985926e-01
-1.507276450566302772e-01 -2.383401041684385380e-01 8.100205887739964083e-04
-3.547714930958489887e-01 5.134132066724472754e-02 -6.246085804709111677e-01
-2.766767758574517622e-01 2.268065368183080910e-02 -7.169092096095330824e-01
-3.708228978167271706e-01 -1.045126408658975103e-02 -4.637561289653957530e-01
-5.454909213081649000e-01 1.435036730360328416e-01 -2.499648683568811425e-01
-4.276958807552921904e-01 4.130817692794386264e-02 -4.726794515151366838e-01
-5.707640818088743906e-01 2.838120382056841251e-01 -2.928970068478875532e-01
-3.445855086075744200e-01 -8.097244790202628995e-02 -3.313926575177994494e-01
-1.110041565611030734e-01 -2.580256907795686061e-01 1.258705908265700391e-01
-1.127794716659469287e-01 -3.495741751940206754e-01 -1.454105363095575809e-01
-1.469667446253763998e-01 -2.825206625336929012e-01 -1.544383795130449544e-01
-8.831810249413013514e-02 -3.968592124485326167e-01 -9.643945811094178922e-02
-1.506543488177869428e-01 -2.132306234430592085e-01 5.553301834319359642e-01
-2.493866286925938702e-01 -2.277341012015954291e-01 6.231957596690680390e-01
-3.344661026299355910e-01 -2.232638160966404772e-01 6.366304049597308889e-01
-4.035887965840045943e-01 -1.969657760193688212e-01 6.204425252877756591e-01
-4.501463911122827177e-01 -1.569401868575204251e-01 5.831024196298661977e-01
-4.790431059993971452e-01 -5.029000195492572267e-02 4.324078578868568723e-01
-6.362191802448702305e-01 2.353522248145289986e-01 2.532326930233630424e-01
-4.398109462115140644e-01 -8.041832096169321265e-02 2.856792335934572602e-01
-3.826435178545017912e-01 -1.123840523063662777e-01 2.466114225452329389e-01
-3.051815060863138918e-01 -1.371427611272979519e-01 2.344293236305861061e-01
-2.300993606411838588e-01 -1.521496251623799534e-01 2.484961351502843474e-01
-1.705092650365325202e-01 -1.570644831677980857e-01 2.758174658992900152e-01
-1.291728183239321259e-01 -1.646366364380391634e-01 3.021008900683728182e-01
-6.399445969733563722e-01 4.470006747364307920e-01 2.874034682156623166e-01
-1.466943408623161416e-01 -2.517279205102951334e-01 -1.723010022140653019e-01
-7.490366435879164397e-02 -3.405742327741767550e-01 8.784750472959235168e-02
-7.284917863865786325e-02 -3.934367619206469158e-01 -1.605783885597772409e-01
-4.321649730594373517e-02 -3.659370026563935063e-01 -2.006229553739713456e-01
-7.301658592528847969e-02 -3.645980382364633066e-01 -1.703111635493598230e-01
-1.319576166244140758e-01 -2.298595974304729062e-01 -1.950664218010667028e-01
-3.118304144297034952e-02 -3.801815251097184767e-01 -2.113081970618768679e-01
-2.302694462465913749e-02 -3.116191736155760061e-01 -2.228697684680058799e-01
-1.240350813248963791e-01 -1.459520071867703717e-01 3.802554390779626647e-01
-9.652624613058885528e-02 -1.772931426822588197e-01 3.520942036574654654e-01
-8.065990641220682766e-02 -2.151558658046459627e-01 3.330157412059884248e-01
-4.037576301087852926e-01 -1.159950254808772563e-01 4.670532878309481273e-01
-4.408395464093373128e-01 -1.168202041562704796e-01 5.129002190192992749e-01
6.955126818310952697e-02 -3.860112864192466464e-01 1.136819098592589672e-01
4.225053170003900682e-01 -1.132048213565611805e-01 3.767023003528449099e-01
7.898396022268550087e-02 -3.168314611739320164e-01 -2.140836931387918307e-01
6.216108636472439386e-01 1.088986707695349665e-01 7.203973052572631985e-01
2.578227377798159026e-01 -1.593129510564217366e-01 2.837321566239425774e-01
3.148233720637017008e-01 -1.550485127677558861e-01 2.725122666193657839e-01
3.690541002792624425e-01 -1.405980331920719806e-01 2.765527655933903706e-01
4.408997377932943884e-01 -1.007606799058768932e-01 3.428297098157748746e-01
2.106740467737816536e-01 -1.548915301106956743e-01 3.111614562407505336e-01
3.453015990281937952e-01 -2.115484616705298748e-01 5.786567391086236967e-01
2.779988125137866639e-01 -2.094607246203850082e-01 5.690105178675834985e-01
4.060139250821359624e-01 -1.927863332564005994e-01 5.612430285432625787e-01
4.434921013270720636e-01 -1.668326849071177786e-01 5.217870875354875260e-01
4.831712868694348906e-01 -6.592427297525627061e-02 2.892657691189060021e-01
2.256179965267313126e-01 -3.398124119985468372e-02 -8.195943337192890255e-01
4.429879158059590871e-01 -9.861450154177553440e-02 4.138381362470722191e-01
6.527612277325900436e-01 1.796916480682553274e-01 3.635725227553876504e-01
5.434547768728403838e-01 -1.756483728323321447e-02 3.622718482657096839e-01
3.032705398863067003e-01 -1.721063486028917566e-01 -6.768276798755579193e-02
4.722528423904942541e-02 -2.149173242533475303e-01 -4.833373598441015329e-01
4.327587105091346142e-02 -1.710966422087101257e-01 -5.475236049023124441e-01
1.210102842288196534e-01 -1.876368630178265606e-01 -4.955344955210627678e-01
1.790900919541016378e-01 -1.455091199119690204e-01 -4.965807749873207833e-01
1.034182742751121875e-01 -1.596328314636569212e-01 -5.367453150705703280e-01
1.581024509196837791e-01 -1.280317205943637404e-01 -5.169497165861447474e-01
3.145989465597331947e-01 -5.264446456084981296e-02 -5.309371594686429496e-01
6.830406081607953706e-02 -4.228258964446607315e-01 -1.835596890717805518e-01
7.573773118497523216e-02 -4.513174773243266991e-01 -1.015443985225650270e-01
5.123812505065750145e-01 -1.595197349180654811e-01 5.803274086201328785e-01
1.886981559549588683e-01 -2.038097899287372172e-01 1.499855464759891621e-01
2.012740349584429822e-01 -2.855345151508414947e-01 -1.382304439384740569e-01
2.046771494251681256e-01 -2.741285120373782025e-01 -8.861796928125831307e-02
4.682549579517059080e-01 -1.009340332964858700e-01 -4.947119086127771403e-02
7.281392919722878831e-02 -4.297437718837482379e-01 1.226215874263830719e-02
3.914287590168008535e-01 -2.678770966343491100e-01 6.654126629078316313e-01
4.646574203539710624e-01 -2.202064300255424101e-01 6.391180284892650221e-01
5.667805917656565384e-01 -2.110558776914350787e-02 8.513888597141638925e-01
1.461729018490487420e-01 -3.022153441365060811e-01 5.790735244122746650e-01
2.209579128398087011e-01 -1.866001527461491616e-01 5.261981586707729086e-01
3.641250625827185949e-01 -4.144542800327388754e-02 -4.497682451947215831e-01
5.973957375925564861e-01 4.302719347418770823e-01 -3.840203406422049159e-01
1.599885518517168981e-01 -2.598453087287933005e-01 -1.843455329272519760e-01
1.157114298001221675e-01 -2.634377316159275395e-01 -2.104308396640858225e-01
2.806242875161268913e-01 -4.283061369898255588e-02 -4.532392790946904171e-01
2.627353705841889431e-01 -6.126874837830281750e-02 -4.559673848975509536e-01
4.914899345654366591e-01 -2.002233315143131520e-01 6.912321544362010073e-01
2.033603940007133737e-01 -2.502421641255436757e-01 -1.698600722796672624e-01
2.897208089378522367e-01 -2.983505556915955204e-01 6.524977862128933381e-01
2.987979121679651406e-01 -3.189958145466675887e-01 7.144724992548967535e-01
3.445188354351769178e-01 -2.588543420348055069e-01 1.020327961432458963e+00
5.297300940446425521e-01 -1.226766549423174979e-01 7.603265716686857800e-01
3.144613969552345623e-01 -2.901361956315340329e-01 8.626095584079074285e-01
5.431320474286382982e-01 -1.155426350775279332e-01 6.150411835455260601e-01
5.863472562972193991e-01 -8.082237862786917360e-03 6.542811152978211808e-01
4.554350261845863113e-02 -1.980742507789534645e-01 -5.231599635025319106e-01
1.121053505171731857e-01 -1.755092320526568939e-01 -5.195901397820212875e-01
1.681982936399989415e-01 -1.414814209243364651e-01 -5.091828907928197534e-01
1.468993758991882226e-01 -2.464022066405491262e-01 -1.975691245496213888e-01
2.717609821031247153e-01 -5.280293712232320136e-02 -4.544955489152702199e-01
2.210465303618969202e-01 -9.487381881667256156e-02 -4.811207742593825998e-01
2.532132802761594137e-01 -6.358386556015754865e-02 -4.576726054362700857e-01
1.316454329734179085e-01 -3.399972763418968036e-01 -1.698932049609247485e-01
1.499969981922144591e-01 -1.165896464133703292e-01 -5.215905921186980709e-01
9.871859329451670995e-02 -1.342595343874297686e-01 -5.426063831485683497e-01
4.238330902388343091e-02 -1.428949068008072976e-01 -5.568219035797017380e-01
8.726921571283463575e-02 -1.216735100241550516e-01 -6.938236543623244046e-01
5.547105858504430831e-02 -1.785982337878344595e-01 -6.052270112414115388e-01
5.206586354363995639e-02 -1.878850692931877120e-01 -5.543688525062062666e-01
4.967238377809712890e-02 -1.779229587828679016e-01 -5.067565607573309983e-01
4.509644409923158070e-02 -1.738816187954750347e-01 -4.712921440750150737e-01
1.476632678636341511e-01 -1.259368610908984110e-01 -4.637852935015240874e-01
1.573083274133868503e-01 -1.338594401926518351e-01 -4.807816562648947745e-01
1.659332406080554767e-01 -1.408288873067697899e-01 -5.042654045494376902e-01
1.753808160327668952e-01 -1.282180285589362700e-01 -5.307779326107464613e-01
2.663994626048338255e-01 -1.483020450250543965e-01 -3.691827581054762941e-01
6.588700468807684452e-01 4.566677858180789862e-01 3.587988003164732653e-02
1.958614818793380508e-01 -9.181720525758219065e-02 -4.639652492463341993e-01
2.073328999088924762e-01 -9.701913850415855300e-02 -4.719198473046559705e-01
9.597675454121684657e-02 -2.602344951558799302e-01 -2.445410568900169279e-01
1.844117031971320708e-01 -2.046908146732301370e-01 -2.131603991539704479e-01
1.056306434223980295e-01 -2.633460095512629717e-01 -2.281810799613409602e-01
2.469909344426612918e-01 -1.780924699299268887e-01 1.020604720533968557e-01
3.389329427152043550e-01 -1.558949678847310061e-01 4.431408267708214499e-02
2.145304293706579157e-01 -2.372366505828737981e-01 -1.211190650816407199e-01
4.799250861593762352e-01 -1.515345651276867045e-01 9.531863467190504480e-01
4.441782941282457209e-01 -2.150704844367434809e-01 8.327480511133034113e-01
4.098946157379179667e-01 -2.668724186532267506e-01 7.274201510028355244e-01
2.323062978113155097e-01 -8.228871969686135657e-02 -6.035023462171484887e-01
1.647855439689549506e-01 -3.396008631319624715e-01 6.830392577130783849e-01
1.767223167003362239e-01 -3.299071840584943960e-01 8.661007689180477698e-01
1.959975463465263301e-01 -3.192766801116431186e-01 1.054674973064697596e+00
4.148058358025474845e-01 -1.189560061210770403e-01 2.985550733135939883e-01
5.418040336798490841e-01 -2.806614879361457593e-02 2.361454337072343979e-01
1.797500067017393510e-01 -1.482485951103706956e-01 3.377259633556513041e-01
4.919958839366289638e-01 -1.140603479635882156e-01 4.768693162317880763e-01
1.499321348907745044e-01 -2.308494462838939221e-01 2.032431876176186147e-01
1.670454217627792559e-01 -3.456946619943090937e-01 -1.161622880766810528e-01
6.089695706099584882e-01 4.158578405009050183e-02 1.819838814869723098e-01
5.047695208501790098e-01 -7.096112181956382159e-02 1.705049273246006525e-01
4.337566410548499007e-01 -1.189236229360268737e-01 1.345140840731551268e-01
3.271583615106488097e-01 -1.438162052219638110e-01 1.492548377096185597e-01
2.486052431074514679e-01 -1.599730719486103236e-01 1.832596479804566858e-01
1.902461548808292990e-01 -1.797087353658988196e-01 2.203049181935601286e-01
7.596332485410556279e-02 -3.048572608334498835e-01 3.085774243390615457e-01
6.000675295002189102e-01 4.938749426853739077e-02 4.161130841094096144e-03
5.317964444125755641e-01 -8.862893703857399608e-02 4.850223176453831719e-01
4.918515448228882869e-02 -3.893929402201146139e-01 -2.215250519366129822e-01
1.854670719912832055e-01 -2.173825887290103953e-01 5.951096920713383476e-02
6.695756798169361090e-01 3.654016460548570322e-01 3.997182037130697640e-01
1.470998601860507016e-01 -1.928619583285517969e-01 2.628719381725292958e-01
2.213455051146623331e-01 -1.799976209367037949e-01 -1.168990537668479490e-01
4.634459860713624479e-01 -8.750945302319124153e-02 4.096555412216253966e-01
1.688929582603243551e-01 -3.312733686254065724e-01 -5.522706505080465789e-02
6.373133184972035181e-01 4.570395723426123880e-01 -1.669806002723639438e-01
1.797678381236350598e-01 -1.371063541592543178e-01 3.747839717592913455e-01
1.218806900338631483e-01 -3.925937819941971441e-01 -1.322662284842818226e-02
4.728323604938311497e-01 1.539957974321293221e-01 -6.248931259633572211e-01
4.733285073439486013e-01 2.676999675021640712e-01 -6.991229246614327764e-01
6.552455554490088652e-01 2.544181380774590551e-01 1.526009994949173443e-02
5.433618991421007571e-01 2.111794311617454234e-01 -5.056897545087535306e-01
6.223968242185295985e-01 1.006934786600766074e-01 5.227806134383072845e-01
2.394032923639111132e-01 9.873785900392090253e-03 -9.043578514047334593e-01
4.655239331003008241e-02 -3.125092651966199231e-01 -2.321423622333845804e-01
2.354835765251239721e-01 -1.896255414744019152e-01 -1.316939356398871830e-03
5.877537613745387191e-01 4.144157493334410525e-02 3.507978217629015294e-01
3.668672569027853214e-01 -1.415306689215167779e-01 3.322988397378388026e-01
3.178752736634593568e-01 -1.535318497409510208e-01 3.248137327438553879e-01
2.357968573303859117e-01 -8.256608200688742016e-02 -4.920767121046631942e-01
5.879445879049960411e-01 9.016386405331866527e-02 -1.588076631290091800e-01
1.383925591491319551e-01 4.179168480132944286e-02 -1.008517882745056937e+00
3.126452928173062418e-01 1.406935842580880891e-01 -8.906826655486055344e-01
3.877953932143296534e-01 1.974037620421920103e-01 -8.129738801302566209e-01
2.692964171849010491e-01 -1.559282054346633473e-01 3.345358158351123823e-01
2.237470145578251968e-01 -1.484890574844666133e-01 3.539070233099061991e-01
1.944165854722984532e-01 -1.370583994852225818e-01 3.648227556809351402e-01
5.680373349471778965e-01 -3.252123866995193513e-02 5.006890671184569541e-01
2.325894568269937235e-01 -1.676238543481689547e-01 4.522818568426989483e-01
2.825526875764072798e-01 -1.818996025253694082e-01 4.871401828073977924e-01
3.341870284751968789e-01 -1.814171619685156500e-01 4.948646349561363067e-01
3.841185926036549958e-01 -1.674359216342480305e-01 4.783794203718216842e-01
4.138036382355991805e-01 -1.470057973685390262e-01 4.507849028226023069e-01
6.555990971492842156e-01 2.474447951161984349e-01 5.797722631108515046e-01
4.000734433759034481e-01 -1.261398367722910141e-01 3.521567574630342090e-01
2.048574215004667076e-01 -1.886476896990046948e-01 -3.380270077487934621e-01
1.594872414923853565e-01 -2.829449486681379078e-01 -1.745070004558363364e-01
9.485924402123729893e-02 -2.431362551891302903e-01 -3.281573985395669357e-01
3.960880838153646444e-01 1.118275078696262526e-01 -7.353270900057529147e-01
3.210458503675472919e-01 6.407343788668473650e-02 -8.201135667715142574e-01
1.366118973737351361e-01 -3.828442109213403555e-02 -9.679830472872685831e-01
5.407856307402969520e-01 3.574017040200638817e-01 -5.639810309678727762e-01
1.963934480088630474e-01 -1.490836678823026507e-01 4.048790512925821705e-01
1.127691641670458544e-01 -3.070406591902408167e-01 1.656629215826332935e-01
2.320162331113695409e-01 8.075529480907950308e-02 -9.595516406928261688e-01
6.347777288878542201e-01 2.694878883661866453e-01 -1.683441390641571278e-01
9.847204194871755911e-02 -1.525564747490404383e-01 -4.653148826275854688e-01
1.071207818425490288e-01 -1.595946756899602192e-01 -4.926242539342817750e-01
1.125514431024504658e-01 -1.671629039548472306e-01 -5.283003448557055393e-01
1.187465097614154308e-01 -1.561357853773315263e-01 -5.725285282527936559e-01
1.625066552057385927e-01 -1.076443444902885904e-01 -6.543841743227152286e-01
2.101680512967069037e-01 -9.223585515506893540e-02 -4.827446826134651481e-01
2.240881359696705877e-01 -9.173288921187155998e-02 -4.756007962779307263e-01
2.354401443332898580e-01 -9.239179171914413402e-02 -4.700052399922194368e-01
3.247301787952805441e-01 -9.407097394392105461e-02 -4.048307094668901485e-01
5.097228710074297453e-01 -1.755875590167238487e-02 -2.180073951306438218e-01
1.124949406000252949e-01 -2.643112807778846829e-01 2.614532045296222851e-01
1.411650696523397697e-01 -1.873470881344296846e-01 4.461395639182994532e-01
1.731335018924468061e-01 -1.630184693512004568e-01 4.406115008077187145e-01
1.974529206369324275e-01 -8.572151982533027237e-02 -4.871171325345313718e-01
5.171747674481697032e-01 9.304968680563741046e-02 -3.995884702468610605e-01
9.127272362798921623e-02 -2.604662805260515857e-01 4.375951364281995826e-01
1.954712430150951086e-01 -6.800832462457551131e-02 -7.407671551766803475e-01
7.326177486639384728e-02 -3.519190960031559623e-01 2.054605606818860064e-01
1.520627831061305280e-01 -2.901982335460429052e-01 2.865189561267494911e-02
1.067941518592860350e-01 -9.659445478059969226e-02 -7.887980823591833612e-01
3.549855724997730277e-01 -1.914297759776611985e-02 -5.781583249729616014e-01
2.664783359612843405e-01 -1.586949696450346003e-01 -1.813819676474015541e-01
2.704852169293059383e-01 -4.237998607898751935e-02 -6.763238061441123605e-01
3.890746381952281396e-01 -1.386004090411829814e-01 -1.639819509416207133e-01
3.144995259968985657e-01 -1.358359894781779875e-01 -2.586797051936606806e-01
4.343844667205254417e-01 -7.053432900842815378e-02 -2.813314280947010193e-01
1.267820501815281053e-01 -7.834365674402155033e-02 -8.867326446786938376e-01
1.858313759330582071e-01 -2.431153975363298247e-01 -1.353924729667249638e-02
3.838382152714769902e-01 3.727802231285270995e-02 -6.491702648948582954e-01
3.036162203530712311e-01 9.004241526300860166e-03 -7.367555323077668028e-01
4.049939404548763555e-01 -1.795362317107029870e-02 -4.691151402652282698e-01
5.711808321810196709e-01 1.277600968013659077e-01 -2.961208785543367750e-01
4.547184640272816658e-01 3.278699142674368350e-02 -4.908810506901972737e-01
6.032994540486980029e-01 2.681400097695929574e-01 -3.408961354136541555e-01
3.657803164052197964e-01 -8.779742173927740367e-02 -3.435746169443820719e-01
1.480795962246450603e-01 -2.591370816904903229e-01 1.139978954613518614e-01
1.484316772365734671e-01 -3.534639540627182441e-01 -1.567820258181840121e-01
1.830851440400166341e-01 -2.897273097058761238e-01 -1.681057908171512683e-01
1.253549372670687001e-01 -4.011760150364285238e-01 -1.062042795327311495e-01
1.877471789407048064e-01 -2.163480079770119247e-01 5.355556693442489191e-01
2.823368364229494887e-01 -2.361499260129051869e-01 5.969919206725071703e-01
3.646194504579414186e-01 -2.342817607374791944e-01 6.062439448801502095e-01
4.301076762032396417e-01 -2.093402316118408990e-01 5.865438786022512119e-01
4.726687722939648673e-01 -1.699897836280128693e-01 5.451450268463249316e-01
4.964362111503928254e-01 -6.205855706683194306e-02 3.836321559847803986e-01
6.620953569914500569e-01 2.202915909121849758e-01 1.911417910988444380e-01
4.540811547970591278e-01 -9.026921695356016073e-02 2.472705794996195028e-01
3.970192818432316528e-01 -1.208540741673791441e-01 2.166748595379710540e-01
3.224640398854616841e-01 -1.428046096413115862e-01 2.155241518835977477e-01
2.515810235522231153e-01 -1.552667892150727535e-01 2.360155401159544919e-01
1.975056381643519599e-01 -1.597137859869490750e-01 2.652077541889081846e-01
1.602466065116936456e-01 -1.658032854647273346e-01 2.941446702366816712e-01
6.663627166568097948e-01 4.307182990525770805e-01 2.225779540173566939e-01
1.823403918506594223e-01 -2.590981717410312246e-01 -1.853438688844794013e-01
1.135621939187275720e-01 -3.416664693756432669e-01 7.939352944920652355e-02
1.092894117923817743e-01 -3.973812136195153943e-01 -1.686778031602748085e-01
7.947194649373989783e-02 -3.697299452139846121e-01 -2.060080932255264896e-01
1.092325345173628115e-01 -3.682307120573724557e-01 -1.786918575283302779e-01
1.669247139269774971e-01 -2.376110121866970015e-01 -2.066716946566754531e-01
6.774837914069742340e-02 -3.832096017228125984e-01 -2.156481085488204386e-01
6.534365475034109583e-02 -3.144700295623059638e-01 -2.264611737158678251e-01
1.600894309335310073e-01 -1.456093517487033751e-01 3.707849797955466986e-01
1.311287902611196765e-01 -1.778730910763104411e-01 3.457010288821324995e-01
1.135537605105357839e-01 -2.164040928975030642e-01 3.286467980066933858e-01
4.301874904193292437e-01 -1.258770506706285985e-01 4.302319227373427868e-01
4.648828624422352007e-01 -1.293893998215633889e-01 4.745087585457525847e-01
-2.984065579316141914e-01 -1.417647648992326204e-01 4.456975374681781954e-01
-2.394100170423385521e-01 -1.472624651152387720e-01 4.443965520993569118e-01
-2.976756074346775804e-01 -1.493906604765782298e-01 5.385969633128153689e-01
-3.581998078535963970e-01 -1.362189997685647747e-01 4.488215235608217224e-01
-2.996685375430585552e-01 -1.341411843751161292e-01 3.551134675713945033e-01
3.231953762246031481e-01 -1.476221527306342818e-01 4.178769723705213490e-01
3.809501115377167402e-01 -1.528552754347412002e-01 4.143870330169698857e-01
3.223622326636954583e-01 -1.553779944505429000e-01 5.100254665495365103e-01
2.649817642892893232e-01 -1.424120427580310988e-01 4.224269447542294831e-01
3.242463552703078733e-01 -1.398813037363999534e-01 3.256178001607128447e-01
