-2.233597365634339138e-02 -2.874516448330181051e-01 -5.696707259145181723e-01
2.464739767192103415e-02 -5.209568938333606347e-01 -2.262135472227325694e-01
2.601855304671554792e-02 -3.302065473608466473e-01 -2.990850317650282086e-01
-3.671040456353211190e-02 -4.724016372598794922e-01 1.442917317549948786e-01
2.442506606909995714e-02 -5.582946667604347102e-01 -1.223413011559776886e-01
2.328260226189391574e-02 -5.481453973683236836e-01 2.519048633822543182e-02
2.573747667760983848e-02 -4.029400601849620900e-01 4.008459333689310400e-01
-4.832436252559642043e-01 -1.274493893990387705e-01 5.026886833774263375e-01
2.624892824113864154e-02 -3.856543098536016068e-01 6.863441236080438657e-01
2.516853514797256358e-02 -4.161753089044704090e-01 8.240719615969527290e-01
2.363521454806861988e-02 -4.033817664388360535e-01 1.308483136310059525e+00
-2.132058649892208668e-02 -2.721624040589170068e-01 -6.019535265695630244e-01
-1.912310214077997395e-02 -2.445523282601876902e-01 -6.296295488843862698e-01
-1.521812914660373300e-02 -2.079902772428759983e-01 -6.448760290024441177e-01
-1.584550560545048420e-02 -2.179198532959593093e-01 -6.517515732436609532e-01
-1.670121436759573752e-02 -2.216731975527836962e-01 -6.965375000037730135e-01
-1.879693505220415839e-02 -2.318679740731842687e-01 -7.495925569226782326e-01
-1.853574807147007064e-02 -2.191615665611009733e-01 -8.018958225329821943e-01
1.467712766244877454e-02 -1.487146892139940002e-01 -8.844591189270698539e-01
2.347341200067332156e-02 -4.783081039632449682e-01 -2.723176082019189148e-01
-4.541734213015044541e-02 -3.804013421610707990e-01 -2.521796638592960771e-01
-7.497456849771573228e-01 1.550071521061642255e-01 9.607454735810394553e-01
-2.870932272137338703e-01 -1.918551518071033302e-01 3.744056153919769203e-01
-3.606146063983726169e-01 -1.840116645425159403e-01 3.664240972292521770e-01
-4.290746276846386653e-01 -1.637126202964531707e-01 3.810192724577167178e-01
-5.127420413056078541e-01 -1.124811647586345664e-01 4.708349006981463747e-01
-2.223064645188653765e-01 -1.869350873419388659e-01 4.036507771102494369e-01
-3.908378547276034620e-01 -2.496621941282565205e-01 7.307601167400963327e-01
-3.068723534104358386e-01 -2.489118528744411751e-01 7.145982828710684132e-01
-4.651127764243820906e-01 -2.229449639160582253e-01 7.131929516790442847e-01
-5.121825961403030369e-01 -1.886815590939818765e-01 6.704953814734104789e-01
-5.744534730691901458e-01 -6.685752994203691957e-02 4.110638833314489426e-01
-2.491956268687856579e-01 -2.928895437729493734e-02 -1.002518281252184895e+00
-5.067559578183726821e-01 -1.089220145752928803e-01 5.491791812398606476e-01
-7.734944388911968449e-01 2.399352549527919987e-01 5.215678078239306403e-01
-6.529438117277186482e-01 -4.387110008616541129e-03 5.092867050945756313e-01
-3.359170669118525243e-01 -2.010870416557702933e-01 -5.026686585845163702e-02
-1.028522167358911776e-01 -2.829961271119544319e-01 -5.422395237882495778e-01
-8.983708596308340177e-02 -2.362375562816273478e-01 -6.183055077746780759e-01
-1.754651166253162753e-01 -2.393573224309418768e-01 -5.575398567484206591e-01
-2.271623836208448988e-01 -1.832092711793907869e-01 -5.674643441184772374e-01
-1.496391257426699650e-01 -2.098063196103119310e-01 -6.081992606624233577e-01
-1.984659823687951463e-01 -1.613829191682879527e-01 -5.957077787059407159e-01
-3.244287721966478966e-01 -5.930691444929264700e-02 -6.732624400945590448e-01
-3.641904392075429042e-02 -5.132442212007692905e-01 -2.187266841296114928e-01
-4.717854455785902568e-02 -5.478536110964061789e-01 -1.175522026487711424e-01
-6.077204778133904473e-01 -1.784751725138699063e-01 7.568547714667146487e-01
-1.886574148667236606e-01 -2.470070704738858147e-01 2.026341913652341953e-01
-2.023118262420099955e-01 -3.413558484882235344e-01 -1.508940645829487948e-01
-2.079626705877540838e-01 -3.275780922535389550e-01 -8.961221772454586176e-02
-5.468562000948486990e-01 -1.108103349735405918e-01 -8.495941819523095129e-03
-4.258834890088511460e-02 -5.246898113218996240e-01 2.053413093226916231e-02
-4.439854824061215677e-01 -3.116351855456814812e-01 8.510624107827862161e-01
-5.408132353018049177e-01 -2.521584005799060169e-01 8.231561250873067337e-01
-6.781610333814072078e-01 -4.414837403905712276e-03 1.115943484898144877e+00
-1.286616553803567320e-01 -3.655383775837023341e-01 7.283156530137637752e-01
-2.325012928715529670e-01 -2.245925673320571248e-01 6.595619053409915722e-01
-3.866907878784933139e-01 -4.841123104035502389e-02 -5.672419454975727859e-01
-6.845503406277098080e-01 5.478273254906322887e-01 -4.128824945918520006e-01
-1.483728566399220017e-01 -3.081437056546026954e-01 -2.107035127456933221e-01
-9.244859372249447649e-02 -3.097571399316327856e-01 -2.447530085814960121e-01
-2.870202112298779751e-01 -5.995479450368507157e-02 -5.801882888412530637e-01
-2.706011385682947634e-01 -7.950489437155730532e-02 -5.856225922474969092e-01
-5.764589434684161962e-01 -2.270580417037910692e-01 8.963613617884855778e-01
-2.066440891326054574e-01 -2.964962801207364773e-01 -1.892512467193750991e-01
-3.106270587531008154e-01 -3.511427232677335475e-01 8.297536222662524885e-01
-3.216238865597249585e-01 -3.756435707033028981e-01 9.114864617554068182e-01
-3.895243278908619988e-01 -3.021155194223666962e-01 1.295681607547341851e+00
-6.261932210340330762e-01 -1.321125444592951559e-01 9.924170385712027809e-01
-3.470609504166690673e-01 -3.426228943628116808e-01 1.094227836477403848e+00
-6.467212394939403364e-01 -1.245487629286321507e-01 8.152200442626802435e-01
-6.973373794843269469e-01 8.180817058794656593e-03 8.690186362170155832e-01
-9.853771818208295619e-02 -2.667081847694812158e-01 -5.870774741219275672e-01
-1.631074884983368389e-01 -2.271490184922583810e-01 -5.857857448503085429e-01
-2.137802481612467997e-01 -1.776768754438309283e-01 -5.830309053089478555e-01
-1.321734088389784900e-01 -2.904094840849161807e-01 -2.280362374717385121e-01
-2.785873231987794907e-01 -6.991337901808042377e-02 -5.829586244049151933e-01
-2.442431652062571623e-01 -1.153782647654852389e-01 -6.195748384880677140e-01
-2.609736099386118502e-01 -8.262795722720386871e-02 -5.879796042902705189e-01
-1.155955763145721515e-01 -4.120597171803790371e-01 -1.948184403702757916e-01
-1.865263592643944257e-01 -1.477194601024098275e-01 -6.053421777732347353e-01
-1.373011847708725530e-01 -1.784566343710258796e-01 -6.200566210672815437e-01
-8.039668389023940653e-02 -2.021278106845380007e-01 -6.347736375234480644e-01
-8.107217706748454100e-02 -1.423265068057909533e-01 -8.761078628459955109e-01
-1.011695748122355409e-01 -2.142676186197092214e-01 -7.876629729021358273e-01
-9.796326218760686988e-02 -2.267239824421842798e-01 -7.350522008260806928e-01
-8.965692444768796898e-02 -2.151462489053260763e-01 -6.828392608664342056e-01
-8.045951835788395234e-02 -2.112659469222940567e-01 -6.412534681272721304e-01
-1.804610087664860751e-01 -1.532647254997059338e-01 -6.144899285704608083e-01
-1.946819209894947722e-01 -1.607108664271107434e-01 -6.333238675227823578e-01
-2.089718389135107324e-01 -1.684205848798985272e-01 -6.582835734863801136e-01
-2.188478533961377148e-01 -1.529993682431667334e-01 -6.855740011096354003e-01
-2.929852145308167732e-01 -1.761159844538202068e-01 -4.309066383768727082e-01
-7.656809423624919564e-01 5.816800947033673452e-01 1.188831350165895917e-01
2.723387865706557859e-02 -3.823533094743765126e-01 -2.827978838916358484e-01
-2.165987624950145851e-01 -1.142613095765043774e-01 -6.017363865439941950e-01
-2.304522854211407124e-01 -1.184222608862283699e-01 -6.101125383594709906e-01
-6.957574820637243973e-02 -3.101507019138977084e-01 -2.864790268402989670e-01
-1.818173263839895082e-01 -2.380537454932256103e-01 -2.436766197618361884e-01
-8.062932226716190698e-02 -3.112879276619495705e-01 -2.660965211299733402e-01
-2.632704399887574320e-01 -2.141796490438284684e-01 1.509108732952995080e-01
-3.805953107771522514e-01 -1.825946865157078713e-01 9.174346467349847600e-02
-2.197339501779957405e-01 -2.816411810099435087e-01 -1.282917503784706814e-01
-5.644771390215161944e-01 -1.648145945041268323e-01 1.231236031594956870e+00
-5.147513532148233484e-01 -2.458515173110962238e-01 1.072755612118925228e+00
-4.665830638266577068e-01 -3.097153403822727746e-01 9.339092881688793035e-01
-2.541136810680354463e-01 -9.329277456546081204e-02 -7.551197644155023259e-01
-1.488918894211699873e-01 -4.089274578729831244e-01 8.661497053841351601e-01
-1.731613195773313851e-01 -3.962822853063270312e-01 1.080722769047207876e+00
-2.004468742345030807e-01 -3.805673418886326154e-01 1.316512161767645850e+00
-4.840880161096088319e-01 -1.352570225703913498e-01 4.149980906687152915e-01
-6.546603601387912530e-01 -1.618773636980075370e-02 3.511541467053337362e-01
-1.792093726862383773e-01 -1.816720501691203582e-01 4.324665505224482009e-01
-5.777440970471654502e-01 -1.242729580727594541e-01 6.277765979770966176e-01
-1.387005824526393871e-01 -2.814544297085268543e-01 2.632916224316058651e-01
-1.603766226939095652e-01 -4.164002057261331213e-01 -1.258165197981825911e-01
-7.185940717338108463e-01 6.976177165714714246e-02 2.928148193684502187e-01
-6.097805380914138595e-01 -7.149733266525221120e-02 2.643239572546344229e-01
-5.207318429243545932e-01 -1.329627729996858965e-01 2.105652951956590302e-01
-3.826943253143668677e-01 -1.685626951454064493e-01 2.138914654012923355e-01
-2.801082676806314620e-01 -1.912645027974982925e-01 2.466312793751935795e-01
-2.033404242391396721e-01 -2.166603209682399500e-01 2.869500710181683845e-01
-4.240252829293469916e-02 -3.722823842523635962e-01 3.837795839937842013e-01
-7.050440550773604542e-01 7.719972609189951207e-02 7.204692935151291167e-02
-6.353380366562726422e-01 -9.214619020254671833e-02 6.490469407735375285e-01
-1.446684761287744814e-02 -4.740373442164204087e-01 -2.661307984352503930e-01
-1.832986432212734829e-01 -2.632173327980261712e-01 9.085058159054448801e-02
-7.930575643946327080e-01 4.675081937849927538e-01 5.700880992479144815e-01
-1.435355439925552479e-01 -2.346227162170393399e-01 3.342464373661576671e-01
-2.241318388642442039e-01 -2.115246264818259059e-01 -1.224003904401857468e-01
-5.354262925830988173e-01 -9.500624573090016289e-02 5.493126496638697231e-01
-1.642221595293512637e-01 -3.986953264364506699e-01 -5.154070591384701805e-02
-7.340401768471562782e-01 5.831492363921373379e-01 -1.377173829556558871e-01
-1.751497896099813434e-01 -1.698153643765256682e-01 4.750676428157386555e-01
-1.062775052220630567e-01 -4.765932301202036037e-01 -4.990972734567111768e-03
-5.483225111973106802e-01 2.088032873263213629e-01 -7.277652387666797562e-01
-5.413895291951336119e-01 3.491970995504483088e-01 -8.225561826290126444e-01
-7.608494685092770382e-01 3.314607484268738968e-01 9.039974491613822494e-02
-6.308002024350578552e-01 2.792982995733679363e-01 -5.704963134105902611e-01
-7.383262910716943406e-01 1.419799514802947416e-01 7.132794437557832268e-01
-2.635966041914438729e-01 2.434475475003886058e-02 -1.097135813228847567e+00
-2.523948075983035652e-03 -3.770458105252463277e-01 -2.768133388808469153e-01
-2.480960543122530670e-01 -2.258127859130023563e-01 2.268182726612506805e-02
-7.144221918852746711e-01 6.833671347270914298e-02 5.053852463987181798e-01
-4.174435463602836904e-01 -1.646749859437209862e-01 4.416527494675067667e-01
-3.570131570858128267e-01 -1.818896683402767556e-01 4.261483303032967962e-01
-2.556804567695722952e-01 -1.015164977526745171e-01 -6.309793526537799124e-01
-6.877909575809102449e-01 1.275409534139703704e-01 -1.325039323844399708e-01
-1.297095620198017718e-01 5.750364365971646907e-02 -1.230351405978791224e+00
-3.440283977230425005e-01 1.871774801211661954e-01 -1.077528385799972011e+00
-4.359171657147835610e-01 2.594874945878677952e-01 -9.748571594348938163e-01
2.425252456368044013e-02 -4.145618073139918369e-01 1.061883464899677776e+00
2.134992047382201774e-02 3.557439552773605795e-02 -1.252486186537967505e+00
-2.951010906689222058e-01 -1.867115721159741115e-01 4.340548306130868061e-01
-2.343839191947569289e-01 -1.808075082367591735e-01 4.542678704027581782e-01
-1.941028395204006385e-01 -1.691697885135627910e-01 4.657306587159518729e-01
-6.849310544861373362e-01 -2.362374517398052598e-02 6.831970258171993216e-01
-2.480920611637114082e-01 -2.036721419964737656e-01 5.780549919414310622e-01
-3.150652832942384407e-01 -2.174176375954571805e-01 6.233982695685615916e-01
-3.790870800393668638e-01 -2.139707585137884394e-01 6.344615782337346133e-01
-4.393868579741966318e-01 -1.941216427008752854e-01 6.184004390331008238e-01
-4.751388479171825274e-01 -1.681150918367241287e-01 5.894454230767318670e-01
-7.841526746594531527e-01 3.244073317167821546e-01 7.903804363014628187e-01
-4.569728863363986537e-01 -1.444494358492983688e-01 4.703555615822355707e-01
2.221645124294943652e-02 -3.025336549823798293e-01 -3.818452068794773169e-01
-2.153844354328673383e-01 -2.254339951473688375e-01 -3.913408963281361785e-01
-1.477987944931649089e-01 -3.366526239944586107e-01 -1.980849516145177236e-01
-7.949107966058718833e-02 -2.946066823640981491e-01 -3.808688391725546518e-01
2.610265811489035498e-02 -3.677930743678575753e-01 5.473137104556090593e-01
-4.547709117026157433e-01 1.560649204698171255e-01 -8.731658188228059725e-01
-3.635364974985977327e-01 9.562403476996023111e-02 -9.863330117401798436e-01
-1.382152792281180487e-01 -3.974624464845250005e-02 -1.179160774387243649e+00
-6.184141633054089926e-01 4.585202735181115319e-01 -6.448288577572105496e-01
-1.984709059580468393e-01 -1.843429105354653652e-01 5.144045776119942071e-01
-9.079505740237012179e-02 -3.737666224014429828e-01 2.130335664562449383e-01
1.569938572345536826e-02 -5.934694866762346699e-02 -1.199458085032445886e+00
-2.457380579765834350e-01 1.097238543638273667e-01 -1.167879018262738544e+00
-7.352821302872523113e-01 3.502617722643337483e-01 -1.399013399576887196e-01
-1.344840184020424378e-01 -1.861976204070090457e-01 -6.274404728526452590e-01
-1.492381366587196556e-01 -1.929702614922292891e-01 -6.588514315320115333e-01
-1.613023202955422564e-01 -2.016180328886297835e-01 -6.989493169896230373e-01
-1.683757788250305754e-01 -1.878380929300031976e-01 -7.450406366736292973e-01
-1.779684083473695999e-01 -1.264264299000462111e-01 -8.258237811050983534e-01
-2.382096527763671312e-01 -1.166033777276305194e-01 -5.844743694934040334e-01
-2.529092358736529933e-01 -1.175589537501582349e-01 -5.766741419543015557e-01
-2.651826273787261656e-01 -1.187749318636315832e-01 -5.682731904316584703e-01
-3.568391064030933535e-01 -1.116483064145005477e-01 -4.886636166124299629e-01
-5.998037996742673350e-01 -6.388354895655090626e-03 -2.150338121597269447e-01
-8.928863790284730095e-02 -3.223973442683890633e-01 3.309518571586779201e-01
-1.252190390268780318e-01 -2.269541187493397949e-01 5.596545939847473727e-01
-1.695691033677286796e-01 -2.007814057294171617e-01 5.543286864328075270e-01
-2.231387827091195764e-01 -1.103125424358896434e-01 -5.916437852185747470e-01
-6.045028425252145787e-01 1.294321059885827352e-01 -4.461145213766747331e-01
-6.664469720715346379e-02 -3.181730311782425824e-01 5.453121545035165552e-01
-2.162546661776639789e-01 -7.332580934802079842e-02 -9.125031528585183516e-01
2.409209308152808482e-02 -4.981484818302706064e-01 1.532876367289027764e-01
-4.100090788172039424e-02 -4.285936638944690680e-01 2.571443098741877931e-01
2.512593524525519317e-02 -4.482443016912609490e-01 2.724487508823084658e-01
-1.418198211691558130e-01 -3.502077199547765085e-01 5.007320216760610676e-02
1.369297767756677553e-02 -1.111440674958503738e-01 -1.105671366274227463e+00
1.422877696367065223e-02 -1.282068330174511162e-01 -9.895047537836321183e-01
-1.043667761317840503e-01 -1.106178843758592878e-01 -9.769344102958537057e-01
-3.837077553849057576e-01 -1.314252946265804384e-02 -7.069295282256975455e-01
-2.877315244261904326e-01 -1.834561619795687104e-01 -1.952140468310313848e-01
-3.058789725624810885e-01 -3.867444939939732040e-02 -8.238964048107642046e-01
-4.499882798315564258e-01 -1.555628905513037896e-01 -1.588705654420392577e-01
-3.562838950783326908e-01 -1.573009042418788139e-01 -2.883179465566139132e-01
-5.100317549156869745e-01 -7.737200433594365601e-02 -3.109215408215021403e-01
-1.287138210103483948e-01 -8.930513485433455578e-02 -1.087610695476417533e+00
-1.842927855695943307e-01 -2.914154314136990775e-01 9.904019306995470728e-04
-4.364290857419013125e-01 6.259051062759471429e-02 -7.715199863728694485e-01
-3.438131182826726917e-01 2.734871680162279106e-02 -8.914226988897924198e-01
-4.450987731188753571e-01 -1.841144146817784433e-02 -5.745648894951493890e-01
-6.669648514248045501e-01 1.754601263314531367e-01 -3.056288835848176566e-01
-5.229340018461958728e-01 5.049184312653640094e-02 -5.782813890528606393e-01
-6.978660251748041166e-01 3.470134017161290441e-01 -3.581214664152234661e-01
-4.169766285839541231e-01 -1.032887333029873789e-01 -4.069302020411240672e-01
-1.357233785133642456e-01 -3.154847492271208864e-01 1.539003912696751408e-01
-1.378940338421363876e-01 -4.270501642133635034e-01 -1.776154254840566771e-01
-1.796943801711337052e-01 -3.446515056559534829e-01 -1.884872780251701241e-01
-1.079854270843874364e-01 -4.852347405389139112e-01 -1.179153087913853981e-01
-1.842031671852353281e-01 -2.607143868551671240e-01 6.716981432260471507e-01
-3.049218772594797233e-01 -2.784476057053857367e-01 7.534119907555294482e-01
-4.089474741618754905e-01 -2.729818446369839391e-01 7.704696154071646319e-01
-4.934629179617424644e-01 -2.408275635889365329e-01 7.510698618093272216e-01
-5.503883000428622108e-01 -1.918887818682389890e-01 7.055484643685581148e-01
-5.857199479191084190e-01 -6.148895233687684536e-02 5.280781762917180489e-01
-7.778971463136601372e-01 2.877621891111938890e-01 3.096244230557992916e-01
-5.377512822605696741e-01 -9.832646410213524701e-02 3.550868975086517443e-01
-4.678533905247459490e-01 -1.374105595914912326e-01 3.093511174085309401e-01
-3.731415682892131880e-01 -1.676827197781753931e-01 2.966723933732141605e-01
-2.813395727246164046e-01 -1.860314226631062384e-01 3.144947083004329125e-01
-2.084795221686145394e-01 -1.920407573950143609e-01 3.472130777561958093e-01
-1.579379714971896331e-01 -2.012991334441348590e-01 3.783124753993526435e-01
-7.824521662374592790e-01 5.465420724095715332e-01 3.514045861986806463e-01
-1.793106812659521210e-01 -3.064656465962890541e-01 -2.101561644945725837e-01
-9.158376320989583541e-02 -4.164158076482832316e-01 1.074100418298295501e-01
-8.907176950008796612e-02 -4.807912121407265094e-01 -1.961849844790852226e-01
-5.284026475754252661e-02 -4.458281602833116253e-01 -2.435321656096572918e-01
-8.927645627248603777e-02 -4.448095980465083255e-01 -2.074675829180812614e-01
-1.605879903551957755e-01 -2.788450101166524142e-01 -2.377269529461769615e-01
-3.812710899726687308e-02 -4.635470470613006766e-01 -2.567917615863102299e-01
-2.775563584676762202e-02 -3.777641389320063325e-01 -2.686344229765669223e-01
-1.516561254382233215e-01 -1.784536735369114391e-01 4.693723262741303914e-01
-1.180214214394416927e-01 -2.167740835798571686e-01 4.362909806276685787e-01
-9.862184757748584940e-02 -2.630683563448390494e-01 4.116187154099854029e-01
-4.936693485774910073e-01 -1.418256508290520745e-01 5.668278060134245289e-01
-5.390089387151839606e-01 -1.428345863605778865e-01 6.196184170427954108e-01
8.503945609013757734e-02 -4.719711185614133830e-01 1.389974393966637578e-01
5.165919082641516891e-01 -1.384141035300494038e-01 4.637175785602708489e-01
9.678826553113412112e-02 -3.844888741665464238e-01 -2.585104592156751147e-01
7.600357423406358670e-01 1.331490276611400070e-01 8.808206984333568634e-01
3.152366011607852236e-01 -1.947899306492143490e-01 3.605837712347838009e-01
3.849305558926079396e-01 -1.895758558800332283e-01 3.482042676536433179e-01
4.512377815018071558e-01 -1.719074372377944471e-01 3.525620394292948712e-01
5.390825339591922560e-01 -1.231988091419030651e-01 4.261138791830606509e-01
2.575884928910812666e-01 -1.893839151703852197e-01 3.911475823013909059e-01
4.221958985866984815e-01 -2.586576289278363916e-01 6.942411100749703579e-01
3.399056325994889161e-01 -2.561049792373069067e-01 6.819071356786308158e-01
4.964280919092085576e-01 -2.357174117742066866e-01 6.736437864140376597e-01
5.422521840699561224e-01 -2.039842141369320183e-01 6.266434448279025737e-01
5.907674224655894424e-01 -8.060477780873481768e-02 3.585962277599153980e-01
2.759708090182139140e-01 -4.128734734089206659e-02 -1.015758521821906069e+00
5.416357228090185050e-01 -1.205747039958243172e-01 5.047189206431613728e-01
7.981228985928190411e-01 2.197067057847811311e-01 4.445355259811890614e-01
6.644752833719964613e-01 -2.147630298148620054e-02 4.441548554074784549e-01
3.708050540817739993e-01 -2.104322560491258542e-01 -8.275486163561812658e-02
6.219685559041182588e-02 -2.823329877917304387e-01 -5.491135046776333128e-01
5.675023326154635117e-02 -2.351576336772257525e-01 -6.236444112092797143e-01
1.463502199725621455e-01 -2.378096637085339027e-01 -5.712574465013097180e-01
2.073779602303557068e-01 -1.819015496704259882e-01 -5.880564058925970006e-01
1.248561893383058896e-01 -2.081299757314481469e-01 -6.200840119949710960e-01
1.828705581243864620e-01 -1.610690056559692662e-01 -6.150253803277233589e-01
3.507728567457234492e-01 -6.712409852251469133e-02 -6.893668666470722517e-01
8.351451141415250357e-02 -5.168353248152179891e-01 -2.243243552362929050e-01
9.260356617099704812e-02 -5.518201723452433871e-01 -1.241570548776548821e-01
6.264820756272744262e-01 -1.950427626619406496e-01 7.078204642818222148e-01
2.307188490851789786e-01 -2.491956528492753620e-01 1.833854310193244741e-01
2.460952173132335830e-01 -3.490223393359587201e-01 -1.689922093011988480e-01
2.502561623372822619e-01 -3.351734651492467298e-01 -1.083520646255793363e-01
5.725294157237754700e-01 -1.234107661404434397e-01 -6.048779368587653416e-02
8.902867045380288835e-02 -5.254422755154459779e-01 1.499279149630423913e-02
4.785949937992644010e-01 -3.275299385888467141e-01 8.135916483966285639e-01
5.681307519960379082e-01 -2.692436173503263142e-01 7.813989242609729047e-01
6.929954622725738034e-01 -2.580552948512659928e-02 1.040982415601321875e+00
1.787237586471341899e-01 -3.695148795820736298e-01 7.080258755681141380e-01
2.701624458843804311e-01 -2.281536470922717053e-01 6.310168030603207079e-01
4.079459566425260864e-01 -5.767603907368679117e-02 -5.869082185357799020e-01
7.304282139283095887e-01 5.260880535631451416e-01 -4.695368143365236113e-01
1.957756661047065916e-01 -3.159160585525181419e-01 -2.244242288134576380e-01
1.424182431886255595e-01 -3.190302672695279895e-01 -2.549630903936256909e-01
3.013224013876600882e-01 -5.786330652448770651e-02 -5.994392330065840824e-01
2.816753524776889894e-01 -7.951979023616689846e-02 -6.036175278101376662e-01
6.009385278092194138e-01 -2.448105354988689975e-01 8.451608373352055281e-01
2.486461821309606801e-01 -3.053405832356937966e-01 -2.074422387043862726e-01
3.542379693955439723e-01 -3.647894516230409945e-01 7.978008151278013216e-01
3.653364287296081425e-01 -3.900321485535016564e-01 8.735764899072360201e-01
4.212388234400301634e-01 -3.164979306381087154e-01 1.247542095786640992e+00
6.476942872347752900e-01 -1.499951946783575352e-01 9.296417075451675061e-01
3.844879735048767344e-01 -3.547458574530957254e-01 1.054701798851981565e+00
6.640806861616772583e-01 -1.412725159099063599e-01 7.520030775577963844e-01
7.169193755631495524e-01 -9.882049668387106467e-03 7.999812458989405961e-01
5.998087855132935853e-02 -2.656442011285543581e-01 -5.931612314568722732e-01
1.354875352465266802e-01 -2.255225711944873201e-01 -5.986654674478025795e-01
1.949555757389143662e-01 -1.772977886121861468e-01 -6.029045901257611417e-01
1.802341990558549711e-01 -2.990470841052922379e-01 -2.404118112623623293e-01
2.913507850266259802e-01 -6.965803189469810253e-02 -6.016575184789374475e-01
2.445525455796491165e-01 -1.157373130109210502e-01 -6.400938521512262724e-01
2.716014711131665149e-01 -8.184660501399507182e-02 -6.050065310699550558e-01
1.609612061614260070e-01 -4.145920642498590603e-01 -2.068808910996109418e-01
1.733078030063837094e-01 -1.469289101912326090e-01 -6.231529743963554191e-01
1.180612958701607873e-01 -1.764946051105648062e-01 -6.309995053534370735e-01
5.462073371496464769e-02 -1.997061109379618116e-01 -6.391023265730407799e-01
1.060720994347309487e-01 -1.459004317291376918e-01 -8.826119479052483285e-01
6.661408207941516002e-02 -2.142543999739837668e-01 -7.945233705612397834e-01
6.235351214235029804e-02 -2.252461814878226054e-01 -7.412085831357857479e-01
5.888066971394861904e-02 -2.129088222787752782e-01 -6.884743809403588433e-01
5.264804523500413169e-02 -2.081998990363339574e-01 -6.460839367909110287e-01
1.692185936435198212e-01 -1.511034878723845898e-01 -6.292512210190479571e-01
1.818998688048838464e-01 -1.606394742546877197e-01 -6.494000022132240257e-01
1.939129700857990524e-01 -1.690450622575286888e-01 -6.756191963069024808e-01
2.063659328459339082e-01 -1.537305349100237528e-01 -7.039960732029646451e-01
3.168597695292489913e-01 -1.840442620598819468e-01 -4.514271891235676071e-01
8.055920745156279761e-01 5.583619268827060278e-01 4.386987559217014887e-02
2.163524683855965192e-01 -1.114723085974011485e-01 -6.198941351626723328e-01
2.295352161609539032e-01 -1.179540677361018974e-01 -6.298581994027376840e-01
1.193469960035234700e-01 -3.151324965706701065e-01 -2.945214929491186129e-01
2.265614910445031271e-01 -2.490104632546366603e-01 -2.600703437616888603e-01
1.306176263714377006e-01 -3.188306022689054720e-01 -2.756436880508333354e-01
3.019926921950726317e-01 -2.177514108976101870e-01 1.247880485640272541e-01
4.144090230482713189e-01 -1.906108058476279066e-01 5.418226995806926793e-02
2.623036431260193369e-01 -2.900662526684590903e-01 -1.480907492523626523e-01
5.867983339075486526e-01 -1.852793965364885054e-01 1.165448892522398694e+00
5.430911833306331093e-01 -2.629639616260031065e-01 1.018190534649214385e+00
5.011729633003807471e-01 -3.263015315260818783e-01 8.894074199686468063e-01
2.757113472754053607e-01 -9.888008207849996456e-02 -7.714733338242310001e-01
2.014812007991608755e-01 -4.152256808955886447e-01 8.351434629661786957e-01
2.160761418701960812e-01 -4.033733420748241150e-01 1.058970457794286890e+00
2.396437214117948522e-01 -3.903755593280843206e-01 1.289537752570891094e+00
5.071778499680905661e-01 -1.454460044144546549e-01 3.768533909349399691e-01
6.624569405445601689e-01 -3.431612087615229512e-02 2.887320355937043059e-01
2.197780601479622509e-01 -1.812616825493708062e-01 4.207034689313392528e-01
6.015571457073440875e-01 -1.394601479875336447e-01 5.764266133715949536e-01
1.833201253495039262e-01 -2.822566987421117890e-01 2.486406515905424941e-01
2.042443248001646339e-01 -4.226764917048515535e-01 -1.420301606898058955e-01
7.445793932006519178e-01 5.084640794037817435e-02 2.225093905991849530e-01
6.171753100312693530e-01 -8.676326630298847320e-02 2.084742300779584001e-01
5.303487599058231972e-01 -1.454064099035985436e-01 1.644686580103972284e-01
4.000123915060771473e-01 -1.758422554830346707e-01 1.829630413423252167e-01
3.039664869856137930e-01 -1.955970521164701603e-01 2.272820468382142911e-01
2.326115677964692430e-01 -2.197275982075307388e-01 2.740892109617739658e-01
9.287939669747594107e-02 -3.727451177188113585e-01 3.772937030185620211e-01
7.336949801074030830e-01 6.038546615462012102e-02 5.087765676566421980e-03
6.502207876994117175e-01 -1.083654834449078730e-01 5.888913750276185688e-01
6.013806785668152077e-02 -4.748914579899727872e-01 -2.692113105823714658e-01
2.267682435817803821e-01 -2.657909423062173593e-01 7.276331239151029306e-02
8.186817165275539487e-01 4.467719603342230617e-01 4.887303814295403948e-01
1.798571388838443585e-01 -2.358098775936017244e-01 3.270664761126361730e-01
2.706363500575080239e-01 -2.200808149418232995e-01 -1.429309947823305116e-01
5.666495466180028195e-01 -1.069967016021262651e-01 5.001312746503950857e-01
2.065032843125099160e-01 -4.050437586685673441e-01 -6.752543116465975492e-02
7.792349353187559835e-01 5.588165055647902335e-01 -2.041650683835403157e-01
2.197998624020251479e-01 -1.676382054387363096e-01 4.617022979087218593e-01
1.490219784502423428e-01 -4.800194526613150714e-01 -1.617202232793478467e-02
5.780895337980138660e-01 1.882887141513771567e-01 -7.640814789943313201e-01
5.787327804076065618e-01 3.273133650388277971e-01 -8.548087591563513499e-01
8.011604546758757106e-01 3.110738517327813479e-01 1.865833557573640111e-02
6.643617229451155293e-01 2.582064199913569613e-01 -6.183004680887038695e-01
7.609967263922057246e-01 1.231166459221804677e-01 6.391972683274844691e-01
2.927153781756532958e-01 1.207255279877137571e-02 -1.107313312773864578e+00
5.745365718128916943e-02 -3.789203987141535057e-01 -2.795742688196087289e-01
2.879227911867174861e-01 -2.318527516324578874e-01 -1.610203650724978397e-03
7.186390915350906461e-01 5.067008961751906515e-02 4.289160490465345754e-01
4.485639557593299465e-01 -1.730477591504504531e-01 4.149065943768542875e-01
3.886620773855120614e-01 -1.877214511762692606e-01 4.066620450153776156e-01
2.601833286319252814e-01 -1.013051177091323640e-01 -6.516987441532395842e-01
7.188724127207652970e-01 1.102422135083317989e-01 -1.941721214900348214e-01
1.692108320150289558e-01 5.109816886633247734e-02 -1.233102061921057313e+00
3.822674459411539161e-01 1.720242663179120113e-01 -1.089026431951696683e+00
4.741525233786647586e-01 2.413630835604474445e-01 -9.940128826947123297e-01
3.292653238778500135e-01 -1.906514449796214983e-01 4.173705186993564853e-01
2.735726452851411916e-01 -1.815556928533874625e-01 4.387071450868399447e-01
2.377107005430714737e-01 -1.675795718652132171e-01 4.507304170945946042e-01
6.945320662683514001e-01 -3.976330582439360772e-02 6.111765523190717531e-01
2.843841876296867577e-01 -2.049515670076949014e-01 5.470631850805548479e-01
3.454735980520835525e-01 -2.224063437785909203e-01 5.854582676466106861e-01
4.086062537219359303e-01 -2.218164698104749810e-01 5.939664704280223084e-01
4.696569457673338555e-01 -2.047217840549052648e-01 5.758086317973352131e-01
5.059524756763700282e-01 -1.797421294663533731e-01 5.454143402531889118e-01
8.015927256420563030e-01 3.025476219012670498e-01 7.088802376886356171e-01
4.891647400479393060e-01 -1.542295833078622946e-01 4.367792966267277643e-01
2.499393957801698263e-01 -2.310114487715769216e-01 -4.074673618971347278e-01
1.950030333612603473e-01 -3.443494777660527362e-01 -2.124063312950361104e-01
1.201479173550658863e-01 -2.980652920672010042e-01 -3.888525454463568343e-01
4.842900902418592057e-01 1.367300739590912029e-01 -8.990750203078574643e-01
3.925430901077322510e-01 7.834816864142929438e-02 -1.003652473992609817e+00
1.670336393797835495e-01 -4.680987753996856959e-02 -1.184170767116603518e+00
6.612117521486835514e-01 4.369905323723293211e-01 -6.895724746872429201e-01
2.401277853679208429e-01 -1.822827154676177619e-01 4.948508394900607010e-01
1.378814309935745275e-01 -3.754147312792825986e-01 2.025539593124411342e-01
2.836833142413495157e-01 9.873847487038128756e-02 -1.173231656971188031e+00
7.761347019674504910e-01 3.294994216950704047e-01 -2.058322500215029605e-01
1.149788392622560773e-01 -1.825542901420188491e-01 -6.365209904403079655e-01
1.266820419197413061e-01 -1.908944139833688158e-01 -6.692170330208164764e-01
1.349200665873080407e-01 -2.000698667750434590e-01 -7.105891524163125972e-01
1.434146405168064686e-01 -1.868288392102577244e-01 -7.572889022065609765e-01
1.978100744445259185e-01 -1.290128573620575869e-01 -8.369572826798850063e-01
2.330260636805654983e-01 -1.172509123314813273e-01 -6.057282406706661071e-01
2.475416687643109959e-01 -1.171783502120819220e-01 -5.984376160569555569e-01
2.598838424413552062e-01 -1.183995041646760393e-01 -5.908264285032198693e-01
3.737409397695627966e-01 -1.209904891317210573e-01 -5.108419370156427330e-01
6.235333990306251017e-01 -2.216650282684672069e-02 -2.675143931232880634e-01
1.375461413058993720e-01 -3.231700606330201175e-01 3.199943552198575292e-01
1.726007455472489682e-01 -2.290669155460779427e-01 5.418093406715539517e-01
2.116881433872976337e-01 -1.993206210097470121e-01 5.344743803644128599e-01
2.193553353445164555e-01 -1.084981725459671642e-01 -6.115177402165739018e-01
6.321936962659031600e-01 1.118381401564553235e-01 -4.924307757297110566e-01
1.115980049818069975e-01 -3.184688274474297698e-01 5.344896568230225187e-01
2.389557374274084989e-01 -8.210853522099142987e-02 -9.254513325178495009e-01
8.957624569021488403e-02 -4.302870284557808178e-01 2.512140293741677022e-01
1.859252419790997646e-01 -3.548217104266592203e-01 3.503231116870446360e-02
1.303196626848041328e-01 -1.170736524102296561e-01 -9.833846875826575129e-01
4.118448335401465599e-01 -2.517073503718479655e-02 -7.300207327274379487e-01
3.258196916020550393e-01 -1.940343325922555540e-01 -2.217734381591019988e-01
3.274387206858759836e-01 -5.093955325312130022e-02 -8.444441149921666501e-01
4.757277086328490778e-01 -1.694905585834991513e-01 -2.005338527000714022e-01
3.841969367024566928e-01 -1.673977432760572759e-01 -3.190913853060080019e-01
5.310968676319438586e-01 -9.001101754447438097e-02 -3.509881667060935628e-01
1.549956475194940730e-01 -9.573017789619819862e-02 -1.094400891750112237e+00
2.272136734045476225e-01 -2.972541222281813722e-01 -1.655426139376263428e-02
4.636405148798425913e-01 4.553742466253288268e-02 -8.000040541619919399e-01
3.704683575908176429e-01 1.127700826379626764e-02 -9.123943361186441781e-01
4.704572669035298471e-01 -2.810247279154384770e-02 -6.001189674005404928e-01
6.983784759736313408e-01 1.562039463454459876e-01 -3.620724755104339776e-01
5.476996414908075206e-01 3.602391601572627056e-02 -6.110648704738468329e-01
7.376466133832111360e-01 3.278514107294856483e-01 -4.168093939349210020e-01
4.378616300331126254e-01 -1.128617915416493811e-01 -4.356886564888076130e-01
1.810550497488859767e-01 -3.168436328397026269e-01 1.393837967839509639e-01
1.814855347498960381e-01 -4.317484700703531075e-01 -1.914507886378641333e-01
2.238558903966691438e-01 -3.534486754817069976e-01 -2.051097533255651362e-01
1.532698966083502756e-01 -4.905128404745857651e-01 -1.298546295680873541e-01
2.295561015155231921e-01 -2.645259735036407100e-01 6.473151158833658769e-01
3.452096795763175408e-01 -2.887375282790400899e-01 7.222480199110705712e-01
4.458155912440751045e-01 -2.864533462208430636e-01 7.342073706810521294e-01
5.258872167251005258e-01 -2.559576539594661249e-01 7.101558752982040090e-01
5.779261307047354190e-01 -2.078443588195704184e-01 6.593578213108104435e-01
6.069862776410219762e-01 -7.587821295807473110e-02 4.708427973052292659e-01
8.095356204019845681e-01 2.693477424895138750e-01 2.337066508743811388e-01
5.551992858428000943e-01 -1.103710300609241912e-01 3.088120161968287425e-01
4.854304553636392683e-01 -1.477667482124634946e-01 2.728165229468612063e-01
3.942727038174631549e-01 -1.746053903588018485e-01 2.734637173256700970e-01
3.076049361049140174e-01 -1.898427397319314425e-01 2.998093738369377315e-01
2.414876462067279683e-01 -1.952800264499728877e-01 3.356737455130712755e-01
1.959314993677441219e-01 -2.027255804560923469e-01 3.696816746956926858e-01
8.147532671015067507e-01 5.266338175612945705e-01 2.721432497457795252e-01
2.230262864653734800e-01 -3.156295890378520985e-01 -2.260135990475177770e-01
1.388510584426206340e-01 -4.177512715289117828e-01 9.707345869148387152e-02
1.336267817686210557e-01 -4.856027694296082275e-01 -2.060667848278636138e-01
9.716934400763943547e-02 -4.505543256645300199e-01 -2.501099946980948618e-01
1.335572386437025028e-01 -4.492443816418351110e-01 -2.176294819602513364e-01
2.048950730016608213e-01 -2.887269118513754451e-01 -2.517595544121924989e-01
8.283508645658965719e-02 -4.672632584390673527e-01 -2.620281811161078167e-01
8.030482778033809499e-02 -3.814721629753032861e-01 -2.730649491030824882e-01
1.957393227759037790e-01 -1.780347130658697097e-01 4.572137649069439869e-01
1.603295136503548046e-01 -2.174831791474700626e-01 4.279287374712202885e-01
1.388407470210700212e-01 -2.645945478266978901e-01 4.055588727598068433e-01
5.259848045578148223e-01 -1.539082780644469572e-01 5.227760458151126111e-01
5.684063971865085385e-01 -1.582027829555409104e-01 5.724497946662294723e-01
-3.648579248537300312e-01 -1.733339853421200782e-01 5.433110356979259370e-01
-2.927236003549289478e-01 -1.800559538745261090e-01 5.415101721852574324e-01
-3.639642009244314913e-01 -1.826580714305336972e-01 6.472291738183080234e-01
-4.379663754119595964e-01 -1.665532484463667640e-01 5.464545689972944986e-01
-3.664009313661567013e-01 -1.640127298400144706e-01 4.411979279797147990e-01
3.951668995111463634e-01 -1.804957393734053506e-01 5.093605586048483014e-01
4.657828840353477329e-01 -1.868942123277529399e-01 5.053894075879618031e-01
3.941482254148227504e-01 -1.899787089670841311e-01 6.111761676400604415e-01
3.239898523437498845e-01 -1.741254037948576361e-01 5.143117045482689109e-01
3.964519183000714264e-01 -1.710311011958165484e-01 4.074514277910797899e-01
