4.935610890388488770e-01 5.306058526039123535e-01 -4.972381144762039185e-02
4.897076785564422607e-01 4.647646844387054443e-01 -4.955057054758071899e-02
4.904360771179199219e-01 4.895445704460144043e-01 -4.168567806482315063e-02
4.889546334743499756e-01 4.146170020103454590e-01 -3.766310587525367737e-02
5.069255232810974121e-01 4.615434408187866211e-01 -6.208594143390655518e-02
5.048395991325378418e-01 4.290658533573150635e-01 -4.591481015086174011e-02
5.108410716056823730e-01 3.783180117607116699e-01 -3.342688828706741333e-02
4.236400723457336426e-01 3.666464090347290039e-01 1.953929290175437927e-02
4.974412918090820312e-01 3.387840986251831055e-01 -2.760971337556838989e-02
5.153946876525878906e-01 2.888122498989105225e-01 -1.114659477025270462e-02
5.213366746902465820e-01 2.445130646228790283e-01 7.360508665442466736e-03
5.119273662567138672e-01 5.396181941032409668e-01 -3.632006794214248657e-02
4.933631122112274170e-01 5.467315912246704102e-01 -3.123725950717926025e-02
4.996846616268157959e-01 5.535565018653869629e-01 -2.611928619444370270e-02
4.944181144237518311e-01 5.630068778991699219e-01 -2.179428376257419586e-02
5.026796460151672363e-01 5.734263062477111816e-01 -2.276973240077495575e-02
4.917562007904052734e-01 5.711343884468078613e-01 -3.286091983318328857e-02
4.961333274841308594e-01 5.965147614479064941e-01 -2.455022558569908142e-02
4.909724593162536621e-01 6.117764711380004883e-01 -6.439608521759510040e-03
5.020812153816223145e-01 4.773794710636138916e-01 -4.965962469577789307e-02
4.854038357734680176e-01 4.758803844451904297e-01 -3.448089957237243652e-02
3.849982321262359619e-01 3.142744600772857666e-01 6.299642473459243774e-02
4.519492387771606445e-01 3.938727378845214844e-01 8.169035427272319794e-04
4.469301998615264893e-01 3.850271701812744141e-01 2.237719018012285233e-04
4.278822541236877441e-01 3.781192004680633545e-01 2.150153554975986481e-02
4.305410087108612061e-01 3.790994584560394287e-01 1.678053475916385651e-02
4.657119214534759521e-01 3.880176842212677002e-01 7.916318252682685852e-03
4.416823387145996094e-01 3.394099473953247070e-01 1.018173247575759888e-02
4.453673958778381348e-01 3.426293134689331055e-01 6.941196043044328690e-03
4.220243990421295166e-01 3.298181593418121338e-01 -2.354458905756473541e-03
4.118725359439849854e-01 3.591944277286529541e-01 2.481251023709774017e-03
3.917491734027862549e-01 3.889921605587005615e-01 3.764544427394866943e-02
4.472143352031707764e-01 6.271403431892395020e-01 3.106801304966211319e-03
4.158999323844909668e-01 3.677096664905548096e-01 7.596369832754135132e-03
3.794046342372894287e-01 3.727985620498657227e-01 6.976081430912017822e-02
4.005244970321655273e-01 3.717820346355438232e-01 4.531574621796607971e-02
4.430590569972991943e-01 4.578882157802581787e-01 -1.279638241976499557e-02
4.935098290443420410e-01 5.163140296936035156e-01 -2.655418775975704193e-02
4.856801927089691162e-01 5.297120213508605957e-01 -3.597033396363258362e-02
4.589774012565612793e-01 5.225999951362609863e-01 -3.863785415887832642e-02
4.533202350139617920e-01 5.338139533996582031e-01 -2.624430321156978607e-02
4.791236221790313721e-01 5.438351035118103027e-01 -2.438557520508766174e-02
4.705482125282287598e-01 5.406770706176757812e-01 -1.973418332636356354e-02
4.419153034687042236e-01 5.640465617179870605e-01 -1.749927923083305359e-02
4.908900260925292969e-01 4.643345773220062256e-01 -6.764600425958633423e-02
4.907209277153015137e-01 4.572130143642425537e-01 -6.114982441067695618e-02
4.072432816028594971e-01 3.275486230850219727e-01 3.141714259982109070e-02
4.629797041416168213e-01 4.284361898899078369e-01 -4.067026078701019287e-03
4.581989943981170654e-01 4.666631221771240234e-01 -3.567631170153617859e-02
4.652689993381500244e-01 4.453785121440887451e-01 -2.185534313321113586e-02
4.127413034439086914e-01 4.569089710712432861e-01 1.309567410498857498e-02
4.974420368671417236e-01 4.173429906368255615e-01 -4.737307131290435791e-02
4.301639497280120850e-01 2.923846840858459473e-01 3.874393180012702942e-03
4.064780771732330322e-01 3.136540651321411133e-01 9.962149895727634430e-03
4.042684733867645264e-01 2.756133079528808594e-01 5.229003354907035828e-02
4.872646927833557129e-01 3.243206739425659180e-01 2.050666371360421181e-03
4.701576232910156250e-01 3.347598314285278320e-01 -3.033192828297615051e-03
4.392308592796325684e-01 5.569353103637695312e-01 -7.785777095705270767e-03
3.665022850036621094e-01 5.367808341979980469e-01 7.321911305189132690e-02
4.713667631149291992e-01 4.613405168056488037e-01 -3.374872356653213501e-02
4.878214597702026367e-01 4.819397330284118652e-01 -2.517342567443847656e-03
4.389285445213317871e-01 5.497255325317382812e-01 -4.348295740783214569e-03
4.575419127941131592e-01 5.619348287582397461e-01 -4.138526506721973419e-03
4.182831048965454102e-01 2.922753691673278809e-01 1.402044389396905899e-02
4.648214876651763916e-01 4.694281220436096191e-01 -2.515615895390510559e-02
4.677087068557739258e-01 3.190968632698059082e-01 -1.054964214563369751e-02
4.504367411136627197e-01 2.896766662597656250e-01 -5.689013749361038208e-03
4.623284041881561279e-01 2.346917688846588135e-01 1.783776655793190002e-02
4.096161127090454102e-01 2.901543676853179932e-01 2.901772595942020416e-02
4.607842564582824707e-01 2.810567021369934082e-01 4.448290914297103882e-03
4.033640623092651367e-01 3.225207328796386719e-01 2.214455045759677887e-02
3.890473544597625732e-01 3.238767087459564209e-01 4.014358669519424438e-02
4.793566465377807617e-01 5.309886336326599121e-01 -4.066962748765945435e-02
4.788917005062103271e-01 5.394866466522216797e-01 -2.247427031397819519e-02
4.615456759929656982e-01 5.321566462516784668e-01 -1.658146828413009644e-02
4.861222207546234131e-01 4.859866499900817871e-01 -2.570386976003646851e-02
4.592232406139373779e-01 5.598092079162597656e-01 -5.050884094089269638e-03
4.474012851715087891e-01 5.662970542907714844e-01 -1.346047874540090561e-02
4.558469653129577637e-01 5.524457097053527832e-01 -8.239210583269596100e-03
4.833219945430755615e-01 4.668712913990020752e-01 -4.009008035063743591e-02
4.883992075920104980e-01 5.442455410957336426e-01 -2.734214626252651215e-02
4.785995185375213623e-01 5.496591329574584961e-01 -1.326654851436614990e-02
4.873911142349243164e-01 5.354052782058715820e-01 -1.141208410263061523e-02
4.800395965576171875e-01 6.138992905616760254e-01 -1.213050540536642075e-02
4.795527458190917969e-01 5.915628671646118164e-01 -1.123327203094959259e-02
4.755675196647644043e-01 5.848583579063415527e-01 -2.716840431094169617e-02
4.798275232315063477e-01 5.678719878196716309e-01 -2.613032050430774689e-02
4.767390489578247070e-01 5.634703040122985840e-01 -1.616435684263706207e-02
4.775288403034210205e-01 5.664659738540649414e-01 -1.265837345272302628e-03
4.700415432453155518e-01 5.496677756309509277e-01 -1.571348123252391815e-02
4.688676297664642334e-01 5.774789452552795410e-01 -2.057038620114326477e-02
4.598227441310882568e-01 5.757374167442321777e-01 -2.388155832886695862e-02
4.439646005630493164e-01 5.225670933723449707e-01 -2.408394962549209595e-02
3.684007823467254639e-01 4.492427408695220947e-01 1.129118800163269043e-01
4.976305663585662842e-01 4.875710904598236084e-01 -3.441654518246650696e-02
4.575604200363159180e-01 5.504949092864990234e-01 -8.580086869187653065e-04
4.592781364917755127e-01 5.595220327377319336e-01 -1.005490869283676147e-02
4.901195168495178223e-01 4.869838058948516846e-01 -3.989533334970474243e-02
4.612632989883422852e-01 4.859563708305358887e-01 -1.568120345473289490e-02
4.915158450603485107e-01 4.847032427787780762e-01 -4.911526292562484741e-02
4.583168029785156250e-01 4.345548152923583984e-01 -9.833544492721557617e-03
4.357829689979553223e-01 4.322978854179382324e-01 -6.568869575858116150e-04
4.518081545829772949e-01 4.800594151020050049e-01 -2.752058021724224091e-02
4.196013510227203369e-01 2.567083239555358887e-01 3.305805101990699768e-02
4.343871474266052246e-01 2.796017825603485107e-01 2.137398160994052887e-02
4.231888353824615479e-01 2.959195971488952637e-01 1.951646804809570312e-02
4.654074609279632568e-01 5.825473666191101074e-01 8.233396336436271667e-03
4.874493777751922607e-01 3.036774992942810059e-01 -8.144989609718322754e-03
4.665267765522003174e-01 2.744494974613189697e-01 -5.055860616266727448e-03
4.728043377399444580e-01 2.544780969619750977e-01 3.444155910983681679e-03
4.174743592739105225e-01 3.889700770378112793e-01 2.148306183516979218e-02
3.947044014930725098e-01 3.995335698127746582e-01 3.619457781314849854e-02
4.605940282344818115e-01 3.815737068653106689e-01 1.182680763304233551e-02
4.067876338958740234e-01 3.531032502651214600e-01 2.122577838599681854e-02
4.781357049942016602e-01 4.074188470840454102e-01 4.460859578102827072e-03
4.764215946197509766e-01 4.579062461853027344e-01 -3.723441809415817261e-02
3.900701403617858887e-01 4.116055071353912354e-01 3.970198333263397217e-02
3.984873294830322266e-01 4.148125350475311279e-01 1.675822958350181580e-02
4.126753211021423340e-01 4.197607934474945068e-01 6.150638684630393982e-03
4.399916827678680420e-01 4.149991273880004883e-01 3.276030765846371651e-03
4.504763185977935791e-01 4.138841927051544189e-01 -9.002614766359329224e-03
4.758362174034118652e-01 3.965771794319152832e-01 4.010729491710662842e-03
5.012735128402709961e-01 3.910541236400604248e-01 -6.208110600709915161e-03
3.869546949863433838e-01 4.441694319248199463e-01 3.229555487632751465e-02
3.879035413265228271e-01 3.517989516258239746e-01 2.626622095704078674e-02
5.066569447517395020e-01 4.766283035278320312e-01 -4.598759114742279053e-02
4.595826566219329834e-01 4.247469604015350342e-01 -1.028520986437797546e-02
3.696091473102569580e-01 3.805545270442962646e-01 1.074279770255088806e-01
4.801061153411865234e-01 3.838058114051818848e-01 -1.197538524866104126e-02
4.646354317665100098e-01 4.629404842853546143e-01 -1.955146528780460358e-02
4.109461307525634766e-01 3.637550771236419678e-01 1.365078240633010864e-02
4.756960272789001465e-01 4.380981624126434326e-01 -2.651686593890190125e-02
3.599868714809417725e-01 4.950319826602935791e-01 1.068325638771057129e-01
4.697744846343994141e-01 3.647798001766204834e-01 1.452794112265110016e-02
4.774136841297149658e-01 4.416268169879913330e-01 -4.507609084248542786e-02
4.015229344367980957e-01 5.752071142196655273e-01 2.529435232281684875e-02
3.991382420063018799e-01 5.966600775718688965e-01 3.809007257223129272e-02
3.775660991668701172e-01 4.455230236053466797e-01 7.634592056274414062e-02
3.874276876449584961e-01 5.543180108070373535e-01 4.211997240781784058e-02
3.870137035846710205e-01 3.566459417343139648e-01 6.782720983028411865e-02
4.369038939476013184e-01 6.339490413665771484e-01 -9.755075909197330475e-03
4.998687505722045898e-01 4.735855460166931152e-01 -4.229633510112762451e-02
4.627321362495422363e-01 4.509121179580688477e-01 -7.774103432893753052e-03
3.813821077346801758e-01 3.706027567386627197e-01 4.098346829414367676e-02
4.396425187587738037e-01 3.817949891090393066e-01 6.524790078401565552e-03
4.495158195495605469e-01 3.708702921867370605e-01 5.839446093887090683e-03
4.630768597126007080e-01 5.608354210853576660e-01 -5.009291693568229675e-03
3.927911520004272461e-01 4.841345846652984619e-01 3.881065174937248230e-02
4.564809799194335938e-01 6.764640212059020996e-01 2.790155820548534393e-03
4.274848699569702148e-01 6.363707184791564941e-01 1.936716027557849884e-02
4.174763262271881104e-01 6.188730001449584961e-01 3.793583065271377563e-02
5.124053359031677246e-01 2.855684757232666016e-01 1.196067780256271362e-03
4.766791462898254395e-01 6.831039786338806152e-01 -3.014382673427462578e-04
4.497801959514617920e-01 3.829909861087799072e-01 8.259996771812438965e-03
4.702731072902679443e-01 3.735601902008056641e-01 7.737722713500261307e-03
4.781591594219207764e-01 3.747342824935913086e-01 6.156221963465213776e-03
3.873218894004821777e-01 3.491964340209960938e-01 3.602936863899230957e-02
4.708738625049591064e-01 3.634214103221893311e-01 1.672384887933731079e-02
4.375368654727935791e-01 3.670328557491302490e-01 1.122763194143772125e-02
4.442193508148193359e-01 3.563235700130462646e-01 3.105198964476585388e-03
4.245363473892211914e-01 3.670388162136077881e-01 2.238248847424983978e-02
4.222447872161865234e-01 3.645727336406707764e-01 1.639438234269618988e-02
3.829275667667388916e-01 3.404014408588409424e-01 8.091320097446441650e-02
4.163876771926879883e-01 3.658985197544097900e-01 3.289732336997985840e-02
5.020946264266967773e-01 5.086667537689208984e-01 -4.107088595628738403e-02
4.624338150024414062e-01 4.973311424255371094e-01 -3.089185617864131927e-02
4.712102115154266357e-01 4.793014228343963623e-01 -2.859449572861194611e-02
4.806399941444396973e-01 5.040220022201538086e-01 -3.847390413284301758e-02
5.121439695358276367e-01 3.592652380466461182e-01 -1.808089204132556915e-02
4.091535210609436035e-01 6.038267016410827637e-01 1.159374602138996124e-02
4.324689209461212158e-01 6.227475404739379883e-01 2.283367142081260681e-02
4.518038928508758545e-01 6.499602198600769043e-01 -2.642590738832950592e-02
3.841319084167480469e-01 5.743966102600097656e-01 8.572301268577575684e-02
4.704600572586059570e-01 3.701116740703582764e-01 1.293418835848569870e-02
4.735424220561981201e-01 4.084002077579498291e-01 -2.157003618776798248e-02
4.905390739440917969e-01 6.659102439880371094e-01 -3.037780057638883591e-03
4.443388879299163818e-01 6.558670997619628906e-01 1.959689520299434662e-02
3.722360432147979736e-01 5.016559958457946777e-01 6.471701711416244507e-02
4.758388102054595947e-01 5.621916055679321289e-01 -2.039649523794651031e-02
4.755337536334991455e-01 5.722218155860900879e-01 -1.751566864550113678e-02
4.744912087917327881e-01 5.724532008171081543e-01 -2.574890479445457458e-02
4.700809717178344727e-01 5.948900580406188965e-01 -2.568713575601577759e-02
4.557893872261047363e-01 5.993068814277648926e-01 -2.067228034138679504e-02
4.631957411766052246e-01 5.391318202018737793e-01 -1.851923018693923950e-02
4.571833610534667969e-01 5.532810091972351074e-01 -1.396503485739231110e-02
4.520306587219238281e-01 5.444974303245544434e-01 -8.562067523598670959e-03
4.491903185844421387e-01 5.144431591033935547e-01 -1.326824631541967392e-02
4.079471230506896973e-01 4.897971153259277344e-01 2.578710392117500305e-02
4.890202879905700684e-01 3.813489377498626709e-01 -1.589899510145187378e-02
4.875581562519073486e-01 3.587836623191833496e-01 7.460158783942461014e-03
4.746527969837188721e-01 3.779222667217254639e-01 4.137394018471240997e-03
4.590540230274200439e-01 5.470737218856811523e-01 1.973486272618174553e-03
3.924439549446105957e-01 5.392341613769531250e-01 3.411285951733589172e-02
4.930008649826049805e-01 3.537971675395965576e-01 -4.133986309170722961e-03
4.466493725776672363e-01 5.980075001716613770e-01 -1.681838557124137878e-02
5.094212889671325684e-01 4.017662703990936279e-01 -4.831119999289512634e-02
4.841577410697937012e-01 4.034322500228881836e-01 -3.655020892620086670e-02
5.009384155273437500e-01 3.929995894432067871e-01 -3.562351316213607788e-02
4.742328524589538574e-01 4.379582703113555908e-01 -2.245004847645759583e-02
4.895499944686889648e-01 6.491514444351196289e-01 -1.710552908480167389e-02
4.980723261833190918e-01 6.241241693496704102e-01 -1.565419323742389679e-02
4.691308736801147461e-01 6.196005344390869141e-01 -1.126343570649623871e-02
4.263356626033782959e-01 5.762951970100402832e-01 -2.573633566498756409e-03
4.448098540306091309e-01 4.705450832843780518e-01 -1.174138672649860382e-02
4.400937855243682861e-01 5.956620573997497559e-01 1.388793112710118294e-03
4.223099052906036377e-01 4.795610606670379639e-01 -4.813862033188343048e-04
4.407505989074707031e-01 5.051407814025878906e-01 -3.607317339628934860e-04
4.121671020984649658e-01 5.155658721923828125e-01 -4.793263506144285202e-04
4.644436538219451904e-01 6.494277715682983398e-01 -8.677336387336254120e-03
4.732434749603271484e-01 4.317315816879272461e-01 -1.106821745634078979e-02
4.259857237339019775e-01 5.799984335899353027e-01 7.252030540257692337e-03
4.345151782035827637e-01 6.172235608100891113e-01 3.224580548703670502e-03
4.216417968273162842e-01 5.434988737106323242e-01 3.621196374297142029e-04
3.841309547424316406e-01 5.053665637969970703e-01 4.344908148050308228e-02
4.100157618522644043e-01 5.509098172187805176e-01 2.042674086987972260e-02
3.687139451503753662e-01 5.282560586929321289e-01 5.421961471438407898e-02
4.342660307884216309e-01 5.194460749626159668e-01 -3.892570268362760544e-03
4.767524600028991699e-01 4.209652543067932129e-01 -2.166075073182582855e-02
4.684653580188751221e-01 4.604315757751464844e-01 -4.910163953900337219e-02
4.772450923919677734e-01 4.740993082523345947e-01 -4.002531990408897400e-02
4.992731213569641113e-01 4.506493210792541504e-01 -3.989117220044136047e-02
4.781957864761352539e-01 3.477684259414672852e-01 1.105952076613903046e-03
4.739320278167724609e-01 3.348624408245086670e-01 -8.392624557018280029e-03
4.432486593723297119e-01 3.188774883747100830e-01 -7.228557951748371124e-04
4.418877363204956055e-01 3.350087404251098633e-01 -8.389448747038841248e-03
4.126083850860595703e-01 3.379845321178436279e-01 1.258033793419599533e-02
3.994144499301910400e-01 3.741340339183807373e-01 1.549187116324901581e-02
3.741833865642547607e-01 4.164380431175231934e-01 6.787139177322387695e-02
4.077703356742858887e-01 4.000341892242431641e-01 2.336186915636062622e-02
4.255300164222717285e-01 4.001257419586181641e-01 3.120872192084789276e-03
4.425589740276336670e-01 4.084917008876800537e-01 5.070413462817668915e-03
4.595103859901428223e-01 3.955185413360595703e-01 1.598512381315231323e-02
4.634603857994079590e-01 3.966510593891143799e-01 4.682178609073162079e-03
4.786475300788879395e-01 3.855114281177520752e-01 -6.338753737509250641e-03
3.659957349300384521e-01 4.142413139343261719e-01 1.063968315720558167e-01
4.615881741046905518e-01 4.733188450336456299e-01 -2.767772413790225983e-02
4.802345931529998779e-01 4.264129698276519775e-01 -2.821700647473335266e-02
4.763640165328979492e-01 4.719473719596862793e-01 -4.968278482556343079e-02
4.900657832622528076e-01 4.852924048900604248e-01 -5.160285532474517822e-02
4.790456295013427734e-01 4.703865945339202881e-01 -5.278920009732246399e-02
4.583728611469268799e-01 4.801293611526489258e-01 -2.948241680860519409e-02
4.903621673583984375e-01 4.634805917739868164e-01 -5.745159462094306946e-02
4.921180605888366699e-01 4.828212857246398926e-01 -3.597879409790039062e-02
4.774782061576843262e-01 3.735361099243164062e-01 1.456640381366014481e-02
4.825537204742431641e-01 3.765420317649841309e-01 3.845369210466742516e-03
4.926433265209197998e-01 3.809153139591217041e-01 7.135067135095596313e-03
4.290226101875305176e-01 3.585161268711090088e-01 1.113398559391498566e-02
4.374620914459228516e-01 3.420230150222778320e-01 2.123551629483699799e-02
5.060852766036987305e-01 4.136232137680053711e-01 -3.625773638486862183e-02
5.926374793052673340e-01 3.927106857299804688e-01 2.568201348185539246e-02
4.996957182884216309e-01 4.780310094356536865e-01 -3.578570857644081116e-02
6.214547157287597656e-01 3.411003053188323975e-01 8.936236053705215454e-02
5.577830076217651367e-01 4.007690548896789551e-01 1.379851158708333969e-02
5.623168349266052246e-01 3.969531357288360596e-01 4.978608340024948120e-04
5.858116745948791504e-01 3.942119181156158447e-01 2.545617986470460892e-03
5.963106155395507812e-01 3.938620388507843018e-01 2.842785604298114777e-02
5.448989272117614746e-01 3.837826550006866455e-01 2.463183738291263580e-02
5.751647949218750000e-01 3.508774936199188232e-01 1.654136925935745239e-02
5.596933364868164062e-01 3.472930192947387695e-01 7.927296683192253113e-03
5.928084850311279297e-01 3.423301875591278076e-01 1.434657629579305649e-02
5.956212282180786133e-01 3.553622961044311523e-01 2.381339669227600098e-02
6.050007343292236328e-01 3.994482159614562988e-01 2.110284194350242615e-02
5.359052419662475586e-01 6.388811469078063965e-01 -1.135055907070636749e-02
5.858021378517150879e-01 3.871310353279113770e-01 1.864933781325817108e-02
6.259254217147827148e-01 4.094592332839965820e-01 7.864865660667419434e-02
6.042269468307495117e-01 3.902237713336944580e-01 4.065566137433052063e-02
5.581781268119812012e-01 4.651304483413696289e-01 -5.791650619357824326e-05
5.251213908195495605e-01 5.289786458015441895e-01 -2.034723758697509766e-02
5.094340443611145020e-01 5.510125756263732910e-01 -3.553736954927444458e-02
5.257811546325683594e-01 5.236091613769531250e-01 -2.800059318542480469e-02
5.224369168281555176e-01 5.515627264976501465e-01 -1.782016456127166748e-02
5.202362537384033203e-01 5.482666492462158203e-01 -2.977982163429260254e-02
5.368964672088623047e-01 5.535447001457214355e-01 -2.977056242525577545e-02
5.272020697593688965e-01 5.793467164039611816e-01 -1.535995211452245712e-02
5.118550062179565430e-01 4.625516235828399658e-01 -5.989491194486618042e-02
5.029885172843933105e-01 4.578613936901092529e-01 -6.640576571226119995e-02
6.048061847686767578e-01 3.389991819858551025e-01 2.392828837037086487e-02
5.317607522010803223e-01 4.221862256526947021e-01 -8.615829050540924072e-03
5.281016826629638672e-01 4.641094803810119629e-01 -2.940768934786319733e-02
5.482276082038879395e-01 4.630460143089294434e-01 -3.308456391096115112e-02
5.888957381248474121e-01 4.637130498886108398e-01 1.679189689457416534e-02
5.140892267227172852e-01 4.286530315876007080e-01 -6.923317909240722656e-02
5.864094495773315430e-01 3.215889930725097656e-01 1.663238927721977234e-02
5.853835344314575195e-01 3.389013707637786865e-01 2.014115639030933380e-02
6.179182529449462891e-01 3.096383213996887207e-01 5.348427593708038330e-02
5.373911857604980469e-01 3.286051750183105469e-01 -9.649902582168579102e-03
5.479803085327148438e-01 3.553684949874877930e-01 8.655097335577011108e-03
5.425323247909545898e-01 5.597492456436157227e-01 1.017138641327619553e-02
5.990271568298339844e-01 5.714181661605834961e-01 8.628031611442565918e-02
5.295661091804504395e-01 4.840901196002960205e-01 -2.559557929635047913e-02
5.054724812507629395e-01 4.783826172351837158e-01 -3.557289019227027893e-02
5.418059825897216797e-01 5.626335740089416504e-01 2.995099639520049095e-03
5.412781238555908203e-01 5.713217258453369141e-01 -5.455549340695142746e-03
6.088273525238037109e-01 3.152684271335601807e-01 1.502447575330734253e-02
5.360627174377441406e-01 4.855073988437652588e-01 -2.898474037647247314e-02
5.590527653694152832e-01 3.247907161712646484e-01 -3.747130976989865303e-03
5.748857855796813965e-01 2.985705435276031494e-01 -8.959320373833179474e-03
5.672384500503540039e-01 2.524777054786682129e-01 1.140208542346954346e-02
6.204473972320556641e-01 3.236503005027770996e-01 2.646231092512607574e-02
5.672354102134704590e-01 2.888633310794830322e-01 1.072580460458993912e-02
6.100939512252807617e-01 3.402582406997680664e-01 4.004895687103271484e-02
6.175915002822875977e-01 3.519140183925628662e-01 4.532282054424285889e-02
5.135993957519531250e-01 5.368849635124206543e-01 -3.010883927345275879e-02
5.288723111152648926e-01 5.387484431266784668e-01 -2.825859934091567993e-02
5.344330072402954102e-01 5.454144477844238281e-01 -2.339362539350986481e-02
5.255320668220520020e-01 4.831055402755737305e-01 -3.888015449047088623e-02
5.389792323112487793e-01 5.697052478790283203e-01 3.119664499536156654e-03
5.265040397644042969e-01 5.656175017356872559e-01 -6.702365353703498840e-03
5.292957425117492676e-01 5.512788295745849609e-01 -1.072159595787525177e-02
5.203246474266052246e-01 4.769400060176849365e-01 -5.092822387814521790e-02
5.317397713661193848e-01 5.462150573730468750e-01 -7.833360694348812103e-03
5.200489759445190430e-01 5.408812165260314941e-01 -2.871055155992507935e-02
5.122255682945251465e-01 5.418720245361328125e-01 -4.003545641899108887e-02
5.074822306632995605e-01 6.117177009582519531e-01 -1.472794916480779648e-03
5.028727054595947266e-01 5.914146900177001953e-01 -1.977322809398174286e-02
5.097347497940063477e-01 5.778552889823913574e-01 -3.552310913801193237e-02
4.962094128131866455e-01 5.798605680465698242e-01 -3.773327171802520752e-02
5.066143274307250977e-01 5.641803741455078125e-01 -3.484461456537246704e-02
5.210931301116943359e-01 5.680508613586425781e-01 -1.717624813318252563e-02
5.249047279357910156e-01 5.521960854530334473e-01 -3.781651612371206284e-03
5.314099192619323730e-01 5.736283659934997559e-01 -8.674248121678829193e-03
5.331404209136962891e-01 5.818402767181396484e-01 -2.117136679589748383e-02
5.377689003944396973e-01 5.329353809356689453e-01 -1.464257296174764633e-02
6.335365772247314453e-01 4.850611090660095215e-01 1.156024932861328125e-01
5.269075036048889160e-01 5.576026439666748047e-01 -7.347342092543840408e-03
5.308927893638610840e-01 5.789038538932800293e-01 -5.204682238399982452e-03
5.115386247634887695e-01 4.905502498149871826e-01 -2.103792503476142883e-02
5.236920714378356934e-01 4.918290376663208008e-01 -1.693977601826190948e-02
5.158462524414062500e-01 4.814679324626922607e-01 -1.603324897587299347e-02
5.587378740310668945e-01 4.312966465950012207e-01 1.799941528588533401e-04
5.538492798805236816e-01 4.476577937602996826e-01 -1.025569508783519268e-03
5.279939770698547363e-01 4.768202304840087891e-01 -1.715824007987976074e-02
5.987051129341125488e-01 2.677914500236511230e-01 3.151318058371543884e-02
5.960912108421325684e-01 2.905508279800415039e-01 3.252740576863288879e-02
5.810848474502563477e-01 3.065770566463470459e-01 8.624026551842689514e-03
5.457036495208740234e-01 5.926818847656250000e-01 -4.501442424952983856e-03
5.326903462409973145e-01 3.211844265460968018e-01 -1.411016471683979034e-02
5.449621081352233887e-01 2.761267125606536865e-01 -1.507380884140729904e-02
5.496270060539245605e-01 2.499807775020599365e-01 1.253841258585453033e-02
5.885764360427856445e-01 4.032947123050689697e-01 2.045648172497749329e-02
6.082127094268798828e-01 4.132407903671264648e-01 2.161768078804016113e-02
5.404180884361267090e-01 3.801385760307312012e-01 2.323536202311515808e-02
5.911965966224670410e-01 3.761628270149230957e-01 2.805269137024879456e-02
5.212437510490417480e-01 4.049092531204223633e-01 3.895979840308427811e-03
5.268349051475524902e-01 4.654955565929412842e-01 -3.459195420145988464e-02
6.176643967628479004e-01 4.321057796478271484e-01 4.606416821479797363e-02
5.916394591331481934e-01 4.302041828632354736e-01 5.513082724064588547e-03
5.791009068489074707e-01 4.304901659488677979e-01 2.660638280212879181e-02
5.646945238113403320e-01 4.364491105079650879e-01 6.465920247137546539e-03
5.455551743507385254e-01 4.237150251865386963e-01 6.604287773370742798e-04
5.409537553787231445e-01 3.993131220340728760e-01 -3.508676309138536453e-04
5.106793045997619629e-01 3.840924799442291260e-01 -2.094395086169242859e-02
6.161768436431884766e-01 4.716118872165679932e-01 4.660709202289581299e-02
6.174354553222656250e-01 3.797962367534637451e-01 2.372388541698455811e-02
5.024283528327941895e-01 4.789195656776428223e-01 -5.131513252854347229e-02
5.181958079338073730e-01 4.439993798732757568e-01 -1.498598884791135788e-02
6.121737957000732422e-01 3.959591388702392578e-01 9.966773539781570435e-02
5.278996229171752930e-01 3.899768292903900146e-01 -4.271886427886784077e-04
5.393760204315185547e-01 4.758337140083312988e-01 -2.373779891058802605e-03
5.984581112861633301e-01 3.897159695625305176e-01 2.327705919742584229e-02
5.293334126472473145e-01 4.576513171195983887e-01 -3.910894319415092468e-02
6.241055130958557129e-01 5.306875109672546387e-01 1.236966177821159363e-01
5.328177213668823242e-01 3.860693573951721191e-01 9.391097351908683777e-03
5.280706882476806641e-01 4.427011609077453613e-01 -5.593268200755119324e-02
5.722442269325256348e-01 6.015799641609191895e-01 3.868732973933219910e-02
5.903754830360412598e-01 6.253271698951721191e-01 5.170284584164619446e-02
6.221332550048828125e-01 4.741707146167755127e-01 7.282464206218719482e-02
6.008506417274475098e-01 5.686250329017639160e-01 6.262996792793273926e-02
6.207233667373657227e-01 3.650126755237579346e-01 6.968501955270767212e-02
5.353161692619323730e-01 6.452029347419738770e-01 1.336377393454313278e-02
4.999212920665740967e-01 4.792234301567077637e-01 -4.638911783695220947e-02
5.365433692932128906e-01 4.613929688930511475e-01 -1.089673675596714020e-02
6.175464391708374023e-01 4.054083824157714844e-01 6.440055370330810547e-02
5.823766589164733887e-01 3.954015970230102539e-01 1.935134269297122955e-02
5.621858835220336914e-01 3.891892135143280029e-01 5.419502966105937958e-03
5.217770338058471680e-01 5.670355558395385742e-01 -4.494271241128444672e-03
6.045284867286682129e-01 4.937176704406738281e-01 3.043175488710403442e-02
4.932198822498321533e-01 6.725434660911560059e-01 1.162928296253085136e-03
5.453143715858459473e-01 6.586675047874450684e-01 2.488392591476440430e-02
5.591915249824523926e-01 6.341552138328552246e-01 3.502576053142547607e-02
5.450140237808227539e-01 3.949634134769439697e-01 8.999012410640716553e-03
5.469596385955810547e-01 3.893735706806182861e-01 5.389396101236343384e-03
5.462549328804016113e-01 3.720629215240478516e-01 7.081120274960994720e-04
6.175405383110046387e-01 3.550894856452941895e-01 4.553724080324172974e-02
5.389237999916076660e-01 3.859352171421051025e-01 7.157292217016220093e-03
5.581277012825012207e-01 3.610487580299377441e-01 2.640462014824151993e-03
5.640406608581542969e-01 3.646865487098693848e-01 1.168277487158775330e-02
5.835905075073242188e-01 3.696563243865966797e-01 1.913695968687534332e-02
5.777429938316345215e-01 3.862159550189971924e-01 2.659483067691326141e-02
6.327500343322753906e-01 3.620613813400268555e-01 9.569185972213745117e-02
5.743685960769653320e-01 3.869860470294952393e-01 1.449016574770212173e-02
5.453565716743469238e-01 5.060822367668151855e-01 -1.968365535140037537e-02
5.392125844955444336e-01 4.754589796066284180e-01 -2.243383228778839111e-02
5.096809864044189453e-01 5.155376791954040527e-01 -3.801612555980682373e-02
5.682931542396545410e-01 6.151028871536254883e-01 1.570965535938739777e-02
5.469194650650024414e-01 6.244317889213562012e-01 2.025242894887924194e-02
5.106104612350463867e-01 6.680647134780883789e-01 -3.532833885401487350e-03
5.837526321411132812e-01 5.990830659866333008e-01 8.896724879741668701e-02
5.429857969284057617e-01 3.758740723133087158e-01 7.059508934617042542e-03
5.319549441337585449e-01 4.188335537910461426e-01 -1.880732178688049316e-02
5.295653939247131348e-01 6.653575301170349121e-01 1.691226288676261902e-02
6.124232411384582520e-01 5.128396749496459961e-01 5.765180289745330811e-02
5.080941915512084961e-01 5.637385249137878418e-01 -1.293916814029216766e-02
5.183135867118835449e-01 5.793547034263610840e-01 -1.684149727225303650e-02
5.194608569145202637e-01 5.754700303077697754e-01 -1.362373866140842438e-02
5.236071944236755371e-01 5.982226133346557617e-01 -1.374366227537393570e-02
5.313786864280700684e-01 6.030015945434570312e-01 -2.051461115479469299e-02
5.411732792854309082e-01 5.574995279312133789e-01 -1.391300372779369354e-02
5.287186503410339355e-01 5.576637387275695801e-01 -3.431346965953707695e-03
5.421814918518066406e-01 5.513098835945129395e-01 -6.409039255231618881e-03
5.479450821876525879e-01 5.333201289176940918e-01 9.525211062282323837e-04
5.891350507736206055e-01 5.015568733215332031e-01 2.041813731193542480e-02
5.131859183311462402e-01 4.053426682949066162e-01 -8.668100461363792419e-03
5.393229722976684570e-01 3.685761094093322754e-01 1.503657363355159760e-02
5.385447144508361816e-01 3.654364049434661865e-01 5.409764125943183899e-03
5.325916409492492676e-01 5.661002397537231445e-01 -2.609630674123764038e-02
5.908825993537902832e-01 5.449061989784240723e-01 1.970476470887660980e-02
5.118415951728820801e-01 3.517105579376220703e-01 -6.843582261353731155e-03
5.341347455978393555e-01 6.057436466217041016e-01 -8.519009687006473541e-03
5.129359364509582520e-01 4.063373804092407227e-01 -1.771910861134529114e-02
5.279371142387390137e-01 4.359545409679412842e-01 -1.237406954169273376e-02
5.159150958061218262e-01 6.194435358047485352e-01 -2.345194667577743530e-02
5.560559630393981934e-01 5.815144777297973633e-01 6.458602845668792725e-03
5.570911169052124023e-01 4.862667322158813477e-01 -1.377480337396264076e-03
5.408930778503417969e-01 5.980019569396972656e-01 -8.864996023476123810e-03
5.732701420783996582e-01 4.886079132556915283e-01 2.455133944749832153e-03
5.614424347877502441e-01 5.139433145523071289e-01 2.481550909578800201e-03
5.721533894538879395e-01 5.071190595626831055e-01 -1.377517078071832657e-02
5.136783123016357422e-01 6.499260663986206055e-01 -2.068878896534442902e-02
5.260565876960754395e-01 4.485373198986053467e-01 -3.289063274860382080e-02
5.641955733299255371e-01 5.999820828437805176e-01 2.485436201095581055e-02
5.476280450820922852e-01 6.107547879219055176e-01 -3.666477510705590248e-03
5.675263404846191406e-01 5.637884140014648438e-01 1.263040862977504730e-02
6.027799248695373535e-01 5.302529335021972656e-01 4.381720721721649170e-02
5.848751664161682129e-01 5.628523230552673340e-01 6.750745698809623718e-03
6.025209426879882812e-01 5.481197237968444824e-01 6.428425014019012451e-02
5.646868348121643066e-01 5.332405567169189453e-01 -1.275946572422981262e-02
5.234469175338745117e-01 4.269510507583618164e-01 -2.572211623191833496e-02
5.220030546188354492e-01 4.699853062629699707e-01 -7.148815691471099854e-02
5.200439691543579102e-01 4.812050759792327881e-01 -2.452768012881278992e-02
5.260140895843505859e-01 4.475823640823364258e-01 -4.554004967212677002e-02
5.381399989128112793e-01 3.578966557979583740e-01 8.103650063276290894e-03
5.477805733680725098e-01 3.324399590492248535e-01 -7.845023064874112606e-04
5.808404088020324707e-01 3.394198715686798096e-01 -6.511778337880969048e-04
5.970464944839477539e-01 3.366809189319610596e-01 2.450412139296531677e-03
5.948126912117004395e-01 3.502534031867980957e-01 1.259407121688127518e-02
6.018067002296447754e-01 3.811028003692626953e-01 3.249953314661979675e-02
6.301323771476745605e-01 4.407273530960083008e-01 7.861291617155075073e-02
5.998802781105041504e-01 4.135709404945373535e-01 2.159634791314601898e-02
5.878744125366210938e-01 4.235686063766479492e-01 1.165557280182838440e-02
5.637141466140747070e-01 4.140818417072296143e-01 4.004704765975475311e-03
5.477495193481445312e-01 3.988077640533447266e-01 1.084292959421873093e-02
5.322210192680358887e-01 3.980882167816162109e-01 6.115435622632503510e-03
5.401907563209533691e-01 3.934651315212249756e-01 1.710036769509315491e-02
6.335947513580322266e-01 4.448672831058502197e-01 1.145941391587257385e-01
5.246046185493469238e-01 4.886823594570159912e-01 -2.766935154795646667e-02
5.204343199729919434e-01 4.124280214309692383e-01 -3.491626307368278503e-02
5.238245725631713867e-01 4.566687941551208496e-01 -5.158785358071327209e-02
5.009210705757141113e-01 4.714518785476684570e-01 -3.853726759552955627e-02
5.331032872200012207e-01 4.790655970573425293e-01 -5.064928531646728516e-02
5.328627824783325195e-01 4.806578457355499268e-01 -4.436417482793331146e-03
5.164107084274291992e-01 4.758653044700622559e-01 -4.893663898110389709e-02
5.008308291435241699e-01 4.801936745643615723e-01 -4.162503778934478760e-02
5.296849012374877930e-01 3.861732184886932373e-01 1.564835570752620697e-02
5.326996445655822754e-01 3.702638149261474609e-01 1.189310010522603989e-02
5.267417430877685547e-01 3.777764737606048584e-01 -1.879083551466464996e-02
5.799221992492675781e-01 3.827778398990631104e-01 2.148211561143398285e-02
5.876030325889587402e-01 3.605191409587860107e-01 2.645232155919075012e-02
4.508247077465057373e-01 3.690536022186279297e-01 1.540584117174148560e-02
4.532874226570129395e-01 3.652650713920593262e-01 4.888473078608512878e-03
4.406807124614715576e-01 3.390959203243255615e-01 2.796557359397411346e-02
4.245901703834533691e-01 3.545720577239990234e-01 1.662450656294822693e-02
4.443088769912719727e-01 3.770064413547515869e-01 8.356474339962005615e-03
5.670040249824523926e-01 3.702615499496459961e-01 3.998275846242904663e-03
5.796874761581420898e-01 3.821066915988922119e-01 2.013846486806869507e-02
5.721563696861267090e-01 3.660228550434112549e-01 1.676723361015319824e-02
5.443962216377258301e-01 3.710955977439880371e-01 1.825209707021713257e-02
5.694832205772399902e-01 3.917852938175201416e-01 1.701022312045097351e-02
