4.933648705482482910e-01 5.359079241752624512e-01 -4.578876122832298279e-02
4.952690601348876953e-01 4.771159291267395020e-01 -5.254911631345748901e-02
4.967048764228820801e-01 5.045167207717895508e-01 -4.290838539600372314e-02
4.907944202423095703e-01 4.285505414009094238e-01 -3.595007956027984619e-02
5.079260468482971191e-01 4.673649370670318604e-01 -6.335216015577316284e-02
5.051994323730468750e-01 4.373754262924194336e-01 -4.991810023784637451e-02
5.105614066123962402e-01 3.844248652458190918e-01 -3.129955753684043884e-02
4.238627254962921143e-01 3.749594688415527344e-01 9.135565720498561859e-03
5.006050467491149902e-01 3.453254103660583496e-01 -2.806239575147628784e-02
5.170634984970092773e-01 3.031163811683654785e-01 -1.661954447627067566e-02
5.206682682037353516e-01 2.506517767906188965e-01 -4.474943503737449646e-03
5.110319256782531738e-01 5.350270867347717285e-01 -3.193052113056182861e-02
4.938988089561462402e-01 5.456042885780334473e-01 -2.898044511675834656e-02
5.024770498275756836e-01 5.520976781845092773e-01 -2.139492891728878021e-02
4.953324496746063232e-01 5.669148564338684082e-01 -2.522239834070205688e-02
5.057719349861145020e-01 5.744511485099792480e-01 -2.138129808008670807e-02
4.875609576702117920e-01 5.741905570030212402e-01 -2.273700013756752014e-02
5.013445615768432617e-01 5.966806411743164062e-01 -2.203416451811790466e-02
4.939472675323486328e-01 6.201497316360473633e-01 -2.704942598938941956e-04
5.046394467353820801e-01 4.854589402675628662e-01 -5.341873317956924438e-02
4.888874590396881104e-01 4.885718226432800293e-01 -3.477461636066436768e-02
3.835512101650238037e-01 3.108641207218170166e-01 5.807597935199737549e-02
4.557138681411743164e-01 3.929753601551055908e-01 -2.429377753287553787e-03
4.487465620040893555e-01 3.909138739109039307e-01 -2.158519579097628593e-03
4.329133629798889160e-01 3.853254914283752441e-01 1.130234636366367340e-02
4.282735884189605713e-01 3.796703815460205078e-01 8.062680251896381378e-03
4.638263285160064697e-01 3.919019699096679688e-01 5.481737200170755386e-03
4.416502714157104492e-01 3.443169593811035156e-01 8.635996840894222260e-03
4.520457983016967773e-01 3.493272662162780762e-01 1.853127381764352322e-03
4.208385348320007324e-01 3.314760327339172363e-01 -3.211766015738248825e-03
4.199845790863037109e-01 3.551033437252044678e-01 2.309842966496944427e-03
3.940421342849731445e-01 3.955734074115753174e-01 2.536046318709850311e-02
4.469577074050903320e-01 6.315388679504394531e-01 3.923492971807718277e-03
4.161224961280822754e-01 3.690478205680847168e-01 5.359228234738111496e-03
3.797726035118103027e-01 3.737244009971618652e-01 6.324864178895950317e-02
4.004150032997131348e-01 3.758821487426757812e-01 4.059579595923423767e-02
4.468976259231567383e-01 4.622662365436553955e-01 -1.192929502576589584e-02
4.930346310138702393e-01 5.172472000122070312e-01 -2.974343113601207733e-02
4.872158765792846680e-01 5.349524021148681641e-01 -2.766440808773040771e-02
4.600725769996643066e-01 5.210805535316467285e-01 -3.365069627761840820e-02
4.549979269504547119e-01 5.362793803215026855e-01 -2.437511645257472992e-02
4.781896471977233887e-01 5.420806407928466797e-01 -1.768058910965919495e-02
4.732778072357177734e-01 5.419455170631408691e-01 -1.741538755595684052e-02
4.382181465625762939e-01 5.680204033851623535e-01 -1.468481868505477905e-02
4.953634142875671387e-01 4.758974909782409668e-01 -6.683102250099182129e-02
4.941019117832183838e-01 4.672398567199707031e-01 -5.931083485484123230e-02
4.056723117828369141e-01 3.308387994766235352e-01 1.917931064963340759e-02
4.628709554672241211e-01 4.299959242343902588e-01 -8.820489048957824707e-03
4.604631364345550537e-01 4.725314080715179443e-01 -3.537125885486602783e-02
4.681904613971710205e-01 4.535967409610748291e-01 -2.497760578989982605e-02
4.129321873188018799e-01 4.611180424690246582e-01 1.078213844448328018e-02
5.034445524215698242e-01 4.339755177497863770e-01 -5.300492048263549805e-02
4.336374998092651367e-01 2.958340346813201904e-01 -2.001417800784111023e-03
4.085852801799774170e-01 3.185724914073944092e-01 4.934104159474372864e-03
4.011802971363067627e-01 2.741912901401519775e-01 4.630121961236000061e-02
4.886801540851593018e-01 3.370330035686492920e-01 2.752973232418298721e-04
4.699785411357879639e-01 3.428608179092407227e-01 2.205874770879745483e-04
4.376010298728942871e-01 5.567173957824707031e-01 -4.378924611955881119e-03
3.689280450344085693e-01 5.294601321220397949e-01 7.503243535757064819e-02
4.743288159370422363e-01 4.696002602577209473e-01 -2.912430651485919952e-02
4.907298684120178223e-01 4.900799989700317383e-01 -7.413576357066631317e-03
4.434172511100769043e-01 5.468667745590209961e-01 1.391098834574222565e-03
4.556272625923156738e-01 5.549353361129760742e-01 -2.962662838399410248e-03
4.189384877681732178e-01 2.951373457908630371e-01 1.111042965203523636e-02
4.618330597877502441e-01 4.737865328788757324e-01 -2.757339179515838623e-02
4.680468440055847168e-01 3.245300948619842529e-01 -1.223057322204113007e-02
4.481473267078399658e-01 2.950059175491333008e-01 -1.230051089078187943e-02
4.615201056003570557e-01 2.440455704927444458e-01 1.155635807663202286e-02
4.098391830921173096e-01 2.910790145397186279e-01 2.212775684893131256e-02
4.569975137710571289e-01 2.867664098739624023e-01 -5.723078735172748566e-03
4.049825370311737061e-01 3.244533240795135498e-01 2.165702916681766510e-02
3.910590708255767822e-01 3.259007036685943604e-01 3.919611498713493347e-02
4.818494021892547607e-01 5.334423184394836426e-01 -4.238915443420410156e-02
4.788885414600372314e-01 5.392221212387084961e-01 -2.273661270737648010e-02
4.620924890041351318e-01 5.291864275932312012e-01 -1.927636936306953430e-02
4.872433245182037354e-01 4.914562106132507324e-01 -2.560495957732200623e-02
4.623677730560302734e-01 5.601461529731750488e-01 1.911973929964005947e-03
4.504274725914001465e-01 5.642918944358825684e-01 -1.292817387729883194e-02
4.608906209468841553e-01 5.479620099067687988e-01 -2.269462682306766510e-03
4.873688519001007080e-01 4.793507754802703857e-01 -4.143674299120903015e-02
4.861563742160797119e-01 5.440192222595214844e-01 -2.703634463250637054e-02
4.759840965270996094e-01 5.473684072494506836e-01 -1.170549169182777405e-02
4.882431328296661377e-01 5.408385992050170898e-01 -1.307871192693710327e-02
4.746073186397552490e-01 6.231359243392944336e-01 -5.193283781409263611e-03
4.801312983036041260e-01 5.946927070617675781e-01 -9.381527081131935120e-03
4.757653772830963135e-01 5.884438753128051758e-01 -2.506461553275585175e-02
4.831840395927429199e-01 5.704321265220642090e-01 -2.040844969451427460e-02
4.824451506137847900e-01 5.656853318214416504e-01 -1.132482197135686874e-02
4.774843752384185791e-01 5.605074167251586914e-01 -2.079891506582498550e-03
4.730499982833862305e-01 5.518673658370971680e-01 -8.149143308401107788e-03
4.708726406097412109e-01 5.754547715187072754e-01 -1.806448027491569519e-02
4.573234319686889648e-01 5.756114125251770020e-01 -2.030301094055175781e-02
4.464975595474243164e-01 5.264610052108764648e-01 -1.685818657279014587e-02
3.680755198001861572e-01 4.528535902500152588e-01 1.069992482662200928e-01
5.013747811317443848e-01 4.920195937156677246e-01 -3.774733096361160278e-02
4.590031504631042480e-01 5.511832833290100098e-01 2.899791346862912178e-03
4.667801856994628906e-01 5.562958121299743652e-01 -6.396129261702299118e-03
4.906361997127532959e-01 4.944049417972564697e-01 -3.761776909232139587e-02
4.554397761821746826e-01 4.958073496818542480e-01 -1.774878427386283875e-02
4.937327802181243896e-01 4.935307502746582031e-01 -4.287395626306533813e-02
4.626378118991851807e-01 4.374309480190277100e-01 -1.474217697978019714e-02
4.383297860622406006e-01 4.376350641250610352e-01 -1.884615048766136169e-04
4.591134786605834961e-01 4.780767261981964111e-01 -2.696492709219455719e-02
4.182883501052856445e-01 2.616994380950927734e-01 2.596715837717056274e-02
4.364621341228485107e-01 2.805611491203308105e-01 1.114644296467304230e-02
4.246732294559478760e-01 3.018268942832946777e-01 1.113023329526185989e-02
4.612194001674652100e-01 5.859532952308654785e-01 1.292017940431833267e-02
4.874767065048217773e-01 3.100687861442565918e-01 -1.216625422239303589e-02
4.676711559295654297e-01 2.830139398574829102e-01 -1.076708454638719559e-02
4.813295602798461914e-01 2.570507824420928955e-01 -4.414653405547142029e-03
4.226554334163665771e-01 3.882618248462677002e-01 1.505074556916952133e-02
3.985776603221893311e-01 4.036811590194702148e-01 2.947109937667846680e-02
4.651727974414825439e-01 3.857934176921844482e-01 6.754906382411718369e-03
4.021451771259307861e-01 3.591462671756744385e-01 1.260212995111942291e-02
4.802918434143066406e-01 4.151179194450378418e-01 1.058037858456373215e-03
4.793579578399658203e-01 4.684082567691802979e-01 -3.873623535037040710e-02
3.857630491256713867e-01 4.140199720859527588e-01 3.286491334438323975e-02
3.983439207077026367e-01 4.164877533912658691e-01 1.294489949941635132e-02
4.163562357425689697e-01 4.253670275211334229e-01 3.166646463796496391e-03
4.402497708797454834e-01 4.229511618614196777e-01 -5.718847969546914101e-04
4.516389966011047363e-01 4.168261587619781494e-01 -1.154420524835586548e-02
4.717862904071807861e-01 4.049767553806304932e-01 5.164414178580045700e-04
4.986713528633117676e-01 4.043504595756530762e-01 -1.024961471557617188e-02
3.903465867042541504e-01 4.429638683795928955e-01 3.417763113975524902e-02
3.916891217231750488e-01 3.497296273708343506e-01 1.626857370138168335e-02
5.087253451347351074e-01 4.828281998634338379e-01 -4.937265440821647644e-02
4.604195952415466309e-01 4.386488497257232666e-01 -1.175105199217796326e-02
3.669835329055786133e-01 3.775221407413482666e-01 1.033982560038566589e-01
4.835285544395446777e-01 3.872752189636230469e-01 -2.193016745150089264e-02
4.618443250656127930e-01 4.708984196186065674e-01 -2.144141681492328644e-02
4.129550457000732422e-01 3.679299950599670410e-01 1.068867743015289307e-02
4.694827795028686523e-01 4.465727806091308594e-01 -3.361900895833969116e-02
3.634684383869171143e-01 4.913883805274963379e-01 1.033911928534507751e-01
4.726920723915100098e-01 3.755624890327453613e-01 1.044711656868457794e-02
4.822017848491668701e-01 4.514486491680145264e-01 -4.549023509025573730e-02
4.044862985610961914e-01 5.801916718482971191e-01 2.752363681793212891e-02
4.000925719738006592e-01 5.980921387672424316e-01 3.921086341142654419e-02
3.774502873420715332e-01 4.484803080558776855e-01 7.329776883125305176e-02
3.863530158996582031e-01 5.565458536148071289e-01 4.404281079769134521e-02
3.846086561679840088e-01 3.548133373260498047e-01 6.042943522334098816e-02
4.437851905822753906e-01 6.442055702209472656e-01 -3.049642778933048248e-03
5.011193752288818359e-01 4.800251722335815430e-01 -4.322990775108337402e-02
4.654591679573059082e-01 4.568218290805816650e-01 -6.797019392251968384e-03
3.832890987396240234e-01 3.781684041023254395e-01 4.016351699829101562e-02
4.386722743511199951e-01 3.851800560951232910e-01 4.895875463262200356e-04
4.469160437583923340e-01 3.780980110168457031e-01 4.858839791268110275e-03
4.654822051525115967e-01 5.585128068923950195e-01 1.979116350412368774e-04
3.905956447124481201e-01 4.863412082195281982e-01 3.684499114751815796e-02
4.605590701103210449e-01 6.826002001762390137e-01 6.110104732215404510e-03
4.303221702575683594e-01 6.360225677490234375e-01 2.821484394371509552e-02
4.159508347511291504e-01 6.167863607406616211e-01 4.203139245510101318e-02
5.112109184265136719e-01 2.923797369003295898e-01 -5.199905484914779663e-03
4.820010364055633545e-01 6.844763755798339844e-01 8.821613155305385590e-03
4.518873095512390137e-01 3.900173306465148926e-01 5.262473598122596741e-03
4.670656323432922363e-01 3.816421627998352051e-01 5.899711977690458298e-03
4.769687652587890625e-01 3.833486139774322510e-01 3.823570208624005318e-03
3.886774778366088867e-01 3.466825485229492188e-01 3.119526430964469910e-02
4.667713046073913574e-01 3.735451698303222656e-01 8.075205609202384949e-03
4.409381151199340820e-01 3.717366456985473633e-01 1.120932772755622864e-02
4.386419057846069336e-01 3.625921607017517090e-01 1.667115837335586548e-03
4.288570284843444824e-01 3.730544149875640869e-01 1.413076650351285934e-02
4.251286685466766357e-01 3.722550868988037109e-01 7.208158727735280991e-03
3.797896504402160645e-01 3.406667709350585938e-01 7.449579983949661255e-02
4.220139086246490479e-01 3.743785321712493896e-01 2.373091131448745728e-02
5.053308010101318359e-01 5.136956572532653809e-01 -3.660925850272178650e-02
4.631084501743316650e-01 5.042266845703125000e-01 -2.674985863268375397e-02
4.718143343925476074e-01 4.852668344974517822e-01 -3.248719498515129089e-02
4.863472282886505127e-01 5.077267885208129883e-01 -3.461666405200958252e-02
5.080740451812744141e-01 3.668188750743865967e-01 -2.071041055023670197e-02
4.145072996616363525e-01 6.059042811393737793e-01 1.572678424417972565e-02
4.332128465175628662e-01 6.235976219177246094e-01 2.939157932996749878e-02
4.616585075855255127e-01 6.591107845306396484e-01 -1.723662205040454865e-02
3.858886659145355225e-01 5.740211606025695801e-01 8.541195094585418701e-02
4.716215431690216064e-01 3.750717937946319580e-01 8.853311650454998016e-03
4.748271107673645020e-01 4.194291234016418457e-01 -2.506085485219955444e-02
4.981980919837951660e-01 6.700084209442138672e-01 1.169232535175979137e-03
4.520671963691711426e-01 6.619703769683837891e-01 2.858942374587059021e-02
3.716874718666076660e-01 5.007748603820800781e-01 6.208537891507148743e-02
4.722964763641357422e-01 5.598070025444030762e-01 -1.887728832662105560e-02
4.717523753643035889e-01 5.724464654922485352e-01 -1.505191810429096222e-02
4.719115495681762695e-01 5.727140903472900391e-01 -2.425056695938110352e-02
4.692251086235046387e-01 5.957817435264587402e-01 -2.621386386454105377e-02
4.618142843246459961e-01 6.008299589157104492e-01 -1.687439531087875366e-02
4.634011387825012207e-01 5.406528711318969727e-01 -1.246334426105022430e-02
4.501139521598815918e-01 5.452628731727600098e-01 -1.115707308053970337e-02
4.529252052307128906e-01 5.423204302787780762e-01 -4.998220130801200867e-03
4.446319937705993652e-01 5.243037939071655273e-01 -1.398015674203634262e-02
4.028442800045013428e-01 4.950891137123107910e-01 1.843619532883167267e-02
4.941217303276062012e-01 3.903860449790954590e-01 -1.952493935823440552e-02
4.867588281631469727e-01 3.636296987533569336e-01 6.560001987963914871e-03
4.783410429954528809e-01 3.895674645900726318e-01 2.013043849729001522e-04
4.596376121044158936e-01 5.423528552055358887e-01 5.179787985980510712e-03
3.932468593120574951e-01 5.368928313255310059e-01 3.501312807202339172e-02
4.909226596355438232e-01 3.600297570228576660e-01 -6.629860028624534607e-03
4.505483508110046387e-01 6.008637547492980957e-01 -6.885151378810405731e-03
5.097083449363708496e-01 4.132538437843322754e-01 -5.463656410574913025e-02
4.874806702136993408e-01 4.102804660797119141e-01 -3.679944202303886414e-02
4.998649060726165771e-01 4.027258157730102539e-01 -4.256311431527137756e-02
4.723248779773712158e-01 4.424448311328887939e-01 -2.537467330694198608e-02
4.866079092025756836e-01 6.532336473464965820e-01 -1.321598514914512634e-02
4.963048696517944336e-01 6.310418844223022461e-01 -9.924711659550666809e-03
4.699730873107910156e-01 6.224532723426818848e-01 -6.187496706843376160e-03
4.316612184047698975e-01 5.770757198333740234e-01 -6.839465349912643433e-04
4.482241868972778320e-01 4.788814187049865723e-01 -9.742006659507751465e-03
4.402491152286529541e-01 6.004800796508789062e-01 4.101146943867206573e-03
4.205514788627624512e-01 4.854042530059814453e-01 -4.886907059699296951e-03
4.441569745540618896e-01 5.077199339866638184e-01 1.861021155491471291e-03
4.107114672660827637e-01 5.131068229675292969e-01 -5.294629372656345367e-03
4.740608930587768555e-01 6.545102596282958984e-01 -3.086916403844952583e-03
4.755448400974273682e-01 4.412884414196014404e-01 -1.828124746680259705e-02
4.282725453376770020e-01 5.859296321868896484e-01 1.235048938542604446e-02
4.357584118843078613e-01 6.243659257888793945e-01 9.641916491091251373e-03
4.224024415016174316e-01 5.449728965759277344e-01 5.180417560040950775e-03
3.829947113990783691e-01 5.055652856826782227e-01 4.485809057950973511e-02
4.083706140518188477e-01 5.551549196243286133e-01 1.977524161338806152e-02
3.691720664501190186e-01 5.320180654525756836e-01 5.758199840784072876e-02
4.337761700153350830e-01 5.211995840072631836e-01 -2.698730211704969406e-03
4.799961745738983154e-01 4.320534169673919678e-01 -1.878059841692447662e-02
4.676601588726043701e-01 4.729500710964202881e-01 -4.643559828400611877e-02
4.786553978919982910e-01 4.784117341041564941e-01 -3.667961806058883667e-02
5.014961361885070801e-01 4.616176187992095947e-01 -4.736755788326263428e-02
4.787822961807250977e-01 3.563468456268310547e-01 -3.597694449126720428e-03
4.714473783969879150e-01 3.410732448101043701e-01 -1.163815520703792572e-02
4.412297904491424561e-01 3.235674500465393066e-01 -7.468425203114748001e-03
4.414282441139221191e-01 3.363793492317199707e-01 -1.185877528041601181e-02
4.132336378097534180e-01 3.416189551353454590e-01 8.753394708037376404e-03
3.938298225402832031e-01 3.778612911701202393e-01 1.425904221832752228e-02
3.731600642204284668e-01 4.196548461914062500e-01 6.453295797109603882e-02
4.113522768020629883e-01 4.015066325664520264e-01 1.634660549461841583e-02
4.254483282566070557e-01 4.019690155982971191e-01 2.453907392919063568e-03
4.430966973304748535e-01 4.118596315383911133e-01 2.481142990291118622e-03
4.597916007041931152e-01 3.970897793769836426e-01 8.587658405303955078e-03
4.631289541721343994e-01 4.002476334571838379e-01 3.899991977959871292e-03
4.807661473751068115e-01 3.919562995433807373e-01 -2.144985832273960114e-03
3.644835650920867920e-01 4.118761718273162842e-01 1.061655506491661072e-01
4.645528793334960938e-01 4.819095730781555176e-01 -3.195503354072570801e-02
4.843405485153198242e-01 4.356589019298553467e-01 -3.202805295586585999e-02
4.817792475223541260e-01 4.802256226539611816e-01 -5.241894349455833435e-02
4.931006729602813721e-01 4.898951649665832520e-01 -5.194336920976638794e-02
4.803904592990875244e-01 4.751810729503631592e-01 -5.137977749109268188e-02
4.636525809764862061e-01 4.835404157638549805e-01 -3.012408316135406494e-02
4.924578964710235596e-01 4.748186469078063965e-01 -5.827551707625389099e-02
4.985424280166625977e-01 4.876795113086700439e-01 -3.970077633857727051e-02
4.777736365795135498e-01 3.786029815673828125e-01 9.048202075064182281e-03
4.847807586193084717e-01 3.832141757011413574e-01 3.080231836065649986e-03
4.910735785961151123e-01 3.839656710624694824e-01 -1.516867312602698803e-03
4.283559024333953857e-01 3.596752583980560303e-01 9.690912440419197083e-03
4.338189065456390381e-01 3.496813774108886719e-01 1.595058105885982513e-02
5.075217485427856445e-01 4.270063638687133789e-01 -3.772217035293579102e-02
5.946936607360839844e-01 4.003111720085144043e-01 2.350839786231517792e-02
5.032359361648559570e-01 4.870035648345947266e-01 -2.779818326234817505e-02
6.168462038040161133e-01 3.436251878738403320e-01 8.715549856424331665e-02
5.610975623130798340e-01 3.990683853626251221e-01 1.381279621273279190e-02
5.657606124877929688e-01 4.015894532203674316e-01 -2.333113923668861389e-03
5.835506319999694824e-01 3.991120755672454834e-01 3.531966824084520340e-03
5.986697673797607422e-01 4.022077918052673340e-01 2.515142597258090973e-02
5.455638170242309570e-01 3.900125622749328613e-01 1.929082721471786499e-02
5.768167376518249512e-01 3.590417802333831787e-01 1.528698299080133438e-02
5.572037100791931152e-01 3.596763312816619873e-01 2.168738748878240585e-03
5.894221067428588867e-01 3.507302105426788330e-01 1.186449546366930008e-02
5.904785990715026855e-01 3.640708625316619873e-01 2.621553093194961548e-02
6.054072976112365723e-01 4.066741168498992920e-01 2.560852095484733582e-02
5.421576499938964844e-01 6.437958478927612305e-01 -1.442121341824531555e-03
5.861082673072814941e-01 3.892595767974853516e-01 2.032164297997951508e-02
6.277163624763488770e-01 4.089316725730895996e-01 7.685878127813339233e-02
6.050226688385009766e-01 3.994995355606079102e-01 4.048313573002815247e-02
5.619689822196960449e-01 4.702225625514984131e-01 -2.361412625759840012e-03
5.233426690101623535e-01 5.313664674758911133e-01 -2.235974371433258057e-02
5.114839076995849609e-01 5.575336813926696777e-01 -2.962571941316127777e-02
5.331655144691467285e-01 5.258810520172119141e-01 -2.691937610507011414e-02
5.266076326370239258e-01 5.507071018218994141e-01 -1.805145293474197388e-02
5.222552418708801270e-01 5.481035709381103516e-01 -2.657851204276084900e-02
5.401545166969299316e-01 5.508766174316406250e-01 -2.711582742631435394e-02
5.354171991348266602e-01 5.804362297058105469e-01 -1.034837868064641953e-02
5.162994265556335449e-01 4.765044450759887695e-01 -5.875864997506141663e-02
5.080862045288085938e-01 4.702196121215820312e-01 -6.765789538621902466e-02
6.000713109970092773e-01 3.472110331058502197e-01 2.138818427920341492e-02
5.319660305976867676e-01 4.327034950256347656e-01 -5.533574149012565613e-03
5.312080979347229004e-01 4.720843136310577393e-01 -2.953252196311950684e-02
5.461987257003784180e-01 4.744675755500793457e-01 -3.493291884660720825e-02
5.920394062995910645e-01 4.676379561424255371e-01 2.183655463159084320e-02
5.146659612655639648e-01 4.360342323780059814e-01 -6.280367821455001831e-02
5.880639553070068359e-01 3.269981145858764648e-01 1.154009532183408737e-02
5.903237462043762207e-01 3.449420928955078125e-01 1.460853032767772675e-02
6.221078634262084961e-01 3.133307695388793945e-01 5.264953523874282837e-02
5.304476022720336914e-01 3.426040112972259521e-01 -1.456368900835514069e-02
5.438053607940673828e-01 3.578380048274993896e-01 4.120821133255958557e-03
5.479388236999511719e-01 5.602453947067260742e-01 1.734724640846252441e-02
6.026343703269958496e-01 5.649123191833496094e-01 9.118521213531494141e-02
5.366050601005554199e-01 4.919264018535614014e-01 -2.314418926835060120e-02
5.127131938934326172e-01 4.852189123630523682e-01 -3.292002528905868530e-02
5.438317656517028809e-01 5.587155222892761230e-01 1.082289405167102814e-02
5.426722168922424316e-01 5.642480254173278809e-01 5.075127352029085159e-03
6.099319458007812500e-01 3.244537413120269775e-01 9.992294013500213623e-03
5.375172495841979980e-01 4.964113831520080566e-01 -3.334131464362144470e-02
5.577188134193420410e-01 3.333975970745086670e-01 -8.728393353521823883e-03
5.743922591209411621e-01 3.072215616703033447e-01 -9.585400111973285675e-03
5.698196291923522949e-01 2.585067451000213623e-01 1.334496214985847473e-02
6.190193891525268555e-01 3.255168497562408447e-01 2.307554520666599274e-02
5.726842880249023438e-01 2.924821972846984863e-01 9.465292096138000488e-04
6.101668477058410645e-01 3.425820171833038330e-01 3.578279539942741394e-02
6.129478216171264648e-01 3.499122262001037598e-01 4.814480990171432495e-02
5.178605318069458008e-01 5.361527800559997559e-01 -2.868173271417617798e-02
5.299420952796936035e-01 5.387216210365295410e-01 -3.055496141314506531e-02
5.349731445312500000e-01 5.402073264122009277e-01 -1.840716786682605743e-02
5.318446755409240723e-01 4.896746277809143066e-01 -3.519837185740470886e-02
5.376697182655334473e-01 5.604909658432006836e-01 1.063422299921512604e-02
5.295599102973937988e-01 5.692924261093139648e-01 2.808460732921957970e-03
5.313079953193664551e-01 5.512640476226806641e-01 -2.238580491393804550e-03
5.251733660697937012e-01 4.860099852085113525e-01 -5.035023391246795654e-02
5.365455746650695801e-01 5.407668948173522949e-01 -8.789591491222381592e-03
5.231382846832275391e-01 5.370708703994750977e-01 -2.498851343989372253e-02
5.081276297569274902e-01 5.442079901695251465e-01 -3.962504118680953979e-02
5.141407251358032227e-01 6.167755722999572754e-01 3.804848529398441315e-04
5.053523182868957520e-01 5.936064124107360840e-01 -1.824872381985187531e-02
5.126190781593322754e-01 5.831095576286315918e-01 -2.787225693464279175e-02
5.016866922378540039e-01 5.761050581932067871e-01 -3.486168012022972107e-02
5.081975460052490234e-01 5.696034431457519531e-01 -2.554378844797611237e-02
5.249798893928527832e-01 5.654103755950927734e-01 -1.212890818715095520e-02
5.269728302955627441e-01 5.537801384925842285e-01 -6.736360490322113037e-03
5.320296883583068848e-01 5.755485296249389648e-01 -1.393287442624568939e-03
5.323773026466369629e-01 5.797372460365295410e-01 -9.039243683218955994e-03
5.455405116081237793e-01 5.351988673210144043e-01 -1.210618577897548676e-02
6.300068497657775879e-01 4.825865030288696289e-01 1.185002252459526062e-01
5.318423509597778320e-01 5.569187402725219727e-01 -3.406260802876204252e-04
5.370631814002990723e-01 5.696893334388732910e-01 -5.809600115753710270e-04
5.124100446701049805e-01 4.991416633129119873e-01 -2.196499332785606384e-02
5.315415263175964355e-01 4.977444708347320557e-01 -1.580480672419071198e-02
5.181007981300354004e-01 4.890349507331848145e-01 -1.753081195056438446e-02
5.602084398269653320e-01 4.373158216476440430e-01 -7.265477906912565231e-04
5.594760179519653320e-01 4.494795203208923340e-01 3.073450177907943726e-03
5.364273786544799805e-01 4.817228317260742188e-01 -1.919151470065116882e-02
6.028534173965454102e-01 2.759731411933898926e-01 2.004983276128768921e-02
5.968980193138122559e-01 2.939279377460479736e-01 2.238227613270282745e-02
5.852194428443908691e-01 3.160023689270019531e-01 3.708796575665473938e-03
5.474114418029785156e-01 5.989154577255249023e-01 7.249100599437952042e-03
5.337871909141540527e-01 3.231850564479827881e-01 -1.626741327345371246e-02
5.439820885658264160e-01 2.836999297142028809e-01 -1.772697269916534424e-02
5.563842654228210449e-01 2.556107640266418457e-01 5.414581391960382462e-03
5.883676409721374512e-01 4.088517427444458008e-01 1.499992329627275467e-02
6.055322289466857910e-01 4.239853024482727051e-01 2.878912538290023804e-02
5.403215885162353516e-01 3.848627805709838867e-01 1.980353519320487976e-02
5.917046666145324707e-01 3.753363192081451416e-01 2.927787229418754578e-02
5.214572548866271973e-01 4.150770306587219238e-01 -4.444690421223640442e-05
5.339152812957763672e-01 4.748396575450897217e-01 -3.639850392937660217e-02
6.205953955650329590e-01 4.346592128276824951e-01 4.879631847143173218e-02
5.943709611892700195e-01 4.322983622550964355e-01 5.165820475667715073e-03
5.803307294845581055e-01 4.331128895282745361e-01 2.845125831663608551e-02
5.683925747871398926e-01 4.402704536914825439e-01 2.737709321081638336e-03
5.491050481796264648e-01 4.236105084419250488e-01 2.561933360993862152e-03
5.426231622695922852e-01 4.082098305225372314e-01 2.805908443406224251e-03
5.162739753723144531e-01 3.953824043273925781e-01 -2.706903219223022461e-02
6.169258952140808105e-01 4.732080996036529541e-01 4.675732553005218506e-02
6.168246865272521973e-01 3.832471370697021484e-01 1.947346702218055725e-02
5.095583796501159668e-01 4.884457290172576904e-01 -5.144891515374183655e-02
5.240609049797058105e-01 4.468508660793304443e-01 -1.417766045778989792e-02
6.133626103401184082e-01 4.016920030117034912e-01 1.013308688998222351e-01
5.305576920509338379e-01 3.933409750461578369e-01 -4.473815206438302994e-04
5.396278500556945801e-01 4.838859438896179199e-01 -8.381201885640621185e-03
5.986638069152832031e-01 3.948673903942108154e-01 2.371723949909210205e-02
5.258617401123046875e-01 4.657292366027832031e-01 -3.750736266374588013e-02
6.235128045082092285e-01 5.283408164978027344e-01 1.206010282039642334e-01
5.321761369705200195e-01 3.934986591339111328e-01 6.707838736474514008e-03
5.282455086708068848e-01 4.498364627361297607e-01 -5.187628045678138733e-02
5.726761221885681152e-01 6.003045439720153809e-01 4.610789194703102112e-02
5.887141823768615723e-01 6.281747817993164062e-01 5.918325111269950867e-02
6.228349208831787109e-01 4.744671881198883057e-01 7.553271949291229248e-02
6.033701896667480469e-01 5.744476318359375000e-01 6.287915259599685669e-02
6.237393021583557129e-01 3.642545342445373535e-01 7.011356949806213379e-02
5.388088226318359375e-01 6.511837244033813477e-01 1.581272855401039124e-02
5.032254457473754883e-01 4.940605461597442627e-01 -4.802523553371429443e-02
5.382097363471984863e-01 4.649542868137359619e-01 -1.302116736769676208e-02
6.214740276336669922e-01 4.071541726589202881e-01 6.231879815459251404e-02
5.821285247802734375e-01 3.995877206325531006e-01 1.921156980097293854e-02
5.674469470977783203e-01 3.942723870277404785e-01 1.561892218887805939e-03
5.275697112083435059e-01 5.587210655212402344e-01 1.615185989066958427e-03
6.110915541648864746e-01 4.930453598499298096e-01 3.231994062662124634e-02
4.989394247531890869e-01 6.769165992736816406e-01 5.014573223888874054e-03
5.456981062889099121e-01 6.638146638870239258e-01 3.399001806974411011e-02
5.633341073989868164e-01 6.383025646209716797e-01 4.210578650236129761e-02
5.487812161445617676e-01 4.025266766548156738e-01 5.934823304414749146e-03
5.522274374961853027e-01 3.873732984066009521e-01 3.989340737462043762e-03
5.510729551315307617e-01 3.776846826076507568e-01 3.141851630061864853e-03
6.151828765869140625e-01 3.581906855106353760e-01 4.058075323700904846e-02
5.435635447502136230e-01 3.922023177146911621e-01 8.988771587610244751e-03
5.573374032974243164e-01 3.662001192569732666e-01 8.609876967966556549e-04
5.636391043663024902e-01 3.741731047630310059e-01 5.970730911940336227e-03
5.812441706657409668e-01 3.751355409622192383e-01 1.581713743507862091e-02
5.774426460266113281e-01 3.864726126194000244e-01 1.827886514365673065e-02
6.312869787216186523e-01 3.644758760929107666e-01 9.728264063596725464e-02
5.703644752502441406e-01 3.947620987892150879e-01 1.544182375073432922e-02
5.516935586929321289e-01 5.139669179916381836e-01 -1.651238650083541870e-02
5.432979464530944824e-01 4.852924048900604248e-01 -2.366729825735092163e-02
5.139526128768920898e-01 5.176991820335388184e-01 -3.510683029890060425e-02
5.709778070449829102e-01 6.213070750236511230e-01 2.722489088773727417e-02
5.495643615722656250e-01 6.307923793792724609e-01 2.643080055713653564e-02
5.139474868774414062e-01 6.695806384086608887e-01 -2.682805061340332031e-04
5.893063545227050781e-01 5.970782041549682617e-01 9.708176553249359131e-02
5.456495881080627441e-01 3.804446160793304443e-01 2.652818104252219200e-03
5.310330986976623535e-01 4.235739111900329590e-01 -2.233285829424858093e-02
5.312845706939697266e-01 6.633365750312805176e-01 2.206270769238471985e-02
6.164610385894775391e-01 5.156210660934448242e-01 6.660345196723937988e-02
5.090395808219909668e-01 5.667694807052612305e-01 -1.041687838733196259e-02
5.206365585327148438e-01 5.784559845924377441e-01 -1.271012891083955765e-02
5.161502957344055176e-01 5.798724889755249023e-01 -9.474372491240501404e-03
5.240965485572814941e-01 5.950650572776794434e-01 -8.818089030683040619e-03
5.315668582916259766e-01 6.065481901168823242e-01 -1.379124820232391357e-02
5.433480739593505859e-01 5.523740053176879883e-01 -3.885832149535417557e-03
5.300500988960266113e-01 5.523128509521484375e-01 1.042315270751714706e-03
5.439292192459106445e-01 5.521873235702514648e-01 3.324155695736408234e-04
5.569666624069213867e-01 5.411128997802734375e-01 2.425582846626639366e-03
5.945207476615905762e-01 5.053660273551940918e-01 2.244885079562664032e-02
5.174041390419006348e-01 4.121814370155334473e-01 -4.428854677826166153e-03
5.421477556228637695e-01 3.766350746154785156e-01 9.171692654490470886e-03
5.393996238708496094e-01 3.731963634490966797e-01 5.998658016324043274e-03
5.275747776031494141e-01 5.605041980743408203e-01 -1.028934121131896973e-02
5.984895229339599609e-01 5.520848035812377930e-01 2.930580079555511475e-02
5.194947719573974609e-01 3.617846071720123291e-01 -1.023956760764122009e-02
5.338929295539855957e-01 6.164956688880920410e-01 -4.966657143086194992e-03
5.122215151786804199e-01 4.110852479934692383e-01 -2.605674788355827332e-02
5.315725803375244141e-01 4.445305466651916504e-01 -1.788103580474853516e-02
5.214126110076904297e-01 6.314983963966369629e-01 -1.217626221477985382e-02
5.591905117034912109e-01 5.835030674934387207e-01 1.660822331905364990e-02
5.581023693084716797e-01 4.890769422054290771e-01 6.038041319698095322e-04
5.460222959518432617e-01 5.987464785575866699e-01 -1.074758474715054035e-03
5.752280950546264648e-01 4.937746226787567139e-01 5.032476037740707397e-03
5.648277401924133301e-01 5.142036080360412598e-01 7.856336422264575958e-03
5.769677758216857910e-01 5.105323195457458496e-01 -4.527762532234191895e-03
5.106915831565856934e-01 6.481844782829284668e-01 -9.962106123566627502e-03
5.318839550018310547e-01 4.530846476554870605e-01 -2.918218262493610382e-02
5.686763525009155273e-01 5.994622707366943359e-01 3.341751545667648315e-02
5.480414628982543945e-01 6.158109903335571289e-01 4.750503227114677429e-03
5.689658522605895996e-01 5.659874677658081055e-01 1.328407041728496552e-02
6.056076884269714355e-01 5.322644114494323730e-01 5.049881711602210999e-02
5.865004658699035645e-01 5.645178556442260742e-01 1.531400810927152634e-02
6.011056303977966309e-01 5.450779795646667480e-01 6.848820298910140991e-02
5.699998140335083008e-01 5.379918217658996582e-01 -1.249983161687850952e-02
5.281677246093750000e-01 4.351852536201477051e-01 -2.660720050334930420e-02
5.267665386199951172e-01 4.755178093910217285e-01 -6.556070595979690552e-02
5.236733555793762207e-01 4.857344627380371094e-01 -2.385157346725463867e-02
5.311771035194396973e-01 4.588433504104614258e-01 -4.628772288560867310e-02
5.433411598205566406e-01 3.619520664215087891e-01 4.764948971569538116e-03
5.502445101737976074e-01 3.378600776195526123e-01 4.487304948270320892e-03
5.800616741180419922e-01 3.483418226242065430e-01 -3.739909268915653229e-03
5.977215766906738281e-01 3.470381498336791992e-01 2.551810815930366516e-03
5.984929203987121582e-01 3.577370047569274902e-01 9.070173837244510651e-03
6.022931337356567383e-01 3.865785896778106689e-01 3.099717386066913605e-02
6.252437233924865723e-01 4.390870630741119385e-01 8.139344304800033569e-02
5.990791320800781250e-01 4.109812974929809570e-01 2.058658190071582794e-02
5.907247066497802734e-01 4.268716275691986084e-01 1.732358336448669434e-02
5.659222602844238281e-01 4.177193343639373779e-01 4.400045610964298248e-03
5.498813986778259277e-01 4.092698991298675537e-01 9.152333252131938934e-03
5.323657393455505371e-01 3.948342204093933105e-01 3.038633847609162331e-03
5.409141778945922852e-01 4.008932113647460938e-01 1.193762756884098053e-02
6.307216882705688477e-01 4.443461298942565918e-01 1.140938773751258850e-01
5.334759354591369629e-01 4.920931756496429443e-01 -2.753326296806335449e-02
5.177531838417053223e-01 4.218835830688476562e-01 -3.459132090210914612e-02
5.233880281448364258e-01 4.699033498764038086e-01 -5.489471182227134705e-02
5.097817182540893555e-01 4.807713031768798828e-01 -4.525067284703254700e-02
5.292049050331115723e-01 4.849970340728759766e-01 -5.127230286598205566e-02
5.343787074089050293e-01 4.908251166343688965e-01 -3.435111604630947113e-03
5.199844241142272949e-01 4.880360364913940430e-01 -5.223345384001731873e-02
5.099661946296691895e-01 4.867694377899169922e-01 -4.410728067159652710e-02
5.344129204750061035e-01 3.883792459964752197e-01 1.332699973136186600e-02
5.369749665260314941e-01 3.761591911315917969e-01 6.745927967131137848e-03
5.243903994560241699e-01 3.834572434425354004e-01 -1.576189137995243073e-02
5.818395614624023438e-01 3.915906548500061035e-01 2.315819077193737030e-02
5.915001034736633301e-01 3.720516264438629150e-01 2.598043531179428101e-02
4.532764852046966553e-01 3.682169318199157715e-01 7.473576348274946213e-03
4.546536207199096680e-01 3.681518733501434326e-01 1.615522429347038269e-03
4.430502355098724365e-01 3.468995094299316406e-01 2.009662054479122162e-02
4.296658039093017578e-01 3.630808889865875244e-01 1.083716750144958496e-02
4.463803768157958984e-01 3.790509402751922607e-01 1.059653609991073608e-02
5.685147643089294434e-01 3.775207102298736572e-01 9.424541145563125610e-03
5.809735655784606934e-01 3.879192471504211426e-01 1.874460279941558838e-02
5.754007697105407715e-01 3.707876801490783691e-01 1.603118889033794403e-02
5.440485477447509766e-01 3.765829205513000488e-01 1.687978208065032959e-02
5.714355111122131348e-01 3.957554996013641357e-01 1.836885884404182434e-02
