-2.042822698142605919e-02 -3.220824693467011501e-01 -5.855167085013335271e-01
2.644194826979973101e-02 -5.588176180952042493e-01 -2.426300463100689031e-01
2.890443903661790714e-02 -3.523816651335176520e-01 -3.179041443022034841e-01
-3.938324975939253014e-02 -5.067966939659823700e-01 1.547974580363892239e-01
2.620342894135825607e-02 -5.989435028511025383e-01 -1.312488415848259149e-01
2.497778356928413018e-02 -5.880552760364643472e-01 2.702458083621558926e-02
2.761139475912444130e-02 -4.322776939400246876e-01 4.300310901381859674e-01
-5.184280754834258431e-01 -1.367288427916327209e-01 5.417319005106705498e-01
2.816008456262217297e-02 -4.137333866605907851e-01 7.363161033588516702e-01
2.700102920672586143e-02 -4.464765869281417388e-01 8.840717575617662582e-01
2.535606917794898385e-02 -4.327515603526516097e-01 1.403752390526478155e+00
-1.913719495758384181e-02 -3.077474275499759715e-01 -6.178360379120144685e-01
-1.673891320899067309e-02 -2.798531177860419383e-01 -6.470557225820784408e-01
-1.287719955065337596e-02 -2.401883335488690374e-01 -6.652247144016915081e-01
-1.741532225321495986e-02 -2.331279902081204725e-01 -7.439345606152376611e-01
-1.836974689721644627e-02 -2.371290273604557131e-01 -7.911475454241674310e-01
-2.060058378264001400e-02 -2.481011928659254684e-01 -8.439950055865181877e-01
-2.031951790860836438e-02 -2.345279530974966331e-01 -8.939210114765181459e-01
1.542188598070109995e-02 -1.590880123383788813e-01 -9.698873157259393363e-01
2.518248596056038568e-02 -5.125166947371556647e-01 -2.912839565547317711e-01
-4.862790979613215714e-02 -4.065049097815232049e-01 -2.688865735863985029e-01
-8.043338644329345311e-01 1.662930566543951993e-01 1.030696321413882011e+00
-3.079961772696038214e-01 -2.058239197056216385e-01 4.212728038880201309e-01
-3.868705692440255195e-01 -1.974093565429829722e-01 4.138446486954744374e-01
-4.603150912782150161e-01 -1.756323606497312007e-01 4.273614420097847644e-01
-5.500742395778324134e-01 -1.206707977638932228e-01 5.119233070446275180e-01
-2.384923598464322447e-01 -2.005456306219766116e-01 4.491776368714465173e-01
-4.192943398791404430e-01 -2.678398307982315929e-01 7.623835565563497063e-01
-3.292154004377700893e-01 -2.670348580022319229e-01 7.454266647693592596e-01
-4.989771389880726105e-01 -2.391773477001440940e-01 7.450498571304624562e-01
-5.494740618098714613e-01 -2.024192611097419547e-01 7.021265271984999945e-01
-6.162788145219399993e-01 -7.172535647776395740e-02 4.479469489966790841e-01
-2.681425688864245704e-01 -3.147544315982533925e-02 -1.082125345281672146e+00
-5.436523157700912101e-01 -1.168525082073693100e-01 5.844183741306802071e-01
-8.298117396563553516e-01 2.574046836104970648e-01 5.595426065511116542e-01
-7.004839505818927226e-01 -4.706529907574015167e-03 5.466191890897035277e-01
-3.603748283878671632e-01 -2.157279735558598199e-01 -5.392674246613660127e-02
-1.068943674741492100e-01 -3.124760769311863973e-01 -5.597062604771920746e-01
-9.261479867818209200e-02 -2.672716547960235500e-01 -6.367342574229798435e-01
-1.841347667754449358e-01 -2.613399265196715282e-01 -5.781648531714231876e-01
-2.376649439841265754e-01 -1.999514513943334570e-01 -5.971627540694723901e-01
-1.562733037784296841e-01 -2.335628414522096241e-01 -6.315680980195235161e-01
-2.073041714987173267e-01 -1.775497323160705188e-01 -6.304898632021177507e-01
-3.470624173627216980e-01 -6.434416626662919914e-02 -7.355685645303389197e-01
-3.907067472840364264e-02 -5.505451278954087702e-01 -2.346028994275389801e-01
-5.061356380290510382e-02 -5.877422451189379116e-01 -1.261110510213039881e-01
-6.519679542131229244e-01 -1.914697584658847651e-01 8.105704031343270444e-01
-2.023933589671841893e-01 -2.649913904373746298e-01 2.173877754344638591e-01
-2.170419333946257967e-01 -3.661783982375654833e-01 -1.618775561807780927e-01
-2.231042096584229251e-01 -3.514287019256201461e-01 -9.613678721603513555e-02
-5.866722136917679187e-01 -1.188783181179950410e-01 -9.114521501962652428e-03
-4.568916018949056856e-02 -5.628919139187693599e-01 2.202919679241369111e-02
-4.763115893447478211e-01 -3.343250092741373303e-01 9.130273524140175567e-01
-5.801892671113295652e-01 -2.705177833652261388e-01 8.830852492271832332e-01
-7.275372111066147340e-01 -4.736277164804660045e-03 1.197194145248985375e+00
-1.380293725592748877e-01 -3.921528349301567351e-01 7.813435348192832031e-01
-2.494294627207188642e-01 -2.409449113543232768e-01 6.908372985208144357e-01
-4.108448017216950188e-01 -5.396411267293482750e-02 -6.123254268034923342e-01
-7.343917169629898822e-01 5.877140515440182345e-01 -4.429440263359335495e-01
-1.591110775422119317e-01 -3.295507776575085090e-01 -2.255928986481203768e-01
-9.871827724626636158e-02 -3.304909222105201216e-01 -2.614551175586657394e-01
-3.025398159939638454e-01 -6.651794166577779110e-02 -6.345932149077115891e-01
-2.852408344848942900e-01 -8.724565568683895211e-02 -6.436305086056994806e-01
-6.184303010706948545e-01 -2.435898942716141491e-01 9.616244714735056043e-01
-2.216896237012905280e-01 -3.177509908348497003e-01 -2.029427911148345975e-01
-3.332434818506890828e-01 -3.767090484582724663e-01 8.901670938525962917e-01
-3.450409768992601656e-01 -4.029937763261409733e-01 9.778508254673412559e-01
-4.178851765617619396e-01 -3.241122264672441355e-01 1.390018796180176874e+00
-6.717856780614295253e-01 -1.417315171720531786e-01 1.064673859093145936e+00
-3.723300861023448594e-01 -3.675688999456311334e-01 1.173897392034706222e+00
-6.938083195355326804e-01 -1.336170248179291420e-01 8.745753416172941108e-01
-7.481097664086633348e-01 8.776456140193664157e-03 9.322909630849407492e-01
-1.020021433870572647e-01 -2.977006230963602507e-01 -6.041518516167585506e-01
-1.707169089150438190e-01 -2.502948460205277059e-01 -6.070955570622609265e-01
-2.234787116629596837e-01 -1.946761960740108766e-01 -6.144991252780808155e-01
-1.414966213262455752e-01 -3.101999493627466409e-01 -2.440987168373925931e-01
-2.935958469803359727e-01 -7.711436696243831324e-02 -6.391697458333081006e-01
-2.603779683964687064e-01 -1.245920303551085184e-01 -6.898723135148203678e-01
-2.752162458266566025e-01 -9.040200939750209219e-02 -6.473294755915182108e-01
-1.240119662859877347e-01 -4.415098711817522226e-01 -2.086340165330149987e-01
-1.947918891708219080e-01 -1.626808210668237442e-01 -6.427291027450873218e-01
-1.432066422465336220e-01 -2.002059448414618137e-01 -6.473046941957081302e-01
-8.276476418800438051e-02 -2.309895146779266106e-01 -6.560297396509058299e-01
-8.772638629809656474e-02 -1.523669354689290989e-01 -9.599941657807928852e-01
-1.093154461487121365e-01 -2.294327435104606128e-01 -8.781932629065809515e-01
-1.058491377203082395e-01 -2.427507268735216162e-01 -8.272644801494086764e-01
-9.693001604247747371e-02 -2.303079707401622933e-01 -7.738993579566901815e-01
-8.696903623858154297e-02 -2.261614403496255976e-01 -7.297230686835043389e-01
-1.938142320784532746e-01 -1.646025590536406291e-01 -6.928767920301144301e-01
-2.093318196455873359e-01 -1.725272610926115169e-01 -7.128787034905994524e-01
-2.249766489629058674e-01 -1.807088066360371670e-01 -7.382912878173484295e-01
-2.358626153688410665e-01 -1.641188727113949142e-01 -7.660335762209702359e-01
-3.105899495390481158e-01 -1.897508715870138141e-01 -4.563793495964905134e-01
-8.214293508229231211e-01 6.240315987290134814e-01 1.275388842190014471e-01
2.945390263322116703e-02 -4.085766216048680732e-01 -3.011172154219754482e-01
-2.306653627962251263e-01 -1.233548910335288684e-01 -6.720753202548725991e-01
-2.455505701848347266e-01 -1.278344410824462929e-01 -6.807580082299475865e-01
-7.370686128790313041e-02 -3.308911319121071726e-01 -3.051778578802175068e-01
-1.945010110453160301e-01 -2.544929274829563215e-01 -2.612285078918924475e-01
-8.580665341444637662e-02 -3.320554049487145498e-01 -2.838678101136929421e-01
-2.824388784492543047e-01 -2.297738396501219915e-01 1.618985292464736325e-01
-4.083060472855770673e-01 -1.958892098653081115e-01 9.842320504143242665e-02
-2.357325434946197507e-01 -3.021471734273273313e-01 -1.376325337064018828e-01
-6.055761142887483572e-01 -1.768145684179434074e-01 1.320881006940393121e+00
-5.522298473328002277e-01 -2.637517026877711501e-01 1.150861809758176868e+00
-5.005544764396852031e-01 -3.322653822428134340e-01 1.001906233830520687e+00
-2.740936628239368789e-01 -1.000916147772036302e-01 -8.307462643185636875e-01
-1.597325482500103200e-01 -4.387010276341019033e-01 9.292131367588929436e-01
-1.857690095944797282e-01 -4.251351736108543999e-01 1.159409046840127466e+00
-2.150411962310291858e-01 -4.082760420122721889e-01 1.412366000719016412e+00
-5.193339455297796281e-01 -1.451049413629504348e-01 4.591409099527116178e-01
-7.023254790423150151e-01 -1.736634516979529419e-02 3.767213036241162660e-01
-1.922574149656036679e-01 -1.948993973555640524e-01 4.765615709335871975e-01
-6.198090253035881680e-01 -1.333211374418077910e-01 6.626606514781945290e-01
-1.487992231480855798e-01 -3.019468249638868063e-01 2.825059171826220794e-01
-1.720534726385589130e-01 -4.467178582462583147e-01 -1.349770871702862807e-01
-7.709141356296878023e-01 7.484104852504114280e-02 3.141343524144896149e-01
-6.541780052712198312e-01 -7.670297826252142626e-02 2.835691011776925174e-01
-5.586457700858804554e-01 -1.426436514052728532e-01 2.258963227159022091e-01
-4.105578888207106480e-01 -1.808355642482506465e-01 2.307754657972116430e-01
-3.005026473932637110e-01 -2.051902661749133161e-01 2.700912209889002602e-01
-2.181454225090773136e-01 -2.324351266376062375e-01 3.156822365768209293e-01
-4.548981091451312353e-02 -3.993878654935284489e-01 4.117221698786038830e-01
-7.563775567886299456e-01 8.282055537612520446e-02 7.729259195864535137e-02
-6.815963179041739650e-01 -9.885525697767433284e-02 6.905408882266823589e-01
-1.552016309335747801e-02 -5.079496764820651267e-01 -2.847213882686452924e-01
-1.966444209038328839e-01 -2.823819045809067285e-01 9.746531795617352500e-02
-8.507992353523718965e-01 5.015469641183745164e-01 6.115956142284884045e-01
-1.539862130537408835e-01 -2.517053446254280402e-01 3.681633227157924404e-01
-2.404506377407558682e-01 -2.269255077420601063e-01 -1.313122301676486470e-01
-5.744101068690832257e-01 -1.019235471537197069e-01 5.847382366782413188e-01
-1.761789988878553759e-01 -4.277239056784315485e-01 -5.529332798576397368e-02
-7.874848550952262549e-01 6.256077070489485248e-01 -1.477444394143070938e-01
-1.879022579981956542e-01 -1.821794389829922700e-01 5.163709323568247411e-01
-1.140154564279456662e-01 -5.112934722082962402e-01 -5.354358643709089538e-03
-5.882452853334407816e-01 2.240060308004271361e-01 -7.807530455010158743e-01
-5.808075203451368296e-01 3.746217659642037123e-01 -8.824456163523686225e-01
-8.162461025386980040e-01 3.555940442743754648e-01 9.698165048925733167e-02
-6.767280888387183779e-01 2.996337034477336569e-01 -6.120335383114117178e-01
-7.920830367009379369e-01 1.523173595185484119e-01 7.652125552868538350e-01
-2.830164857506371479e-01 2.610150080823932239e-02 -1.177741038254721762e+00
-2.442068698678750635e-03 -4.028277506592670143e-01 -2.948095784252979801e-01
-2.661596620214193298e-01 -2.422539727418449029e-01 2.433326642411463847e-02
-7.664385056824141174e-01 7.331223777534340291e-02 5.421818043216303229e-01
-4.478371633933253548e-01 -1.766647951079408640e-01 4.856901599376616252e-01
-3.830069022684445823e-01 -1.951328600724350215e-01 4.714543759063211104e-01
-2.726643617355118954e-01 -1.097463423967110496e-01 -6.999646364108400576e-01
-7.378682797620061962e-01 1.368270749487246474e-01 -1.421514001679799466e-01
-1.391535761575862784e-01 6.169042010332373427e-02 -1.319931972681598342e+00
-3.690767686797853386e-01 2.008056698665557915e-01 -1.155982091188514360e+00
-4.676558271658559640e-01 2.783805067073774620e-01 -1.045835463984392533e+00
2.601832487392586463e-02 -4.447456080168354919e-01 1.139198073156868496e+00
2.290438529241857479e-02 3.816453058812091514e-02 -1.343678362880669219e+00
-3.165870846770391100e-01 -2.003058414920594332e-01 4.787139349418306766e-01
-2.514491610479882566e-01 -1.939719090520580780e-01 4.972730718597678790e-01
-2.082352591513830786e-01 -1.814868594336249696e-01 5.077979238309672239e-01
-7.348001501892531540e-01 -2.534376326662396428e-02 7.328968175374228622e-01
-2.661553781360137538e-01 -2.185012922806595093e-01 6.109314732359369948e-01
-3.380048487620612718e-01 -2.332475826764662807e-01 6.525645981625143310e-01
-4.066880038848785794e-01 -2.295497400245594122e-01 6.627226629647431366e-01
-4.713781439985187394e-01 -2.082554313712675631e-01 6.479756972112813429e-01
-5.097331979964425663e-01 -1.803553714225775151e-01 6.213898856845521124e-01
-8.412459901432789433e-01 3.480270758562020728e-01 8.479271884331196496e-01
-4.902445922302656189e-01 -1.549666443967107066e-01 5.120444098057387317e-01
2.606157585565996304e-02 -3.270510826519013037e-01 -4.026630792640228940e-01
-2.287598459063724388e-01 -2.417437512810768352e-01 -4.144289432731051992e-01
-1.585598662522991198e-01 -3.602955590267614694e-01 -2.120675460994156381e-01
-8.301751852112335128e-02 -3.177358968332560929e-01 -4.021144764046452602e-01
2.800316466531064391e-02 -3.945716937697102411e-01 5.871630348913586817e-01
-4.879856451416551000e-01 1.674206806219579180e-01 -9.368022221649343617e-01
-3.903332820336631315e-01 1.025635940537714119e-01 -1.058840144612311240e+00
-1.482872223895714825e-01 -4.264072283372283279e-02 -1.265154500839823726e+00
-6.634402354801871571e-01 4.919046430135909365e-01 -6.917781555135382732e-01
-2.129213598229712234e-01 -1.977647202015214711e-01 5.524891570907476401e-01
-9.740574818257671796e-02 -4.009801694308617881e-01 2.285443061605235693e-01
1.684244116530637242e-02 -6.366793636909950926e-02 -1.287010924494809139e+00
-2.636299825007620834e-01 1.177127276267780909e-01 -1.252911037398007910e+00
-7.888172338336896239e-01 3.757639504992316137e-01 -1.500874094484550003e-01
-1.451089870458365239e-01 -1.994677300442454504e-01 -7.105800014458021341e-01
-1.610816048014362956e-01 -2.067199798405769950e-01 -7.439448710386644681e-01
-1.741026076153276980e-01 -2.159991523817869075e-01 -7.868499500193946172e-01
-1.817838356773609498e-01 -2.012419103079234883e-01 -8.332946571561405946e-01
-1.921962070847147430e-01 -1.354719911068817395e-01 -9.085000205921691663e-01
-2.490935771918907915e-01 -1.284752987493447129e-01 -6.322657168294607555e-01
-2.644716700037936796e-01 -1.296609062874590212e-01 -6.232731429748812335e-01
-2.773422802007962651e-01 -1.310489388039059455e-01 -6.135045126948852623e-01
-3.776813756728483185e-01 -1.219766446546317329e-01 -5.219114878195744156e-01
-6.434748712268478776e-01 -6.853485630504974058e-03 -2.306901934666666376e-01
-9.578964789445670869e-02 -3.458707492344009760e-01 3.554691565633579797e-01
-1.343361030002271361e-01 -2.434784047982740951e-01 5.959812275497039513e-01
-1.819152479741825701e-01 -2.154000846054077156e-01 5.896662500016608410e-01
-2.334226556855885093e-01 -1.214401453959290389e-01 -6.406043213439294171e-01
-6.485160463495209804e-01 1.388559173858119888e-01 -4.785956413600195303e-01
-7.149702615524319849e-02 -3.413388684374135673e-01 5.844181141692269543e-01
-2.331357407858424269e-01 -7.866613423213442147e-02 -9.922416003585587951e-01
2.584621254757051012e-02 -5.344181386841173609e-01 1.644483510637845258e-01
-4.398614002395717648e-02 -4.597991090301661865e-01 2.758667113693985540e-01
2.695532765076669168e-02 -4.808804886957884772e-01 2.922854523181012132e-01
-1.521455702911450603e-01 -3.757059685565972140e-01 5.371897906180769788e-02
1.469045389878090302e-02 -1.192241114446732642e-01 -1.191174178390116634e+00
1.513797545361197580e-02 -1.373679219812249941e-01 -1.074248731908233445e+00
-1.124992198521110598e-01 -1.185779675704426439e-01 -1.060104576576773816e+00
-4.117497930728604150e-01 -1.438181380874802018e-02 -7.643879890715004066e-01
-3.086809482177255148e-01 -1.968134084340300571e-01 -2.094273722748790645e-01
-3.294906483612611847e-01 -4.157123201414744673e-02 -8.952845038802006439e-01
-4.827514440146085661e-01 -1.668892578198699628e-01 -1.704377609729545995e-01
-3.819096608505390122e-01 -1.687538144237804572e-01 -3.092738728341959398e-01
-5.471666201417946240e-01 -8.300537701440374727e-02 -3.335594048427509284e-01
-1.383440416707444331e-01 -9.581511494276478969e-02 -1.171386453529683180e+00
-1.977109456906286922e-01 -3.126330765231583042e-01 1.062512033377926990e-03
-4.686458360970413572e-01 6.711712259116309198e-02 -8.311078343879707564e-01
-3.697631181364335884e-01 2.927640498390912671e-02 -9.627206769375706852e-01
-4.761268131805360682e-01 -2.068737701624587255e-02 -6.178376765756272704e-01
-7.155258471461500847e-01 1.882351900036188797e-01 -3.278813949073805523e-01
-5.610075445996056676e-01 5.416558396954232468e-02 -6.205560934415355057e-01
-7.486769022250572281e-01 3.722790812895271362e-01 -3.841959064118150025e-01
-4.463198946871514972e-01 -1.115206253505013900e-01 -4.362406291141398551e-01
-1.456052521821105117e-01 -3.384548555597710617e-01 1.651057196056832099e-01
-1.479339505980226122e-01 -4.579561068807158630e-01 -1.904582464415469079e-01
-1.927777353254556125e-01 -3.693489964681401228e-01 -2.020374693713891667e-01
-1.158477302498546468e-01 -5.205641617352796402e-01 -1.265005974616581486e-01
-1.976148022877921573e-01 -2.796967218275736577e-01 7.084569473648509863e-01
-3.271229122095375974e-01 -2.987210773289539212e-01 7.940153543549168802e-01
-4.387225012875273222e-01 -2.928573600574785329e-01 8.133657218995025140e-01
-5.293914239341213079e-01 -2.583619602817177618e-01 7.932076244401558007e-01
-5.904614820499254346e-01 -2.058599983354508778e-01 7.445946908612821602e-01
-6.283655893259154634e-01 -6.596589849329009825e-02 5.654925302993859537e-01
-8.345350034857235144e-01 3.087138455655658031e-01 3.321678511809073031e-01
-5.769043765521475464e-01 -1.054855085290770655e-01 3.905793754708938303e-01
-5.019172942626337619e-01 -1.474152751055626820e-01 3.448960209301855651e-01
-4.003096057988952960e-01 -1.798915188180294500e-01 3.349832667061686253e-01
-3.018236024373122106e-01 -1.995761710867755001e-01 3.551402386026182301e-01
-2.236586926487243998e-01 -2.060230390373846143e-01 3.890971058264917071e-01
-1.694372658628953698e-01 -2.159555075199331986e-01 4.207345617461156762e-01
-8.394216695263423400e-01 5.863352147065292730e-01 3.769899773484558514e-01
-1.923404755227495211e-01 -3.281116343675111180e-01 -2.251972459067783094e-01
-9.825187881430844095e-02 -4.467345961276319999e-01 1.152304562050535108e-01
-9.555698953581590049e-02 -5.156660638132126717e-01 -2.103919896940950607e-01
-5.668750777990602674e-02 -4.774795449790736335e-01 -2.603692736297019694e-01
-9.577657933264982493e-02 -4.766998597907912139e-01 -2.221835458843382516e-01
-1.718981923562407088e-01 -2.980333600067863742e-01 -2.546417306272963366e-01
-4.090310219177231699e-02 -4.966415027060161469e-01 -2.746929114473939393e-01
-2.957451451593050978e-02 -4.036246981076385687e-01 -2.862371529935103798e-01
-1.626980453276880012e-01 -1.914466941714648707e-01 5.109357385181459987e-01
-1.266144361376011773e-01 -2.325571721830005378e-01 4.776947540453831964e-01
-1.058023985585616888e-01 -2.822220813118936356e-01 4.489867411800986252e-01
-5.296128845416703257e-01 -1.521518244023278843e-01 6.010526887791053374e-01
-5.782536016247796784e-01 -1.532342194481367548e-01 6.522505224159000914e-01
9.123108770988014316e-02 -5.063348296626773992e-01 1.491176968567320404e-01
5.542044112218513785e-01 -1.484918860023007325e-01 5.011766886016767453e-01
1.039444107533118999e-01 -4.110170556898506966e-01 -2.756891556910681662e-01
8.153731298401845073e-01 1.428434656045207696e-01 9.449523207972387873e-01
3.381886400987865748e-01 -2.089723766485956924e-01 4.029866104886875577e-01
4.129569369496965958e-01 -2.033786706859325166e-01 3.912877259408414909e-01
4.840919205617710830e-01 -1.844238334261971701e-01 3.952745510417480235e-01
5.783325552595963703e-01 -1.321687823433909115e-01 4.653389218449365261e-01
2.763432348755048840e-01 -2.031727549790113274e-01 4.322622929632774502e-01
4.529355292899361896e-01 -2.774902135607826281e-01 7.291031485717374139e-01
3.646537972667329708e-01 -2.747517081832029362e-01 7.152335281823876123e-01
5.325724890174821091e-01 -2.528797437923946401e-01 7.078263690059811708e-01
5.817329841964680170e-01 -2.188360860590649049e-01 6.588713615916983457e-01
6.337805650822903036e-01 -8.647352672201874535e-02 3.905119893929370756e-01
2.960823042811168149e-01 -4.425007725506752143e-02 -1.096389715056711012e+00
5.810716390520831443e-01 -1.293536189151570093e-01 5.399596616116114633e-01
8.562333711025438276e-01 2.357033154663462637e-01 4.769016810027665310e-01
7.128550163126989858e-01 -2.303996884275669177e-02 4.779225204726823550e-01
3.978029724971920977e-01 -2.257536029893802976e-01 -8.878015291823221355e-02
6.977309673643786181e-02 -3.129264020309381333e-01 -5.668581391076071840e-01
6.415890882444913457e-02 -2.660167325029620944e-01 -6.430166255062582659e-01
1.591835447997340669e-01 -2.595627609352893495e-01 -5.925419080041330888e-01
2.230603187563959811e-01 -1.971402354000844626e-01 -6.161993622705355111e-01
1.363219492919235942e-01 -2.303221181096318237e-01 -6.431906259338240339e-01
1.970910490458067654e-01 -1.753094108541255469e-01 -6.462416889362462280e-01
3.706918340436305970e-01 -7.246907249818840269e-02 -7.561139412573110175e-01
8.959511344706211355e-02 -5.543903738792776981e-01 -2.406006156296264242e-01
9.934593253558818282e-02 -5.919976074394084353e-01 -1.331967983881512940e-01
6.720955638478987026e-01 -2.092436170890854541e-01 7.573020128368352921e-01
2.475172411133716444e-01 -2.673393211489472066e-01 1.967375276284072383e-01
2.640131462257722106e-01 -3.743851420085136938e-01 -1.812860238718694283e-01
2.684770451957116388e-01 -3.595770857782060181e-01 -1.162410593485030397e-01
6.142146686241545250e-01 -1.323961717037375196e-01 -6.489184216111887338e-02
9.551075249418103374e-02 -5.636991642234656652e-01 1.608440313278940159e-02
5.134409821545649066e-01 -3.513770422442313857e-01 8.728283839941797240e-01
6.094957429065894772e-01 -2.888469564501572329e-01 8.382414008211780398e-01
7.434517188600686666e-01 -2.768439948977741150e-02 1.116775240868927987e+00
1.917364438889812561e-01 -3.964188617754765831e-01 7.595764804322469033e-01
2.898326839046200254e-01 -2.447652695137364498e-01 6.623579829868146973e-01
4.316384661984316029e-01 -6.303803667439800140e-02 -6.376576263327466965e-01
7.836099090289572189e-01 5.643919606784231213e-01 -5.037232863572022046e-01
2.101106942751299056e-01 -3.380099345263781752e-01 -2.402720559150237079e-01
1.532629297520834988e-01 -3.407040334904198886e-01 -2.723485437982273161e-01
3.173222628822457425e-01 -6.298878121945783448e-02 -6.566568644182759762e-01
2.968296410841931299e-01 -8.607465571633679535e-02 -6.631889311817900090e-01
6.446922177006653154e-01 -2.626349281059225937e-01 9.066961034465625957e-01
2.667498440567672713e-01 -3.272546261643866083e-01 -2.224226470619988794e-01
3.800296561379667981e-01 -3.913493804732881554e-01 8.558878488010268626e-01
3.919361823965228364e-01 -4.184299711023697910e-01 9.371806575002206152e-01
4.519087705280022682e-01 -3.395418056229732029e-01 1.338374298182727351e+00
6.948522138390889058e-01 -1.609161839800243854e-01 9.973279352372399487e-01
4.124821306128456655e-01 -3.805745229804380347e-01 1.131493505989071835e+00
7.124316889025783528e-01 -1.515584148583762336e-01 8.067556153470234470e-01
7.691175066264277493e-01 -1.060155092628852630e-02 8.582270226835286842e-01
6.758714366188176004e-02 -2.972305687853621370e-01 -6.108561445742607399e-01
1.476718768931457038e-01 -2.478125609759206927e-01 -6.204385851538501973e-01
2.099640244466630112e-01 -1.925112337225047821e-01 -6.319491601107970480e-01
1.936717258258838226e-01 -3.196939950361893379e-01 -2.573322131752731057e-01
3.068943183724801016e-01 -7.557612147041908868e-02 -6.601221712033038536e-01
2.583158682670348982e-01 -1.241202301814434139e-01 -7.149353640497193574e-01
2.863322268292520234e-01 -8.848722587707510967e-02 -6.650918725184864488e-01
1.726806190015625631e-01 -4.442121332438375703e-01 -2.215158492812507873e-01
1.868547778813549609e-01 -1.601388110014590471e-01 -6.562466152906450967e-01
1.287599302887060260e-01 -1.961453030218655025e-01 -6.564701350415972358e-01
6.158038614519331655e-02 -2.276168618765352369e-01 -6.611166852616591205e-01
1.136903297539089697e-01 -1.560469704420469617e-01 -9.679875708295182513e-01
7.126329539525716461e-02 -2.291706051280204548e-01 -8.866560364903004476e-01
6.667639608093223202e-02 -2.409023854746052962e-01 -8.356412462338389524e-01
6.285996761089665541e-02 -2.276407151312320742e-01 -7.827719895767442093e-01
5.606765536588032006e-02 -2.226275293136703581e-01 -7.381588875761320168e-01
1.796581202266804289e-01 -1.616272464630807981e-01 -7.140389493118588504e-01
1.934102355389425432e-01 -1.718324865972389315e-01 -7.352829761809227538e-01
2.065417043836282329e-01 -1.808308349159222228e-01 -7.618404641882774442e-01
2.200510677044304475e-01 -1.644186454358717020e-01 -7.897911990901960166e-01
3.396322122128749843e-01 -1.980361537819885220e-01 -4.800469945053816856e-01
8.642463697159408209e-01 5.990156601107610168e-01 4.706399419733553469e-02
2.285052636882531907e-01 -1.194570587892700986e-01 -6.947292191706984088e-01
2.424819705882260146e-01 -1.264309127573999825e-01 -7.053075341599155390e-01
1.290473516372207807e-01 -3.365319772155994649e-01 -3.137002625837523317e-01
2.436055784518734169e-01 -2.665017888806067714e-01 -2.787233113457440736e-01
1.408688231973087568e-01 -3.404455415734169987e-01 -2.940174752151916704e-01
3.239804563212245192e-01 -2.336056576548817265e-01 1.338737325838784686e-01
4.445816996925411324e-01 -2.044889742510080932e-01 5.812722367240633070e-02
2.814016901435270612e-01 -3.111856655200490041e-01 -1.588730779244840186e-01
6.295224914419428330e-01 -1.987693907441911989e-01 1.250303976808062600e+00
5.826330700937509821e-01 -2.821100857255098848e-01 1.092323907501850933e+00
5.376628294072571812e-01 -3.500591961803084518e-01 9.541642206056888398e-01
2.944028262115048200e-01 -1.057915936369728804e-01 -8.484340111912411775e-01
2.161508310038684488e-01 -4.454578175221118874e-01 8.959493630749681969e-01
2.318084140857828990e-01 -4.327425226197284536e-01 1.136072961412166737e+00
2.570919238249583239e-01 -4.187983852472493274e-01 1.383427613710250803e+00
5.441049254348828690e-01 -1.560357720505883838e-01 4.182500482311438672e-01
7.106897201080375481e-01 -3.681463864724357493e-02 3.097543055306112292e-01
2.357798650642053961e-01 -1.944591513094112711e-01 4.605151028104296218e-01
6.453558765046785162e-01 -1.496140932995862483e-01 6.105556434420993384e-01
1.966674671227869320e-01 -3.028075063456248106e-01 2.669067044038807568e-01
2.191151351008002734e-01 -4.534511138777364003e-01 -1.523712244067704225e-01
7.987914204914114968e-01 5.454847818906052859e-02 2.387100607570852295e-01
6.621111826274395096e-01 -9.308040669608219631e-02 2.236530211042492278e-01
5.689628844816385644e-01 -1.559932947058495500e-01 1.764434388013863542e-01
4.291368648436377775e-01 -1.886451415690132416e-01 1.968409193274952562e-01
3.260979609941883073e-01 -2.098382637644974347e-01 2.476261966492335764e-01
2.495477666446829779e-01 -2.357257290439956909e-01 2.996282524153254245e-01
9.964184598695816075e-02 -3.998842900875315687e-01 4.047640471483965330e-01
7.871145249509670094e-01 6.478206793304311373e-02 5.458202270950743284e-03
6.975626660936751211e-01 -1.162554595709000549e-01 6.268772562378357449e-01
6.451665683028878773e-02 -5.088532487390751147e-01 -2.879800398838094910e-01
2.432789962590575783e-01 -2.851428958379992329e-01 7.806113261528163649e-02
8.782890545282140415e-01 4.793009418855420645e-01 5.243143106335451664e-01
1.929523443255309889e-01 -2.529789419489592017e-01 3.575628608603435010e-01
2.903410925324792502e-01 -2.361046631099977811e-01 -1.533376472637093535e-01
6.079066925531084742e-01 -1.147870167253284279e-01 5.356598925967871461e-01
2.215385670332128965e-01 -4.345345604546635432e-01 -7.244188394347733650e-02
8.359701954739207075e-01 5.995033361792945215e-01 -2.190301081094592206e-01
2.358032547170105242e-01 -1.798437634372634930e-01 4.994048504215252704e-01
1.598721089218096969e-01 -5.149691543390755299e-01 -1.734948883589805535e-02
6.201735325749850869e-01 2.019978135480693382e-01 -8.197188386880025490e-01
6.208696936394497712e-01 3.511447002062428879e-01 -9.170464683958767793e-01
8.594920883871803863e-01 3.337228112058021612e-01 2.001683118039540576e-02
7.127331876728948412e-01 2.770061525854183859e-01 -6.633182622366562420e-01
8.164040821101947731e-01 1.320806383721415123e-01 6.857365478108046197e-01
3.140276710150646799e-01 1.295154224096758261e-02 -1.188728308848776560e+00
6.190735578205167067e-02 -4.048995340560329614e-01 -2.977722872754337557e-01
3.088861409060128516e-01 -2.487337018893626128e-01 -1.727440119891759940e-03
7.709624332744291486e-01 5.435932451477054617e-02 4.601449608418689552e-01
4.812234164338247133e-01 -1.856471809546755836e-01 4.552872263452411028e-01
4.169601465216110636e-01 -2.013892487639556972e-01 4.475145095713047860e-01
2.746806064535057823e-01 -1.087395917670037626e-01 -7.252569543543878616e-01
7.712127423254688807e-01 1.182688294092229531e-01 -2.083095854669431146e-01
1.815308912684265863e-01 5.481857395131947697e-02 -1.322882900933803896e+00
4.100999288180284807e-01 1.845491687063754993e-01 -1.168317278822359473e+00
5.086750602257994469e-01 2.589364708881769506e-01 -1.066385894916245247e+00
3.532387790754698553e-01 -2.045325722746293984e-01 4.576101353082503431e-01
2.934911762673794722e-01 -1.947745681884294200e-01 4.777256839295246360e-01
2.550181617793426114e-01 -1.797808608161183264e-01 4.890608848522145502e-01
7.451002013452523443e-01 -4.265842875557354641e-02 6.544827352554776212e-01
3.050898954180386591e-01 -2.198738708551650767e-01 5.798806059034461446e-01
3.706271603140320892e-01 -2.385995112079691838e-01 6.160783713575037623e-01
4.383564369532078064e-01 -2.379666891486897917e-01 6.240996688599467213e-01
5.038521644286864110e-01 -2.196273576519530701e-01 6.069809774576873096e-01
5.427903329548122713e-01 -1.928289611956640615e-01 5.783261196623598055e-01
8.599558325389333735e-01 3.245757898643386596e-01 7.604930594579828451e-01
5.247803002948636664e-01 -1.654588739055878888e-01 4.759081657481681882e-01
2.695731207883101388e-01 -2.479727270228780367e-01 -4.327790633812138577e-01
2.092009951406198498e-01 -3.686096021679152734e-01 -2.273849940759928301e-01
1.311693340802217167e-01 -3.201647045848826645e-01 -4.107655443800862782e-01
5.195504333668272690e-01 1.466852411150615376e-01 -9.645356896299905891e-01
4.211244604291086713e-01 8.405367535707553017e-02 -1.077182598547307357e+00
1.791951795717661167e-01 -5.021805453472194536e-02 -1.270707860260922306e+00
7.093538708801316872e-01 4.688073386412605625e-01 -7.397795072187318688e-01
2.576112319587228749e-01 -1.955545245396977938e-01 5.306563227843766883e-01
1.479204301495695706e-01 -4.027482753490163603e-01 2.173016959143031501e-01
3.043379921897637619e-01 1.059275158951997198e-01 -1.258653395991791157e+00
8.326442374563358673e-01 3.534899154461379478e-01 -2.208186754549518183e-01
1.224499688367383932e-01 -1.951858296281551164e-01 -7.256903757233432728e-01
1.351926741414311017e-01 -2.040891158072066780e-01 -7.602159972109268082e-01
1.442958778358143790e-01 -2.139196497117903384e-01 -8.033867550492135301e-01
1.535617039691812846e-01 -1.997546937426044611e-01 -8.486375752772477021e-01
2.120654857506389934e-01 -1.379739550868176456e-01 -9.213901464593974300e-01
2.482482298780514518e-01 -1.273616981862266129e-01 -6.496088350921895849e-01
2.633517080276178146e-01 -1.272882332658349103e-01 -6.417228552779015160e-01
2.762887149983286328e-01 -1.286023153582782630e-01 -6.326095529302655507e-01
3.978621538115354461e-01 -1.308172005407378657e-01 -5.471540281364992708e-01
6.689822977613300026e-01 -2.389627339447517040e-02 -2.871511708211458291e-01
1.475607283792279567e-01 -3.466997262490445486e-01 3.436694961724994224e-01
1.851676207703070731e-01 -2.457450320644699593e-01 5.769100488181942987e-01
2.271009301380985668e-01 -2.138329417165324431e-01 5.683606374205415479e-01
2.338475189066947513e-01 -1.177924358064283972e-01 -6.567000801873219551e-01
6.781982392002765536e-01 1.196600279872896411e-01 -5.289249819171895073e-01
1.197233360706270733e-01 -3.416562013158114253e-01 5.727526149534979405e-01
2.563464619261905941e-01 -8.791333317058458441e-02 -1.006235967831239808e+00
9.609819609645325889e-02 -4.616157656495839534e-01 2.695046535045403369e-01
1.994622595010120403e-01 -3.806558987276781325e-01 3.758297654981875013e-02
1.397655521226294495e-01 -1.254264180022243158e-01 -1.067690809194607127e+00
4.381455564653853330e-01 -2.729647012062882960e-02 -7.922502804442537183e-01
3.495422740080356139e-01 -2.081617643072519730e-01 -2.379205244089183102e-01
3.507344644835634906e-01 -5.450261495530750455e-02 -9.176022755014581200e-01
5.103667711454193956e-01 -1.818352342434181868e-01 -2.151403521841632749e-01
4.121495327420927612e-01 -1.798038042588049334e-01 -3.427921079959339590e-01
5.697622183973034549e-01 -9.719062286433721720e-02 -3.777069933705100580e-01
1.662775322756487317e-01 -1.026902885750702876e-01 -1.179181524557944449e+00
2.437568573496365354e-01 -3.188968761556759679e-01 -1.775955685387027583e-02
4.964554892641097616e-01 4.884599062156075311e-02 -8.607244409912653271e-01
3.973156584108428202e-01 1.214251851846614300e-02 -9.844768805483552487e-01
5.006049918430386381e-01 -3.117002221906514658e-02 -6.497559112971886819e-01
7.492271448424971947e-01 1.675758741606905300e-01 -3.884361156908352486e-01
5.862022263394373045e-01 3.797183209421040040e-02 -6.573611207068708051e-01
7.913538724086977005e-01 3.517219262843795935e-01 -4.471568390098018542e-01
4.682492248697285309e-01 -1.219946579917974283e-01 -4.699585075235783727e-01
1.942374737962720976e-01 -3.399126780312078377e-01 1.495321874399541118e-01
1.946993019486453758e-01 -4.629673027917036165e-01 -2.052663260449666405e-01
2.401545977611249660e-01 -3.787794387690690545e-01 -2.198254247847181153e-01
1.644293134464477890e-01 -5.262265544681588025e-01 -1.393092059185230269e-01
2.462698351398517893e-01 -2.837858260131898014e-01 6.855816022641265661e-01
3.703440262170154540e-01 -3.097601981324771270e-01 7.657524056797493373e-01
4.782749464449742582e-01 -3.073097072276925745e-01 7.793469545386737529e-01
5.641765011255350792e-01 -2.745936563098427818e-01 7.535862709755374311e-01
6.200043126365917256e-01 -2.229772837372501204e-01 6.988767530178527920e-01
6.511802977134040216e-01 -8.140282428793554903e-02 5.072281816679599098e-01
8.684770409500652821e-01 2.889586628290874426e-01 2.507225815473640429e-01
5.956227505676814360e-01 -1.184070264213010759e-01 3.389494900368997810e-01
5.207741263465504034e-01 -1.585254867162594339e-01 3.020032859702183048e-01
4.229792766484330446e-01 -1.873182216212354589e-01 3.051246269421518109e-01
3.300013216927677462e-01 -2.036649860649381027e-01 3.349139408721667488e-01
2.590701028071787371e-01 -2.094981557991332233e-01 3.735920964339137784e-01
2.101970617615467329e-01 -2.174858126094136868e-01 4.084540267945931946e-01
8.740745789114878761e-01 5.649774611681168679e-01 2.919577079713758794e-01
2.393055800057314331e-01 -3.380199327297445100e-01 -2.421637412167296222e-01
1.489606551335589946e-01 -4.481672937015424019e-01 1.041412702091182307e-01
1.433560044763258767e-01 -5.208222401001944002e-01 -2.209825187269850999e-01
1.042441397611498788e-01 -4.825946458178625997e-01 -2.674227324859210220e-01
1.432813979910452229e-01 -4.814540733669064876e-01 -2.330422712667745699e-01
2.202172729383902738e-01 -3.088393769141167811e-01 -2.696165691142085596e-01
8.886622028680957186e-02 -5.006352814569975385e-01 -2.802751972831929450e-01
8.635920603436986198e-02 -4.077152068578249189e-01 -2.910101798393657790e-01
2.099908929981036954e-01 -1.909972296377304701e-01 4.950632759327923127e-01
1.720029336360526240e-01 -2.333178962386084354e-01 4.652822122980692088e-01
1.489495929484610515e-01 -2.838593931591842923e-01 4.394902210775076812e-01
5.642811942237169198e-01 -1.651141747718987141e-01 5.569833993268568095e-01
6.097914575278351457e-01 -1.697213579596018596e-01 6.050007144040590035e-01
-3.914228391664875684e-01 -1.859542469684727362e-01 5.801427748153137331e-01
-3.140364918423976803e-01 -1.931656348225174735e-01 5.778609345236854766e-01
-3.904640441561357811e-01 -1.959572097678219382e-01 6.755321831544440769e-01
-4.698542376239478457e-01 -1.786798118895560616e-01 5.823896830340696829e-01
-3.930781903286928447e-01 -1.759543208473857145e-01 4.849820321722023708e-01
4.239385777718285286e-01 -1.936374406320379160e-01 5.445888096406849010e-01
4.996960364157121415e-01 -2.005017795418334581e-01 5.406782072244099568e-01
4.228457351067604897e-01 -2.038108550743178427e-01 6.409941979438444903e-01
3.475792061152627177e-01 -1.868032877502057154e-01 5.491773026806617830e-01
4.253171574009950717e-01 -1.834836922965987771e-01 4.481324657206172679e-01
