-2.338926659594516011e-02 -3.029230150022929058e-01 -5.979279496435793151e-01
2.592735489225983514e-02 -5.480091069865991038e-01 -2.379598537268708958e-01
2.739045802156334086e-02 -3.473153569853427713e-01 -3.145548735782662808e-01
-3.861680247247570308e-02 -4.969337965798669154e-01 1.517849059372492482e-01
2.569347744820520141e-02 -5.872873133395397627e-01 -1.286945736028181353e-01
2.449168466767411706e-02 -5.766109850338463350e-01 2.649864659247556931e-02
2.707404249057343559e-02 -4.238650294763467441e-01 4.216621530148336738e-01
-5.083388168685747388e-01 -1.340679285389704822e-01 5.291812378401710149e-01
2.761205410438852259e-02 -4.056816176052122636e-01 7.219864712644872284e-01
2.647555541505326043e-02 -4.377875942519762198e-01 8.668666156762516728e-01
2.486260836536889618e-02 -4.243296738560399239e-01 1.376433613691272040e+00
-2.222465098173723869e-02 -2.870964157011399731e-01 -6.311308705367533189e-01
-1.966628206768242931e-02 -2.583184867227997783e-01 -6.593536885571067430e-01
-1.523057288148974703e-02 -2.199899555303800325e-01 -6.747404288441061215e-01
-1.566296139112545449e-02 -2.308273174001518324e-01 -6.985499229174230162e-01
-1.647512942994998342e-02 -2.348373904297834658e-01 -7.449978813943729516e-01
-1.872189485163741618e-02 -2.454767382601509285e-01 -7.993724888334197143e-01
-1.844922732106762941e-02 -2.319695979463878288e-01 -8.521930940107362851e-01
1.622183327332032965e-02 -1.575355299747542848e-01 -9.349578123673569774e-01
2.469240329444699622e-02 -5.031340927410141717e-01 -2.864412505157852840e-01
-4.777388464617335351e-02 -4.001225322939355733e-01 -2.652409337077118456e-01
-7.886805216555796694e-01 1.630567858315317142e-01 1.010637682169810425e+00
-3.020021865275690498e-01 -2.018183288565998934e-01 3.969593217138669416e-01
-3.793415842060567922e-01 -1.935675236150570244e-01 3.887432965061975443e-01
-4.513567840031045275e-01 -1.722143352928298121e-01 4.037567473565246701e-01
-5.393691070379074137e-01 -1.183223931471775181e-01 4.963656538104628257e-01
-2.338510003021733175e-01 -1.966427618787343068e-01 4.271727688357049857e-01
-4.111343477204612018e-01 -2.626273327718439132e-01 7.652850968788975639e-01
-3.228084570794051977e-01 -2.618380257530288358e-01 7.483445181817902636e-01
-4.892664199197529484e-01 -2.345226574357121008e-01 7.470456071083482197e-01
-5.387806094798004430e-01 -1.984799291743353233e-01 7.025880923955030166e-01
-6.042852581684039492e-01 -7.032948994680102150e-02 4.335139308055060425e-01
-2.601957044278415121e-01 -3.067949623323343311e-02 -1.053529283377881098e+00
-5.330721618977292131e-01 -1.145784136852574242e-01 5.769455378652148525e-01
-8.136625655684637248e-01 2.523952665969633191e-01 5.486532021291250505e-01
-6.868516569867144650e-01 -4.614935771932018871e-03 5.357742895812708239e-01
-3.533614835984335567e-01 -2.115296374344349806e-01 -5.287726062530462290e-02
-1.081410899641878365e-01 -2.979655954426034814e-01 -5.696936851653929823e-01
-9.402037636584026359e-02 -2.492385332017369448e-01 -6.482154392881911420e-01
-1.857288298189658238e-01 -2.513449644712826281e-01 -5.846360469498009804e-01
-2.440966571733566015e-01 -1.903832384790777876e-01 -5.919857004713908744e-01
-1.581303955966885111e-01 -2.204713584404699445e-01 -6.370816848067544225e-01
-2.129991619015620397e-01 -1.678232196414977118e-01 -6.218912972908667847e-01
-3.433559604248255237e-01 -6.064912343336303913e-02 -7.088043400517691772e-01
-3.831031124508367525e-02 -5.398959459487151502e-01 -2.300842933847152549e-01
-4.962856056180825481e-02 -5.763040460894029993e-01 -1.236567736787317073e-01
-6.392798425738799306e-01 -1.877435175436815706e-01 7.959382488255264398e-01
-1.984545311198609441e-01 -2.598343266222280512e-01 2.131571318719032160e-01
-2.128180259717036837e-01 -3.590820522508352264e-01 -1.587300411145561307e-01
-2.187623227588625374e-01 -3.445894599437835382e-01 -9.426584512301861007e-02
-5.752548388118214895e-01 -1.165647959913145570e-01 -8.937142218959845397e-03
-4.479999270304389769e-02 -5.519373334083692573e-01 2.160048318443553994e-02
-4.670419702145169882e-01 -3.278186265385304443e-01 8.952586984452910457e-01
-5.688980584784084638e-01 -2.652531690332515790e-01 8.659025843911229980e-01
-7.133784272330032650e-01 -4.644103113063142302e-03 1.173895238914490102e+00
-1.353431483710930139e-01 -3.845210503967516624e-01 7.661376126043593082e-01
-2.445752534782775767e-01 -2.362558220909393158e-01 6.911566841968521668e-01
-4.147876579032396815e-01 -4.602504520487926687e-02 -5.902704734994983493e-01
-7.200995358342288100e-01 5.762763955756190493e-01 -4.343237817061661454e-01
-1.560766141372688098e-01 -3.241243140584698645e-01 -2.216360488522425287e-01
-9.723986351009683560e-02 -3.258049920685336387e-01 -2.574398186395605581e-01
-3.105569078533692573e-01 -5.794314711857587175e-02 -6.059385758902240404e-01
-2.920460324384761552e-01 -7.918263318993815081e-02 -6.136832774040936744e-01
-6.063948740986038199e-01 -2.388493303332532847e-01 9.429100567998429661e-01
-2.173752664133182799e-01 -3.118865830976464970e-01 -1.990773677094910266e-01
-3.267581469911333691e-01 -3.693778193212202687e-01 8.728433291009776163e-01
-3.383260480339371767e-01 -3.951510135171659721e-01 9.588206144126172337e-01
-4.097526084833205129e-01 -3.178045972555855192e-01 1.362967292264058106e+00
-6.587118887351190999e-01 -1.389732446203773564e-01 1.043953974478784019e+00
-3.650840770483918529e-01 -3.604155495278905663e-01 1.151051880891249546e+00
-6.803059420680279690e-01 -1.310166704341932942e-01 8.575550118608075145e-01
-7.335506148840191809e-01 8.605652870001832822e-03 9.141474039222934334e-01
-1.034540457087739229e-01 -2.810531176197790248e-01 -6.161785869090836698e-01
-1.725640626149246848e-01 -2.385858686561356246e-01 -6.138982085477597828e-01
-2.294821672349274255e-01 -1.848210899456178558e-01 -6.085343574804942257e-01
-1.390309895943305230e-01 -3.054623340685638233e-01 -2.398670150491202246e-01
-3.011257047461544101e-01 -6.872158629828936660e-02 -6.098096973721287561e-01
-2.594535458777474934e-01 -1.194051361833896041e-01 -6.565311247107190606e-01
-2.811902223017436198e-01 -8.289692217885966108e-02 -6.171435975001773322e-01
-1.215985383518836394e-01 -4.334467398361536716e-01 -2.049277846442617568e-01
-1.999913930903005066e-01 -1.535984166905485226e-01 -6.321300370808469182e-01
-1.451591203831447130e-01 -1.874503577383942465e-01 -6.491552688652102443e-01
-8.385744423274707482e-02 -2.134818222237165886e-01 -6.650075746263308663e-01
-8.346674639099146975e-02 -1.504961362387408075e-01 -9.259020318314516995e-01
-1.045392170188038650e-01 -2.264468524775733460e-01 -8.375393282530185779e-01
-1.012305412056430098e-01 -2.396595718861542768e-01 -7.842752561557859714e-01
-9.251219878250910300e-02 -2.275338990177491194e-01 -7.303366343525050652e-01
-8.306409030937811355e-02 -2.234127257448389470e-01 -6.871359061091228959e-01
-1.892969291605254289e-01 -1.607918830599874838e-01 -6.563001568314354994e-01
-2.036434591605538191e-01 -1.687783367969496462e-01 -6.761082163360683239e-01
-2.179156383239216344e-01 -1.771046940008105253e-01 -7.020131140318537355e-01
-2.276016886573856701e-01 -1.609935798912522920e-01 -7.301803610012316259e-01
-3.112798259219049513e-01 -1.836438769478327959e-01 -4.506492607925807192e-01
-8.054433085034486961e-01 6.118871635003753084e-01 1.250568222675180474e-01
2.865311508079977643e-02 -4.021753985659547448e-01 -2.974362751627038781e-01
-2.303958323976090794e-01 -1.183240641755049782e-01 -6.384835160860871106e-01
-2.449249187812564399e-01 -1.226632976879643289e-01 -6.470831993151759942e-01
-7.316931452610783704e-02 -3.262185316117421907e-01 -3.013109147289441125e-01
-1.912476369525187292e-01 -2.503973616954145998e-01 -2.563269494558406691e-01
-8.480195928859601828e-02 -3.274136479427192103e-01 -2.798815726572257967e-01
-2.769422647002673932e-01 -2.253021534109157509e-01 1.587477842326277533e-01
-4.003599010410272552e-01 -1.920769608925899652e-01 9.650776920903664235e-02
-2.311448934275664446e-01 -2.962670116139225485e-01 -1.349540339037938741e-01
-5.937908458648912813e-01 -1.733735358195864773e-01 1.295175010855903253e+00
-5.414827639704939966e-01 -2.586187647463935591e-01 1.128464588608383279e+00
-4.908130604121829776e-01 -3.257990824246870254e-01 9.824078744490771786e-01
-2.637383506162146452e-01 -9.812233035465955933e-02 -7.998305403627952170e-01
-1.566239531242529792e-01 -4.301633570647098725e-01 9.111294871873774071e-01
-1.821537123737886343e-01 -4.168615115241129931e-01 1.136845485768866792e+00
-2.108562256551230196e-01 -4.003304797078608424e-01 1.384879592258615233e+00
-5.092270575510855490e-01 -1.422810177582373714e-01 4.387587167729593007e-01
-6.886573470005663555e-01 -1.702837718766997410e-02 3.693898359862123337e-01
-1.885158452629945858e-01 -1.911064113719919133e-01 4.569249705267953710e-01
-6.077467666339058106e-01 -1.307265428016739228e-01 6.586603773727996991e-01
-1.459034042003365395e-01 -2.960705621821053679e-01 2.769715765073577085e-01
-1.687050969175585835e-01 -4.380241701285456646e-01 -1.323502628672183212e-01
-7.559111825643864968e-01 7.338455094665080614e-02 3.080209051086831851e-01
-6.414468832748383420e-01 -7.521024098738340879e-02 2.780504918811285142e-01
-5.477738248440389146e-01 -1.398676261755729400e-01 2.215001034259453938e-01
-4.025679189240825018e-01 -1.773162780430006524e-01 2.252069534322366229e-01
-2.946544929234150012e-01 -2.011970070159482260e-01 2.603120345416443104e-01
-2.139000398081352117e-01 -2.279116484258297826e-01 3.030953074003391867e-01
-4.460452231159703351e-02 -3.916152782183502934e-01 4.037095359956326401e-01
-7.416575037247721269e-01 8.120876380593267108e-02 7.578837865842941168e-02
-6.683316012588553789e-01 -9.693140865852692412e-02 6.818382369373965357e-01
-1.521812148810490831e-02 -4.986418566864485591e-01 -2.799347179166633559e-01
-1.928174745799549616e-01 -2.768863996146405659e-01 9.556851818315553748e-02
-8.342416183545207087e-01 4.917862330395934567e-01 5.996931875665751921e-01
-1.509894487963807097e-01 -2.468068438752553106e-01 3.531240268158738482e-01
-2.357711676599540396e-01 -2.225092536034679602e-01 -1.287567313750985487e-01
-5.632313679209999258e-01 -9.993998888156083171e-02 5.771139652423539212e-01
-1.727503352672988823e-01 -4.193998636285872772e-01 -5.421725208715130750e-02
-7.721594151083475133e-01 6.134325987815671954e-01 -1.448691464716950483e-01
-1.842454450960578360e-01 -1.786339992949623756e-01 5.008034040944051579e-01
-1.117965730757677079e-01 -5.013430618946101980e-01 -5.250157534441662888e-03
-5.767972965123073781e-01 2.196465933337653498e-01 -7.655586149466000467e-01
-5.695042797311939964e-01 3.673311579545186500e-01 -8.652721212081895263e-01
-8.003609327122029882e-01 3.486737451429861023e-01 9.509426911103197044e-02
-6.635581140184676485e-01 2.938024625241751897e-01 -6.001226003414181775e-01
-7.766681103502375283e-01 1.493530732377931214e-01 7.503205621045383467e-01
-2.767352212223619934e-01 2.564710301705649259e-02 -1.153792402685984264e+00
-2.649461115875790390e-03 -3.965911280100695713e-01 -2.911433047925537920e-01
-2.609798621803875451e-01 -2.375394075069501287e-01 2.385971098340097102e-02
-7.515226539724171317e-01 7.188548855002133142e-02 5.316302684408494850e-01
-4.391216921978209342e-01 -1.732266772854799131e-01 4.664729697825609200e-01
-3.755531090211248202e-01 -1.913353306124602193e-01 4.505437422239307876e-01
-2.715261789881483478e-01 -1.047622973040334415e-01 -6.675729381448443078e-01
-7.235084403739246994e-01 1.341642475701797788e-01 -1.393849575734343593e-01
-1.364454735616261738e-01 6.048984949552550783e-02 -1.294244445990500036e+00
-3.618939639414571197e-01 1.968977468644205198e-01 -1.133485169901914169e+00
-4.585546599911833887e-01 2.729628683261725586e-01 -1.025482198095229336e+00
2.551197573738755303e-02 -4.360903023547784141e-01 1.117027842906200830e+00
2.245863731394746876e-02 3.742179969494699443e-02 -1.317528701742735286e+00
-3.104259041343959691e-01 -1.964076393451285041e-01 4.586668739165552511e-01
-2.465556459505760523e-01 -1.901969731506455430e-01 4.794337343228531889e-01
-2.041827406214987706e-01 -1.779548982096585963e-01 4.912105940336797261e-01
-7.205000204391855956e-01 -2.485054334773781348e-02 7.186691125900002142e-01
-2.609756616647487260e-01 -2.142489839089667392e-01 6.066125222839964248e-01
-3.314268517485814414e-01 -2.287082930542417847e-01 6.531981694409816352e-01
-3.987733467881811045e-01 -2.250824150442909399e-01 6.645646033550558496e-01
-4.622045358837290063e-01 -2.042025202647600457e-01 6.480634021877325068e-01
-4.998131525699567312e-01 -1.768454303701699759e-01 6.183150418322909125e-01
-8.248742912430071517e-01 3.412540393923103599e-01 8.314254650596546448e-01
-4.807038194414248178e-01 -1.519507997194405879e-01 4.959622154422149709e-01
2.341676933015686413e-02 -3.182965445369945190e-01 -4.015285996910941124e-01
-2.266012302108543763e-01 -2.371086984867397662e-01 -4.114903007282422198e-01
-1.554740929845919162e-01 -3.541170717841649607e-01 -2.083624467493708776e-01
-8.357180331852992472e-02 -3.099409507936922159e-01 -4.005119647199416599e-01
2.745818806449842192e-02 -3.868928352186368214e-01 5.757361080171231604e-01
-4.781377835697468992e-01 1.641867829784570132e-01 -9.183598221207198709e-01
-3.816225170730360716e-01 1.006447686646079476e-01 -1.037087796350716573e+00
-1.453720308723374099e-01 -4.180885058179958924e-02 -1.240385723661096229e+00
-6.505288589020270518e-01 4.823315635607039464e-01 -6.783152875765106060e-01
-2.087776439143053109e-01 -1.939159714524375522e-01 5.412181381450524853e-01
-9.551011052238503329e-02 -3.931765939299741719e-01 2.240965538015760039e-01
1.651466619967833366e-02 -6.242887871408586697e-02 -1.261751448098471062e+00
-2.584994133864281229e-01 1.154218935643788746e-01 -1.228527821913540929e+00
-7.734658640904936711e-01 3.684511197713423725e-01 -1.471665179739509166e-01
-1.394544196733549235e-01 -1.965598024357314566e-01 -6.717963381475646756e-01
-1.546261573723057836e-01 -2.037167697234647523e-01 -7.044460265498124762e-01
-1.671273228948005896e-01 -2.128093588006166881e-01 -7.464117416801039351e-01
-1.743439928406120276e-01 -1.982509954535693897e-01 -7.935953641684592164e-01
-1.841416649786262738e-01 -1.333770078655101554e-01 -8.742597849815529898e-01
-2.584289168132637426e-01 -1.185174057566459327e-01 -6.077540855920600116e-01
-2.748106511377400030e-01 -1.188946264994543700e-01 -5.989511086542660401e-01
-2.883969903253595368e-01 -1.196927049419593270e-01 -5.896874115924179982e-01
-3.833189699401484685e-01 -1.123745443150866441e-01 -5.072946157357609565e-01
-6.309520456026533886e-01 -6.720106824954857894e-03 -2.262006738363401270e-01
-9.392546156671682800e-02 -3.391396719618512412e-01 3.482052238676908162e-01
-1.317217544558958453e-01 -2.387400105844759146e-01 5.880164639631098034e-01
-1.783749497735405143e-01 -2.112081296129658670e-01 5.823185861368438410e-01
-2.416542285988424466e-01 -1.124981095272531706e-01 -6.158947759297743740e-01
-6.358951131537255996e-01 1.361536090070283034e-01 -4.692815717214894322e-01
-7.010560462314277541e-02 -3.346959872320421914e-01 5.735357988512875815e-01
-2.247406577715816978e-01 -7.712992353072478657e-02 -9.630836462957856892e-01
2.534321293212012105e-02 -5.240176934446816315e-01 1.612479748973310034e-01
-4.313011473682948349e-02 -4.508508434148102983e-01 2.704980002099209857e-01
2.643074326852035139e-02 -4.715219530710277329e-01 2.865972119290246534e-01
-1.491846272435680687e-01 -3.683942606087281524e-01 5.267353985398488814e-02
1.440284329768662386e-02 -1.169454244878076477e-01 -1.163106704156774196e+00
1.527401523917512952e-02 -1.352839434358773796e-01 -1.044661424263792160e+00
-1.084973366963976338e-01 -1.165891945148969655e-01 -1.030889629039708488e+00
-4.033810369511703353e-01 -1.314273806338180084e-02 -7.436857532975442719e-01
-3.026736309767716904e-01 -1.929831734015048372e-01 -2.053516537329392877e-01
-3.185235430694095538e-01 -4.048728309492026500e-02 -8.692484997499856370e-01
-4.733564972598163223e-01 -1.636413841768094013e-01 -1.671208290213259673e-01
-3.747793884316545920e-01 -1.654696541776817797e-01 -3.032897492337071066e-01
-5.365180735119139399e-01 -8.138998858402096692e-02 -3.270679217267252747e-01
-1.347729528403794896e-01 -9.392404780903498840e-02 -1.143734551901616436e+00
-1.938632434607688304e-01 -3.065488459234605445e-01 1.041834220595228011e-03
-4.580280868224866353e-01 6.591465710681573831e-02 -8.110111308522771623e-01
-3.594511656522441090e-01 2.892248187173511453e-02 -9.365046318224077293e-01
-4.715434433714829066e-01 -1.710745305452449072e-02 -6.016061856642898054e-01
-7.016008194347627125e-01 1.845718978283422684e-01 -3.215004129647379694e-01
-5.500920860915574639e-01 5.311999508431154704e-02 -6.083125320976598971e-01
-7.341067135282537404e-01 3.650340592319235578e-01 -3.767189736570806247e-01
-4.400160611489456475e-01 -1.069333824165907276e-01 -4.266290226194763280e-01
-1.427715919032452874e-01 -3.318681008512989195e-01 1.618925502254009441e-01
-1.450549709360737793e-01 -4.492232740074374453e-01 -1.868372578009661611e-01
-1.890260395380116698e-01 -3.625412190738441787e-01 -1.982719320741046509e-01
-1.135931885579441747e-01 -5.104333322109084747e-01 -1.240387362477066990e-01
-1.937689711287735594e-01 -2.742534738753614754e-01 7.046528937173393015e-01
-3.207566912886361532e-01 -2.929075916297692039e-01 7.902762664537914539e-01
-4.301844128139880041e-01 -2.871579896286543532e-01 8.083864082733196454e-01
-5.190888048493522700e-01 -2.533339134671399595e-01 7.880829854069704155e-01
-5.789703632694565005e-01 -2.018537053511783030e-01 7.402329775150853219e-01
-6.161368092208434621e-01 -6.468211821659211602e-02 5.553375499056185660e-01
-8.182939087775293885e-01 3.027058881010866731e-01 3.257034438181161118e-01
-5.656770959970840451e-01 -1.034326286292442387e-01 3.750559835727448332e-01
-4.921493560961678337e-01 -1.445463895172724444e-01 3.274817083782671778e-01
-3.925190803047888810e-01 -1.763906049173287194e-01 3.147298223079357804e-01
-2.959497405305243078e-01 -1.956921692383443157e-01 3.336421804193843155e-01
-2.193060148168221035e-01 -2.020135730771789317e-01 3.678782003569454062e-01
-1.661398047971728853e-01 -2.117527433030487183e-01 4.003187506355614378e-01
-8.230854741864892521e-01 5.749243982482343807e-01 3.696532809839144784e-01
-1.886218788017478554e-01 -3.223666664048290276e-01 -2.210642836612867201e-01
-9.633977439398319631e-02 -4.380405822698180129e-01 1.129879232221072394e-01
-9.369733103066171798e-02 -5.057563067305054227e-01 -2.063714017287940905e-01
-5.558429799388212023e-02 -4.689634174597382410e-01 -2.561602602246892957e-01
-9.391264733546422772e-02 -4.678985094240917242e-01 -2.182333757102418170e-01
-1.689194486709532650e-01 -2.933023270112476988e-01 -2.500640460056433589e-01
-4.010707737866490985e-02 -4.876056592272237644e-01 -2.701104999022052588e-01
-2.919278063299357573e-02 -3.973473103218666536e-01 -2.825438775452143725e-01
-1.595317379206072084e-01 -1.877209021092717256e-01 4.949193782113171514e-01
-1.241503596168004597e-01 -2.280313188122994328e-01 4.604768819648916711e-01
-1.037433515825014474e-01 -2.767296867062927213e-01 4.341681013951113055e-01
-5.193059555565540109e-01 -1.491907596419268511e-01 5.951458988214100021e-01
-5.670000634626706226e-01 -1.502520899266684973e-01 6.498155109022201170e-01
8.945561666356222075e-02 -4.964809207334403007e-01 1.462156772018354256e-01
5.434189003771801030e-01 -1.456020482197169508e-01 4.880120050212986005e-01
1.018168326134009094e-01 -4.044249897981572195e-01 -2.719007188057389612e-01
7.995049491540071607e-01 1.400635531459184513e-01 9.265623557811750732e-01
3.316070662760730592e-01 -2.049055128904905265e-01 3.802407693282837675e-01
4.049202785765999568e-01 -1.994206674404840340e-01 3.673096501776724754e-01
4.746708864571784758e-01 -1.808347150158100547e-01 3.718540210461354079e-01
5.670774805610265812e-01 -1.295966125691575543e-01 4.487153371141806568e-01
2.709652499727319142e-01 -1.992187591107058564e-01 4.121890947349755585e-01
4.441208375188561153e-01 -2.720899070185600621e-01 7.293887122047988392e-01
3.575571783923001679e-01 -2.694046963799792138e-01 7.163774419837111163e-01
5.222079624284430288e-01 -2.479583877659108371e-01 7.077690716082670752e-01
5.704117328987363678e-01 -2.145772621818030634e-01 6.584126193523797133e-01
6.214464027778683342e-01 -8.479064235632263746e-02 3.775533738857854704e-01
2.902578209724989700e-01 -4.353618748413895512e-02 -1.068369503714120317e+00
5.697632583578371435e-01 -1.268362357414449249e-01 5.308423858432708142e-01
8.395699990279048563e-01 2.311162342132712100e-01 4.676205779509933214e-01
6.989819663090584001e-01 -2.259158294149203605e-02 4.673025890426417694e-01
3.900612292215446253e-01 -2.213601555826780753e-01 -8.705238153299130199e-02
6.643470908695567334e-02 -2.973717427520400358e-01 -5.759102635575427120e-01
6.135472555146853635e-02 -2.483712945673410832e-01 -6.520888264069113482e-01
1.575564378539635602e-01 -2.504822852146504353e-01 -5.971832554125902082e-01
2.258375200364924895e-01 -1.913606821510542844e-01 -6.123316284610100801e-01
1.351759649279129227e-01 -2.196633914261594267e-01 -6.473870363371554415e-01
1.997529412260591886e-01 -1.697509525578538847e-01 -6.408019355457343913e-01
3.825918707604289981e-01 -6.950393369264595833e-02 -7.210045774297857424e-01
8.785148050559493660e-02 -5.436733849958841347e-01 -2.359724983839721624e-01
9.741253646179251491e-02 -5.804765937380194085e-01 -1.306046207309373985e-01
6.590157437566883658e-01 -2.051714746528370270e-01 7.444595955402499854e-01
2.427002460945378304e-01 -2.621365636661945331e-01 1.929087693312442342e-01
2.588751202662242790e-01 -3.671462942934922147e-01 -1.777678811349784338e-01
2.632521461803472573e-01 -3.525792660574899040e-01 -1.139788657910397185e-01
6.022612831308908898e-01 -1.298195766482138636e-01 -6.362896857950867124e-02
9.365199381967395653e-02 -5.527288736127138336e-01 1.577137807593378266e-02
5.034487786119807851e-01 -3.445388056243922081e-01 8.558420522175138601e-01
5.976341936085480810e-01 -2.832256334903218153e-01 8.219746324677259519e-01
7.289832187653537687e-01 -2.714562926842284396e-02 1.095041386973108599e+00
1.880050129349690735e-01 -3.887040550252284232e-01 7.447941723142053050e-01
2.841921774559225122e-01 -2.400018313034214534e-01 6.629435653773784187e-01
4.442998049476980515e-01 -5.786202317098443348e-02 -6.048200624147261895e-01
7.683598803379361186e-01 5.534081873823537556e-01 -4.939202013262816715e-01
2.059441289200442671e-01 -3.323028203057090124e-01 -2.360684433361559531e-01
1.498240706300383307e-01 -3.355652197218914612e-01 -2.681788613218768491e-01
3.349523487336511507e-01 -5.866343676172006139e-02 -6.197393998722697805e-01
3.136528717509897701e-01 -8.180069858958083362e-02 -6.261096049558529941e-01
6.321457009918651782e-01 -2.575237239943732881e-01 8.890506522574497250e-01
2.615585585353372711e-01 -3.211904992050478302e-01 -2.182122862665907270e-01
3.726338038232295258e-01 -3.837332321682895842e-01 8.392311897802586795e-01
3.843086141923344190e-01 -4.102868006409323698e-01 9.189419500121300821e-01
4.431140607663350828e-01 -3.329338975070995632e-01 1.312327860776258071e+00
6.813295208831042782e-01 -1.577845538228892508e-01 9.779186752713335817e-01
4.044547125647834918e-01 -3.731680668756200969e-01 1.109473227491802660e+00
6.985668773796864794e-01 -1.486088999949983502e-01 7.910551422686133982e-01
7.541495182081161541e-01 -1.039523166426252129e-02 8.415248516561715242e-01
6.443164181801151746e-02 -2.801384714409337340e-01 -6.210974100577515422e-01
1.462863254583877393e-01 -2.377602428784112432e-01 -6.253968496588557802e-01
2.125102237288364337e-01 -1.867000002128231806e-01 -6.280710049586435417e-01
1.896004787797296309e-01 -3.145532513851118095e-01 -2.528843590621152604e-01
3.242682411988491720e-01 -7.123048668601866806e-02 -6.229767330035704820e-01
2.678484602769079514e-01 -1.218534446472385180e-01 -6.763127662041565902e-01
3.024863172998309424e-01 -8.445052890576712490e-02 -6.284899878008889385e-01
1.693200382281259686e-01 -4.361102909626229929e-01 -2.176154155513967403e-01
1.895116886341363660e-01 -1.549657336212048042e-01 -6.494309505195077215e-01
1.283299611074358859e-01 -1.864652813557139410e-01 -6.585116753460260597e-01
5.938394235165057877e-02 -2.112181080370255648e-01 -6.677233962631778930e-01
1.118336292875848348e-01 -1.546279945956982038e-01 -9.333692815153418199e-01
7.055877112010128238e-02 -2.270320486535732929e-01 -8.444685359747663433e-01
6.611589945345719421e-02 -2.387403374083612029e-01 -7.905303442080657828e-01
6.268193369109133217e-02 -2.258252096543131859e-01 -7.362431531252147110e-01
5.638150736540119279e-02 -2.207785117346559023e-01 -6.921123727223523758e-01
1.825512464911989707e-01 -1.601051369432158200e-01 -6.716740755535270946e-01
1.955346150527755844e-01 -1.701968613696809296e-01 -6.927998772934287341e-01
2.075827345765923204e-01 -1.790854480223513789e-01 -7.199805390731759402e-01
2.203206584320105965e-01 -1.629336524246659534e-01 -7.492457476665190796e-01
3.382931048714066247e-01 -1.926818429907569685e-01 -4.697052062075279810e-01
8.474270546684687933e-01 5.873580663286965819e-01 4.614807001930565367e-02
2.371579328601216563e-01 -1.175786983194836988e-01 -6.563701731029367714e-01
2.513323076300748582e-01 -1.243483421234205244e-01 -6.665735440357338781e-01
1.255659189493225636e-01 -3.314652338553399913e-01 -3.097688222161112392e-01
2.383384659503813285e-01 -2.619283918370418629e-01 -2.735700756547587709e-01
1.374161977980484506e-01 -3.353542594176093239e-01 -2.899225932076657797e-01
3.176753915213788027e-01 -2.290593994458240967e-01 1.312683823460182309e-01
4.359295838914332144e-01 -2.005093631098093798e-01 5.699599451219257429e-02
2.759252613759168304e-01 -3.051296033483800185e-01 -1.557812091659820375e-01
6.172711965750501406e-01 -1.949010898500613820e-01 1.225971497982662584e+00
5.712943019989500382e-01 -2.766198706940643515e-01 1.071065907128409433e+00
5.271992384290409284e-01 -3.432466064927676141e-01 9.355949917425494533e-01
2.933702095516155239e-01 -1.047104630231776579e-01 -8.164918631098476709e-01
2.119442655477452586e-01 -4.367886513725031117e-01 8.785130681338708669e-01
2.272971324839346829e-01 -4.243208120087006430e-01 1.113963560986005685e+00
2.520885935079401619e-01 -4.106480449858708193e-01 1.356504382446909851e+00
5.335159632124804041e-01 -1.529991208122881696e-01 3.972289001773187112e-01
6.968588094761241081e-01 -3.609818185238435062e-02 3.037260994141740555e-01
2.311912940602349198e-01 -1.906747330644008587e-01 4.430805250830951447e-01
6.327964441656832584e-01 -1.467024145544667812e-01 6.059085869841034366e-01
1.928400722906701281e-01 -2.969144936279197733e-01 2.615621323495275208e-01
2.148508805802507027e-01 -4.446263881858674161e-01 -1.494058898479352360e-01
7.832459406036815786e-01 5.348689870152147086e-02 2.340644644808819175e-01
6.492256710797017494e-01 -9.126894558982057148e-02 2.193004480266076417e-01
5.578901552926684992e-01 -1.529574701297935491e-01 1.730096344705316369e-01
4.207853248416104641e-01 -1.849738712236520533e-01 1.924965502082964242e-01
3.197516869055829769e-01 -2.057545487603723577e-01 2.393039537019653329e-01
2.446912550599487646e-01 -2.311382115946726268e-01 2.886449323656712362e-01
9.770269106737525244e-02 -3.921020417690023185e-01 3.968868382766803649e-01
7.717962920517731362e-01 6.352132718199872408e-02 5.351977072985132644e-03
6.839872243475439983e-01 -1.139929815512871480e-01 6.191907942437940848e-01
6.326108131118605982e-02 -4.995400589189396001e-01 -2.831742378284544115e-01
2.385444827847820193e-01 -2.795936585294015453e-01 7.654196395814119591e-02
8.611964512746861367e-01 4.699731518379323125e-01 5.141105041433444711e-01
1.891972504286065782e-01 -2.480556554023067850e-01 3.444368100564345614e-01
2.846906918161464239e-01 -2.315097711299139993e-01 -1.503535049076192287e-01
5.960760681619663437e-01 -1.125531178449694636e-01 5.260523763564685096e-01
2.172271494968895378e-01 -4.260779745465226309e-01 -7.103207570259659209e-02
8.197011701350072066e-01 5.878362516111241831e-01 -2.147675083204827473e-01
2.312142285211489789e-01 -1.763437789159879587e-01 4.859145777258155885e-01
1.567607977708661560e-01 -5.049472106548851258e-01 -1.701184714251869484e-02
6.081248332061151007e-01 1.980666835092099731e-01 -8.037477210752808077e-01
6.087867930376438252e-01 3.443109852529939729e-01 -8.991995974044586504e-01
8.427652975993347173e-01 3.272281423765340813e-01 1.962727650776517618e-02
6.988625086069248926e-01 2.716152664750681733e-01 -6.504092594103361158e-01
8.005158378036936195e-01 1.295101825845361987e-01 6.723912458721985619e-01
3.079162998626903125e-01 1.269948920942235923e-02 -1.164833479093506430e+00
6.044292744640372694e-02 -3.985643349683850589e-01 -2.940476276930287236e-01
3.028748303587627255e-01 -2.438930330227103704e-01 -1.693822677725151382e-03
7.559585402765676143e-01 5.330142408635196727e-02 4.511899701388752959e-01
4.718582070064694101e-01 -1.820342546716551269e-01 4.370397877006085841e-01
4.088455806844504270e-01 -1.974699621567721497e-01 4.284289414830141363e-01
2.852497805135547071e-01 -1.064244834257553896e-01 -6.870212072668921977e-01
7.562039780004763401e-01 1.159671715054908236e-01 -2.042556204540170173e-01
1.779980731298955732e-01 5.375173384669183763e-02 -1.297137945488943345e+00
4.021188713957064564e-01 1.809576111147112032e-01 -1.145580363659641332e+00
4.987756074834737152e-01 2.538972433788033722e-01 -1.045632691943958692e+00
3.463643107288947309e-01 -2.005521126613740712e-01 4.396131817416175647e-01
2.877794709825581276e-01 -1.909840115365417645e-01 4.618977730720194019e-01
2.500551894648581075e-01 -1.762821004585065632e-01 4.744552272175794894e-01
7.305996197200386177e-01 -4.182824309259473849e-02 6.428465747547968956e-01
2.991524645549817896e-01 -2.155948503880780187e-01 5.750679637701858748e-01
3.634142923253351753e-01 -2.339560663642278326e-01 6.151689015321548659e-01
4.298254725493577677e-01 -2.333355598135313791e-01 6.240551155181699450e-01
4.940465712693398181e-01 -2.153531346400517910e-01 6.050905420915572153e-01
5.322269543458979513e-01 -1.890762684887307143e-01 5.733458624340543874e-01
8.432200167100079025e-01 3.182591391293119187e-01 7.456929023237950371e-01
5.145674194420724046e-01 -1.622388373221160807e-01 4.598842722977701802e-01
2.649817792952917639e-01 -2.429661050380027554e-01 -4.268660444527503373e-01
2.051296821807849780e-01 -3.622148168136624102e-01 -2.234265699905191305e-01
1.266323992190543368e-01 -3.135523565810600655e-01 -4.087535457165613062e-01
5.094403481995979366e-01 1.438305657116373815e-01 -9.457646833103976469e-01
4.129263762970756257e-01 8.241428333863243250e-02 -1.055776151973359500e+00
1.757078173035317992e-01 -4.924074839854664098e-02 -1.245672284387862039e+00
6.955489575445996664e-01 4.596837672344612491e-01 -7.253824729544571248e-01
2.525977952560552464e-01 -1.917487889619217123e-01 5.205358757309999085e-01
1.450417136124542150e-01 -3.949102902960417438e-01 2.130727331879292974e-01
2.984151943037429700e-01 1.038660353845878015e-01 -1.234158427028583915e+00
8.164399394193730952e-01 3.466105652928440639e-01 -2.165212679089264514e-01
1.231251671419900939e-01 -1.936292267294502656e-01 -6.807349398718860467e-01
1.349833275520688769e-01 -2.025089464203269074e-01 -7.148800529929137948e-01
1.430079682975338717e-01 -2.121922336515156271e-01 -7.582851673349728649e-01
1.515745534942049555e-01 -1.981666139695599238e-01 -8.059806749481031041e-01
2.084374948811829054e-01 -1.367568233004435863e-01 -8.866814960476632201e-01
2.574380307384532274e-01 -1.225503380044196122e-01 -6.275890159440080662e-01
2.736479354507347916e-01 -1.221525729459451703e-01 -6.189716993722744753e-01
2.871894251407773879e-01 -1.231917022981967591e-01 -6.102806208338169558e-01
4.034434116843801377e-01 -1.249091764379758052e-01 -5.267480673836726357e-01
6.557928900982803455e-01 -2.303770456650910958e-02 -2.810216167731984793e-01
1.446890120883508324e-01 -3.399525160471994489e-01 3.366336247720211894e-01
1.815640273281382000e-01 -2.409625264497782249e-01 5.696950704725483039e-01
2.226812620603234039e-01 -2.096714852843345467e-01 5.619399489612415532e-01
2.422487801587073220e-01 -1.136004780071376841e-01 -6.344782672788653599e-01
6.650838989008214241e-01 1.184213867565099554e-01 -5.164546764422108804e-01
1.173933702432113368e-01 -3.350071444158190248e-01 5.622084406426064440e-01
2.513827289782522012e-01 -8.679153893270130649e-02 -9.778639099720460859e-01
9.422800503487988033e-02 -4.526321456247844877e-01 2.642597559465181822e-01
1.955804745144800183e-01 -3.732478589490629828e-01 3.685156447938545826e-02
1.371900533161757030e-01 -1.235671166736285187e-01 -1.038440013642276449e+00
4.421363586058086881e-01 -2.576973600100629369e-02 -7.650029553515331759e-01
3.427397442723500998e-01 -2.041106760789357377e-01 -2.332902934973223319e-01
3.457589703583610063e-01 -5.393713739618916092e-02 -8.918895301563716238e-01
5.004281520909845682e-01 -1.782820579242552217e-01 -2.109335993727481373e-01
4.043272880447059681e-01 -1.755640833078119245e-01 -3.345380339039604189e-01
5.586849477118052132e-01 -9.317284778730383632e-02 -3.664034344749117489e-01
1.630523723585174944e-01 -1.007254375086835130e-01 -1.151262674230456584e+00
2.390130441009991613e-01 -3.126907441825906853e-01 -1.741393612936523866e-02
4.899941828736253946e-01 4.791904484081577209e-02 -8.407661813420306274e-01
3.900117314209337049e-01 1.175524306018370727e-02 -9.596505500103558184e-01
5.048085833939739420e-01 -2.709390723698194836e-02 -6.224959296699463795e-01
7.346446145235765446e-01 1.643184221432254510e-01 -3.808714613145255390e-01
5.794638933237139522e-01 3.952543072632483390e-02 -6.384361090861008226e-01
7.759531365069043396e-01 3.448769721687737766e-01 -4.384546077775092199e-01
4.644385174681691097e-01 -1.165107542979976207e-01 -4.520005017299684180e-01
1.904573696728629750e-01 -3.332975522745142971e-01 1.466220984694668328e-01
1.909102100719002326e-01 -4.541649556549600675e-01 -2.013903770917435665e-01
2.354808889885085521e-01 -3.717950808385465100e-01 -2.157566876508399956e-01
1.612293133969198711e-01 -5.159855277006935026e-01 -1.365980745728085921e-01
2.414771162010755923e-01 -2.782629989803244719e-01 6.804193156990867575e-01
3.631366683718901811e-01 -3.037318773386392667e-01 7.592309706623876497e-01
4.689671179305023863e-01 -3.013290760510666244e-01 7.718554788911571318e-01
5.531969209417852973e-01 -2.692497203937098682e-01 7.465573934313094462e-01
6.079382534312129938e-01 -2.186378669748296755e-01 6.931090770750458763e-01
6.385075148545669155e-01 -7.981862353751434380e-02 4.954153715976676864e-01
8.515753917501542869e-01 2.833351659234353281e-01 2.458432065955818979e-01
5.840311870479730771e-01 -1.161026776256344206e-01 3.252903510177637125e-01
5.106392106482946502e-01 -1.554403825173132914e-01 2.875219303438636409e-01
4.147475710124115533e-01 -1.836727747972988212e-01 2.883427458471548022e-01
3.235790833240290709e-01 -1.997014107641924552e-01 3.161445530601180165e-01
2.540282746535619807e-01 -2.054210597213005363e-01 3.538830716599881132e-01
2.061063640997418123e-01 -2.132532667419251293e-01 3.895634816250108656e-01
8.570639946234326345e-01 5.539822933003817340e-01 2.862758458971129683e-01
2.346090606258732225e-01 -3.320081127999655601e-01 -2.377442543585718271e-01
1.460616945175107761e-01 -4.394453977574301895e-01 1.021145536784316410e-01
1.405661173703764144e-01 -5.108176123179037909e-01 -2.167661461390681943e-01
1.022154184498046403e-01 -4.739359538632853530e-01 -2.630796118128890804e-01
1.404929628205906500e-01 -4.725635221213908554e-01 -2.289220888954358601e-01
2.155438746537743366e-01 -3.037016838943954467e-01 -2.648237082624563810e-01
8.713677251768192633e-02 -4.915150024721504085e-01 -2.756181100813355211e-01
8.447945603176534868e-02 -4.012502484439421924e-01 -2.872049008148059857e-01
2.059042076382381348e-01 -1.872801847173946044e-01 4.812202825410514251e-01
1.686555414672373243e-01 -2.287772382265413906e-01 4.505088511873216461e-01
1.460508476163674962e-01 -2.783351344176662190e-01 4.268738442920142484e-01
5.532995765813635280e-01 -1.619008464645959045e-01 5.497017711989491406e-01
5.979241532534893544e-01 -1.664183681064358433e-01 6.016509137473868840e-01
-3.838052612634632599e-01 -1.823353447968545371e-01 5.710930834672450773e-01
-3.079249490256934507e-01 -1.894063900258136091e-01 5.691431961693795838e-01
-3.828651256029336203e-01 -1.921436374319707152e-01 6.778544058952340468e-01
-4.607102866327688062e-01 -1.752024793208566411e-01 5.742213077734985571e-01
-3.854283972221259624e-01 -1.725300297424443574e-01 4.659595970802801190e-01
4.156882029363921927e-01 -1.898690139043134328e-01 5.357048506432967594e-01
4.899713267045087139e-01 -1.965997641954441155e-01 5.315476478886494993e-01
4.146166283561263377e-01 -1.998444409802484500e-01 6.420680581097142348e-01
3.408148801354795587e-01 -1.831678621832959486e-01 5.408713963820019899e-01
4.170399536821367548e-01 -1.799128702081886910e-01 4.292461127140403399e-01
