4.877217411994934082e-01 5.888693928718566895e-01 -4.502608254551887512e-02
4.850776195526123047e-01 5.299392938613891602e-01 -6.329527497291564941e-02
4.851835966110229492e-01 5.523860454559326172e-01 -3.791609406471252441e-02
4.685204029083251953e-01 4.836582839488983154e-01 -4.138228669762611389e-02
4.835234582424163818e-01 5.130942463874816895e-01 -6.513702124357223511e-02
4.808295965194702148e-01 4.938555359840393066e-01 -5.764181911945343018e-02
4.737311303615570068e-01 4.512126147747039795e-01 -1.825807429850101471e-02
3.940761387348175049e-01 4.714758694171905518e-01 2.085874415934085846e-02
4.692847430706024170e-01 4.184861779212951660e-01 -5.223352462053298950e-03
4.671130478382110596e-01 3.982889652252197266e-01 -3.958877641707658768e-03
4.590289890766143799e-01 3.309369683265686035e-01 2.221680991351604462e-02
4.884333908557891846e-01 5.958702564239501953e-01 -4.443418234586715698e-02
4.890775084495544434e-01 6.040785908699035645e-01 -4.109655693173408508e-02
4.895455241203308105e-01 6.098632216453552246e-01 -3.593299537897109985e-02
4.901608526706695557e-01 6.179685592651367188e-01 -3.591553494334220886e-02
4.909850358963012695e-01 6.241552233695983887e-01 -3.835098445415496826e-02
4.918870329856872559e-01 6.323574185371398926e-01 -4.179709777235984802e-02
4.928269982337951660e-01 6.417366862297058105e-01 -4.137347638607025146e-02
4.952453374862670898e-01 6.650984287261962891e-01 -3.221190720796585083e-02
4.854120314121246338e-01 5.403039455413818359e-01 -5.853097885847091675e-02
4.737831950187683105e-01 5.444378256797790527e-01 -4.417892545461654663e-02
3.412339389324188232e-01 4.373875260353088379e-01 8.305664360523223877e-02
4.261267185211181641e-01 4.778431653976440430e-01 9.786739945411682129e-03
4.148355126380920410e-01 4.816972017288208008e-01 9.418033063411712646e-03
4.038330018520355225e-01 4.834108948707580566e-01 1.182930171489715576e-02
3.891257941722869873e-01 4.793201684951782227e-01 2.112512104213237762e-02
4.355754554271697998e-01 4.714475572109222412e-01 1.230037771165370941e-02
4.040596187114715576e-01 4.363007545471191406e-01 8.332747966051101685e-03
4.170292913913726807e-01 4.344218969345092773e-01 1.010893285274505615e-02
3.926631808280944824e-01 4.425859153270721436e-01 1.084770075976848602e-02
3.858568966388702393e-01 4.511481225490570068e-01 1.476309634745121002e-02
3.792112171649932861e-01 4.925770163536071777e-01 2.491412498056888580e-02
4.529339969158172607e-01 7.014446258544921875e-01 -2.707923203706741333e-02
3.897436559200286865e-01 4.690937697887420654e-01 2.477324940264225006e-02
3.430306911468505859e-01 5.052425861358642578e-01 7.514185458421707153e-02
3.641637861728668213e-01 4.859146773815155029e-01 3.752116486430168152e-02
4.231788516044616699e-01 5.434157848358154297e-01 -1.206218358129262924e-02
4.732863605022430420e-01 5.887784957885742188e-01 -4.430707544088363647e-02
4.766983985900878906e-01 6.070217490196228027e-01 -4.052750393748283386e-02
4.593871831893920898e-01 6.010414361953735352e-01 -3.940796852111816406e-02
4.511733651161193848e-01 6.131333112716674805e-01 -3.272202238440513611e-02
4.660947918891906738e-01 6.125521659851074219e-01 -3.714786097407341003e-02
4.581588506698608398e-01 6.190900802612304688e-01 -3.050259687006473541e-02
4.393013417720794678e-01 6.510816216468811035e-01 -2.070915699005126953e-02
4.749874770641326904e-01 5.317071080207824707e-01 -6.288974732160568237e-02
4.719009399414062500e-01 5.161332488059997559e-01 -6.451215595006942749e-02
3.653916418552398682e-01 4.417818784713745117e-01 2.010099217295646667e-02
4.412842392921447754e-01 4.984093904495239258e-01 -5.996520631015300751e-03
4.443514347076416016e-01 5.404503345489501953e-01 -3.649006038904190063e-02
4.422704279422760010e-01 5.334052443504333496e-01 -3.199562802910804749e-02
3.895438909530639648e-01 5.527521371841430664e-01 1.184272186947055161e-04
4.700925350189208984e-01 4.981690049171447754e-01 -5.508679151535034180e-02
3.906469643115997314e-01 4.154578447341918945e-01 4.125610925257205963e-03
3.752871155738830566e-01 4.262779355049133301e-01 1.127436012029647827e-02
3.495525717735290527e-01 4.028500914573669434e-01 6.549054384231567383e-02
4.437309801578521729e-01 4.170271158218383789e-01 -3.328814171254634857e-03
4.291521608829498291e-01 4.381686151027679443e-01 1.395141426473855972e-02
4.293644428253173828e-01 6.376057863235473633e-01 -1.653319597244262695e-02
3.680733740329742432e-01 6.597026586532592773e-01 8.057264238595962524e-02
4.543097615242004395e-01 5.475234389305114746e-01 -3.240727633237838745e-02
4.648868739604949951e-01 5.502690672874450684e-01 -3.408353775739669800e-02
4.438072443008422852e-01 6.330137252807617188e-01 -1.721885800361633301e-02
4.466986060142517090e-01 6.315262317657470703e-01 -1.984021253883838654e-02
3.669020533561706543e-01 4.179920554161071777e-01 1.865164935588836670e-02
4.443483650684356689e-01 5.499204397201538086e-01 -3.124318458139896393e-02
4.129921793937683105e-01 4.111673235893249512e-01 -8.348962874151766300e-04
4.091293215751647949e-01 3.989246785640716553e-01 -1.044849981553852558e-03
3.935466706752777100e-01 3.509477674961090088e-01 2.999082952737808228e-02
3.588808774948120117e-01 4.102873802185058594e-01 3.938914835453033447e-02
4.030074775218963623e-01 3.739480972290039062e-01 1.472211349755525589e-02
3.571431040763854980e-01 4.373632073402404785e-01 3.120049275457859039e-02
3.496589064598083496e-01 4.391423463821411133e-01 5.617369338870048523e-02
4.747186601161956787e-01 5.983190536499023438e-01 -4.392537847161293030e-02
4.627479612827301025e-01 6.072176098823547363e-01 -3.909263759851455688e-02
4.545337855815887451e-01 6.162528395652770996e-01 -3.273758664727210999e-02
4.575403034687042236e-01 5.505751371383666992e-01 -3.024426847696304321e-02
4.453078210353851318e-01 6.322844624519348145e-01 -1.856881007552146912e-02
4.507123231887817383e-01 6.328241229057312012e-01 -2.597204409539699554e-02
4.481649994850158691e-01 6.306796073913574219e-01 -2.013757079839706421e-02
4.604615867137908936e-01 5.372395515441894531e-01 -4.715402796864509583e-02
4.608021974563598633e-01 6.206271648406982422e-01 -2.853219211101531982e-02
4.686248004436492920e-01 6.156992912292480469e-01 -3.262028843164443970e-02
4.784197807312011719e-01 6.121343374252319336e-01 -3.571001812815666199e-02
4.794451296329498291e-01 6.675647497177124023e-01 -3.297690674662590027e-02
4.785256981849670410e-01 6.434519886970520020e-01 -4.184687510132789612e-02
4.782173931598663330e-01 6.339985728263854980e-01 -4.199462756514549255e-02
4.783718287944793701e-01 6.257977485656738281e-01 -3.815079480409622192e-02
4.788498878479003906e-01 6.199689507484436035e-01 -3.565074130892753601e-02
4.609408080577850342e-01 6.251234412193298340e-01 -2.845910005271434784e-02
4.591990709304809570e-01 6.285134553909301758e-01 -3.092560172080993652e-02
4.570112526416778564e-01 6.333463191986083984e-01 -3.370786085724830627e-02
4.553929865360260010e-01 6.390495300292968750e-01 -3.262480720877647400e-02
4.391571879386901855e-01 6.003691554069519043e-01 -2.701833844184875488e-02
3.473506867885589600e-01 5.847794413566589355e-01 1.103597581386566162e-01
4.852155148983001709e-01 5.460912585258483887e-01 -4.471436887979507446e-02
4.549795091152191162e-01 6.277571320533752441e-01 -2.363861165940761566e-02
4.529767632484436035e-01 6.300075054168701172e-01 -2.539699524641036987e-02
4.693120121955871582e-01 5.560655593872070312e-01 -3.620035573840141296e-02
4.498651921749114990e-01 5.601814985275268555e-01 -2.398167364299297333e-02
4.672147929668426514e-01 5.531801581382751465e-01 -3.522442281246185303e-02
4.299343228340148926e-01 5.116330981254577637e-01 -4.586471710354089737e-03
4.133045375347137451e-01 5.267624855041503906e-01 -3.957435954362154007e-03
4.409299194812774658e-01 5.428695082664489746e-01 -2.662630751729011536e-02
3.659770190715789795e-01 3.733431696891784668e-01 4.595133662223815918e-02
3.755842745304107666e-01 3.879309892654418945e-01 2.598155662417411804e-02
3.846759498119354248e-01 4.042406380176544189e-01 8.576075546443462372e-03
4.498102962970733643e-01 6.582908034324645996e-01 -2.673675492405891418e-02
4.371598660945892334e-01 3.966196775436401367e-01 -4.909749142825603485e-03
4.312777221202850342e-01 3.674312233924865723e-01 9.010176174342632294e-03
4.237332344055175781e-01 3.381496071815490723e-01 2.172657288610935211e-02
3.947306573390960693e-01 4.830673336982727051e-01 1.637850701808929443e-02
3.676520586013793945e-01 5.074441432952880859e-01 2.909709326922893524e-02
4.416869580745697021e-01 4.655682742595672607e-01 1.487593632191419601e-02
3.743476271629333496e-01 4.617129266262054443e-01 2.398756146430969238e-02
4.487771689891815186e-01 4.849385023117065430e-01 -8.317694067955017090e-03
4.518511891365051270e-01 5.296697616577148438e-01 -4.622013121843338013e-02
3.558272123336791992e-01 5.267488956451416016e-01 3.857428207993507385e-02
3.769926130771636963e-01 5.157311558723449707e-01 1.718246005475521088e-02
3.926437497138977051e-01 5.169624686241149902e-01 6.905209273099899292e-03
4.145810306072235107e-01 5.087080001831054688e-01 3.420641878619790077e-03
4.302472770214080811e-01 4.981077313423156738e-01 3.042615717276930809e-03
4.417454600334167480e-01 4.871328473091125488e-01 2.111568115651607513e-03
4.628084003925323486e-01 4.577931761741638184e-01 -1.531547121703624725e-02
3.615342378616333008e-01 5.591402053833007812e-01 3.003228269517421722e-02
3.639755249023437500e-01 4.626655578613281250e-01 2.960393950343132019e-02
4.794405698776245117e-01 5.408915281295776367e-01 -5.838087946176528931e-02
4.437230825424194336e-01 5.117520689964294434e-01 -1.323470659554004669e-02
3.389725089073181152e-01 5.126466155052185059e-01 1.137718781828880310e-01
4.498715996742248535e-01 4.757500290870666504e-01 2.528810873627662659e-03
4.400623440742492676e-01 5.461923480033874512e-01 -1.506032887846231461e-02
3.837254941463470459e-01 4.712951779365539551e-01 2.639636583626270294e-02
4.498827457427978516e-01 5.213324427604675293e-01 -4.046664014458656311e-02
3.551684617996215820e-01 6.221923232078552246e-01 9.874021261930465698e-02
4.413495361804962158e-01 4.600913822650909424e-01 1.882003806531429291e-02
4.598709642887115479e-01 5.077193379402160645e-01 -4.978106170892715454e-02
3.982643485069274902e-01 6.817921400070190430e-01 1.630325615406036377e-02
3.998097777366638184e-01 7.048144340515136719e-01 3.417818993330001831e-02
3.498449325561523438e-01 5.729908347129821777e-01 6.954888999462127686e-02
3.823148608207702637e-01 6.646175384521484375e-01 3.278173506259918213e-02
3.460493683815002441e-01 4.703647196292877197e-01 6.945046037435531616e-02
4.512840807437896729e-01 7.204587459564208984e-01 -2.377292886376380920e-02
4.805425703525543213e-01 5.463495254516601562e-01 -4.420676454901695251e-02
4.346288740634918213e-01 5.274662971496582031e-01 -1.145014818757772446e-02
3.544132411479949951e-01 4.921611547470092773e-01 4.817020520567893982e-02
4.046198725700378418e-01 4.731865227222442627e-01 1.415320765227079391e-02
4.139847457408905029e-01 4.724591970443725586e-01 1.189940888434648514e-02
4.486594200134277344e-01 6.361793875694274902e-01 -2.466421760618686676e-02
3.673061132431030273e-01 5.917509198188781738e-01 2.828240208327770233e-02
4.756560325622558594e-01 7.399474382400512695e-01 -2.111264318227767944e-02
4.357973635196685791e-01 7.300703525543212891e-01 1.806764281354844570e-03
4.189655482769012451e-01 7.203806638717651367e-01 1.584110222756862640e-02
4.628849327564239502e-01 3.628587126731872559e-01 9.150170721113681793e-03
5.022575855255126953e-01 7.367584705352783203e-01 -2.256121113896369934e-02
4.234099686145782471e-01 4.696198403835296631e-01 1.237986329942941666e-02
4.322797358036041260e-01 4.652354717254638672e-01 1.493593957275152206e-02
4.382704198360443115e-01 4.623274803161621094e-01 1.814359985291957855e-02
3.548218011856079102e-01 4.625343680381774902e-01 4.143510386347770691e-02
4.294514954090118408e-01 4.517714679241180420e-01 1.481686253100633621e-02
4.190649986267089844e-01 4.503171145915985107e-01 1.219152007251977921e-02
4.096198678016662598e-01 4.522537291049957275e-01 1.193211227655410767e-02
4.007425904273986816e-01 4.572658538818359375e-01 1.374850701540708542e-02
3.953548669815063477e-01 4.624011516571044922e-01 1.682661846280097961e-02
3.383415341377258301e-01 4.719086587429046631e-01 1.015464365482330322e-01
3.984039723873138428e-01 4.725412130355834961e-01 1.757504791021347046e-02
4.864901006221771240e-01 5.674579739570617676e-01 -3.754230961203575134e-02
4.487273991107940674e-01 5.858209133148193359e-01 -3.041962161660194397e-02
4.541640281677246094e-01 5.434931516647338867e-01 -3.577593713998794556e-02
4.702822864055633545e-01 5.721513032913208008e-01 -3.827327862381935120e-02
4.712783694267272949e-01 4.365704357624053955e-01 -7.072073873132467270e-03
4.151557683944702148e-01 6.988367438316345215e-01 2.639271318912506104e-03
4.323252141475677490e-01 7.103691101074218750e-01 -1.025408785790205002e-02
4.745003879070281982e-01 7.251566648483276367e-01 -3.477549925446510315e-02
3.837046623229980469e-01 6.867363452911376953e-01 5.752617493271827698e-02
4.374310970306396484e-01 4.563144147396087646e-01 1.725717820227146149e-02
4.579368233680725098e-01 4.825968146324157715e-01 -2.352797612547874451e-02
5.013096332550048828e-01 7.216408252716064453e-01 -3.588720783591270447e-02
4.542928338050842285e-01 7.369912266731262207e-01 -1.241840608417987823e-02
3.572679758071899414e-01 6.079751253128051758e-01 6.211167573928833008e-02
4.689691364765167236e-01 6.221930384635925293e-01 -3.259835392236709595e-02
4.674997925758361816e-01 6.270979046821594238e-01 -3.528745472431182861e-02
4.662644267082214355e-01 6.338829994201660156e-01 -3.848428651690483093e-02
4.657536745071411133e-01 6.422739028930664062e-01 -3.813701868057250977e-02
4.629675149917602539e-01 6.642276048660278320e-01 -3.184097260236740112e-02
4.517971575260162354e-01 6.255419254302978516e-01 -2.482171915471553802e-02
4.486646950244903564e-01 6.249549984931945801e-01 -2.507389523088932037e-02
4.459264874458312988e-01 6.237187385559082031e-01 -2.494459785521030426e-02
4.325137436389923096e-01 6.182370781898498535e-01 -2.162470482289791107e-02
3.845435082912445068e-01 5.922087430953979492e-01 5.625369958579540253e-03
4.558616876602172852e-01 4.699631035327911377e-01 -1.083956472575664520e-02
4.473274350166320801e-01 4.445040225982666016e-01 1.310738641768693924e-02
4.409212470054626465e-01 4.487435221672058105e-01 1.638966053724288940e-02
4.546806514263153076e-01 6.254783868789672852e-01 -2.364764176309108734e-02
3.862950503826141357e-01 6.355795860290527344e-01 1.592074520885944366e-02
4.567136764526367188e-01 4.406333565711975098e-01 -8.163904421962797642e-04
4.576278328895568848e-01 6.826976537704467773e-01 -2.850857749581336975e-02
4.783505201339721680e-01 4.787845015525817871e-01 -4.405327141284942627e-02
4.656089842319488525e-01 4.709892272949218750e-01 -2.897394448518753052e-02
4.760666489601135254e-01 4.650790989398956299e-01 -3.045457229018211365e-02
4.518323242664337158e-01 5.094033479690551758e-01 -2.765344828367233276e-02
4.996293783187866211e-01 7.032378911972045898e-01 -3.932937979698181152e-02
4.972636401653289795e-01 6.828067302703857422e-01 -3.583218902349472046e-02
4.773506820201873779e-01 6.860150098800659180e-01 -3.493253886699676514e-02
4.276060760021209717e-01 6.611813306808471680e-01 -1.560010202229022980e-02
4.326272308826446533e-01 5.627450346946716309e-01 -1.503922976553440094e-02
4.414187967777252197e-01 6.747779250144958496e-01 -2.212772518396377563e-02
4.081362485885620117e-01 5.673293471336364746e-01 -1.179955434054136276e-02
4.248361885547637939e-01 5.824698209762573242e-01 -1.701356098055839539e-02
4.010888934135437012e-01 5.986773967742919922e-01 -7.659947499632835388e-03
4.750989377498626709e-01 7.066931128501892090e-01 -3.776706755161285400e-02
4.447215199470520020e-01 5.222216248512268066e-01 -2.163267321884632111e-02
4.178544580936431885e-01 6.771347522735595703e-01 -7.265503518283367157e-03
4.351747632026672363e-01 6.907160282135009766e-01 -1.634489744901657104e-02
4.169804155826568604e-01 6.423818469047546387e-01 -1.182997599244117737e-02
3.731401562690734863e-01 6.198658943176269531e-01 2.804998308420181274e-02
4.021392166614532471e-01 6.490904092788696289e-01 -1.020404743030667305e-03
3.670095503330230713e-01 6.390347480773925781e-01 5.156807601451873779e-02
4.187414944171905518e-01 6.087701320648193359e-01 -1.568671315908432007e-02
4.510491490364074707e-01 4.968978762626647949e-01 -1.794945634901523590e-02
4.565490484237670898e-01 5.350861549377441406e-01 -4.908772557973861694e-02
4.488094151020050049e-01 5.441096425056457520e-01 -3.809659183025360107e-02
4.613265693187713623e-01 5.217621922492980957e-01 -5.595295503735542297e-02
4.362048506736755371e-01 4.315662980079650879e-01 1.049847621470689774e-02
4.156739711761474609e-01 4.256770014762878418e-01 7.679564412683248520e-03
3.988936543464660645e-01 4.283964633941650391e-01 6.738017313182353973e-03
3.857095241546630859e-01 4.361532330513000488e-01 9.811026044189929962e-03
3.772918283939361572e-01 4.469860792160034180e-01 1.589993201196193695e-02
3.750823140144348145e-01 4.777475595474243164e-01 3.017572872340679169e-02
3.446673154830932617e-01 5.390375852584838867e-01 7.258203625679016113e-02
3.865341246128082275e-01 4.971381723880767822e-01 1.848328486084938049e-02
3.986523747444152832e-01 4.982229173183441162e-01 1.181357260793447495e-02
4.140278100967407227e-01 4.943666756153106689e-01 7.987467572093009949e-03
4.282820820808410645e-01 4.872270524501800537e-01 7.666494697332382202e-03
4.392105042934417725e-01 4.788410961627960205e-01 9.004032239317893982e-03
4.464249610900878906e-01 4.712544381618499756e-01 9.600675664842128754e-03
3.425051569938659668e-01 5.491764545440673828e-01 1.161807700991630554e-01
4.492699503898620605e-01 5.501469373703002930e-01 -3.289731964468955994e-02
4.598841667175292969e-01 4.945569932460784912e-01 -3.496595844626426697e-02
4.658894538879394531e-01 5.322089195251464844e-01 -5.758944898843765259e-02
4.731352031230926514e-01 5.405603051185607910e-01 -5.379952490329742432e-02
4.660333395004272461e-01 5.362646579742431641e-01 -5.236621201038360596e-02
4.532214999198913574e-01 5.554127693176269531e-01 -2.947270683944225311e-02
4.756112694740295410e-01 5.408824086189270020e-01 -5.692644044756889343e-02
4.767091274261474609e-01 5.462273955345153809e-01 -4.418676719069480896e-02
4.452221989631652832e-01 4.591990411281585693e-01 1.730347983539104462e-02
4.512794315814971924e-01 4.605920016765594482e-01 1.036154106259346008e-02
4.549122154712677002e-01 4.614289104938507080e-01 1.801959238946437836e-03
3.922621905803680420e-01 4.660326838493347168e-01 2.018206194043159485e-02
3.818988800048828125e-01 4.605259895324707031e-01 2.065607532858848572e-02
4.882572293281555176e-01 4.801964163780212402e-01 -3.921011090278625488e-02
5.493801236152648926e-01 4.445903599262237549e-01 3.639939054846763611e-02
4.948868751525878906e-01 5.411638021469116211e-01 -4.247398301959037781e-02
5.756397843360900879e-01 3.988385200500488281e-01 1.070936545729637146e-01
5.196560621261596680e-01 4.612502455711364746e-01 1.987362094223499298e-02
5.309563279151916504e-01 4.620954394340515137e-01 2.154911682009696960e-02
5.412321090698242188e-01 4.604691267013549805e-01 2.581565082073211670e-02
5.533368587493896484e-01 4.503664374351501465e-01 3.757911920547485352e-02
5.098193883895874023e-01 4.570076465606689453e-01 2.029437944293022156e-02
5.336166620254516602e-01 4.124015569686889648e-01 2.085521630942821503e-02
5.206920504570007324e-01 4.151178002357482910e-01 1.997042819857597351e-02
5.454583764076232910e-01 4.144017100334167480e-01 2.538629993796348572e-02
5.529064536094665527e-01 4.205472767353057861e-01 3.047224320471286774e-02
5.621276497840881348e-01 4.606666266918182373e-01 4.269609972834587097e-02
5.403399467468261719e-01 6.840102672576904297e-01 -1.967621967196464539e-02
5.524945855140686035e-01 4.394758343696594238e-01 4.099186882376670837e-02
5.881599783897399902e-01 4.635469615459442139e-01 9.954631328582763672e-02
5.720012187957763672e-01 4.490453600883483887e-01 5.756069347262382507e-02
5.356000661849975586e-01 5.240036845207214355e-01 -1.814579009078443050e-03
5.012702941894531250e-01 5.834601521492004395e-01 -4.163730889558792114e-02
5.011391639709472656e-01 6.022253036499023438e-01 -3.812387958168983459e-02
5.160385966300964355e-01 5.900333523750305176e-01 -3.392414003610610962e-02
5.251634120941162109e-01 5.985646843910217285e-01 -2.526429854333400726e-02
5.115863680839538574e-01 6.033862233161926270e-01 -3.248230367898941040e-02
5.195704102516174316e-01 6.066007614135742188e-01 -2.427734993398189545e-02
5.423928499221801758e-01 6.331632733345031738e-01 -1.129710488021373749e-02
4.945932626724243164e-01 5.284653306007385254e-01 -6.145088002085685730e-02
4.947215914726257324e-01 5.121787190437316895e-01 -6.285157799720764160e-02
5.668059587478637695e-01 4.071738123893737793e-01 3.882680088281631470e-02
5.097570419311523438e-01 4.865811765193939209e-01 7.307012565433979034e-04
5.198754668235778809e-01 5.273417830467224121e-01 -3.006524033844470978e-02
5.195990800857543945e-01 5.198092460632324219e-01 -2.538190595805644989e-02
5.657785534858703613e-01 5.223544836044311523e-01 1.694859191775321960e-02
4.914988577365875244e-01 4.944062232971191406e-01 -5.295067280530929565e-02
5.426002740859985352e-01 3.899730741977691650e-01 1.708901859819889069e-02
5.573091506958007812e-01 3.953225314617156982e-01 2.747433073818683624e-02
5.648745298385620117e-01 3.684574961662292480e-01 8.697133511304855347e-02
4.943211078643798828e-01 4.080130159854888916e-01 9.549200767651200294e-04
5.095984339714050293e-01 4.230287969112396240e-01 2.204390428960323334e-02
5.487691164016723633e-01 6.170536279678344727e-01 -4.993365611881017685e-03
5.931773185729980469e-01 6.179899573326110840e-01 1.033697798848152161e-01
5.113346576690673828e-01 5.379303693771362305e-01 -2.768419496715068817e-02
5.024185180664062500e-01 5.441012382507324219e-01 -3.170817345380783081e-02
5.342401862144470215e-01 6.144475340843200684e-01 -7.313236594200134277e-03
5.312025547027587891e-01 6.139850020408630371e-01 -1.117624901235103607e-02
5.619528293609619141e-01 3.856949210166931152e-01 3.591127321124076843e-02
5.204250812530517578e-01 5.366274118423461914e-01 -2.493450231850147247e-02
5.221678018569946289e-01 3.928541541099548340e-01 8.014044724404811859e-03
5.236207246780395508e-01 3.804141879081726074e-01 8.124435320496559143e-03
5.211554169654846191e-01 3.316612839698791504e-01 4.219520837068557739e-02
5.614217519760131836e-01 3.771982789039611816e-01 5.851384624838829041e-02
5.190636515617370605e-01 3.559430241584777832e-01 2.530875056982040405e-02
5.714358687400817871e-01 4.013020396232604980e-01 5.131434649229049683e-02
5.724959373474121094e-01 4.019739627838134766e-01 7.786752283573150635e-02
5.016875267028808594e-01 5.931431055068969727e-01 -4.127156361937522888e-02
5.139477252960205078e-01 5.971806049346923828e-01 -3.399734571576118469e-02
5.225325226783752441e-01 6.026362180709838867e-01 -2.598776109516620636e-02
5.085345506668090820e-01 5.419532060623168945e-01 -2.635803446173667908e-02
5.326968431472778320e-01 6.142559647560119629e-01 -9.466309100389480591e-03
5.282627940177917480e-01 6.168711781501770020e-01 -1.833387091755867004e-02
5.296636819839477539e-01 6.137051582336425781e-01 -1.172388345003128052e-02
5.058527588844299316e-01 5.298947691917419434e-01 -4.278634488582611084e-02
5.170369148254394531e-01 6.088842749595642090e-01 -2.264613844454288483e-02
5.094347000122070312e-01 6.073478460311889648e-01 -2.822268381714820862e-02
5.001434683799743652e-01 6.078208088874816895e-01 -3.324151784181594849e-02
5.100944638252258301e-01 6.620098948478698730e-01 -3.064985759556293488e-02
5.062096118927001953e-01 6.380624175071716309e-01 -3.932445868849754333e-02
5.046201944351196289e-01 6.287898421287536621e-01 -3.940578550100326538e-02
5.027552843093872070e-01 6.208785772323608398e-01 -3.560027852654457092e-02
5.008375048637390137e-01 6.154381036758422852e-01 -3.321955725550651550e-02
5.174117088317871094e-01 6.131980419158935547e-01 -2.262829989194869995e-02
5.199346542358398438e-01 6.159473657608032227e-01 -2.510653436183929443e-02
5.229421854019165039e-01 6.199777126312255859e-01 -2.762307226657867432e-02
5.256239175796508789e-01 6.250184178352355957e-01 -2.612400427460670471e-02
5.339119434356689453e-01 5.840178728103637695e-01 -1.849100552499294281e-02
5.940175056457519531e-01 5.416308045387268066e-01 1.355500817298889160e-01
5.230327844619750977e-01 6.134265065193176270e-01 -1.631392911076545715e-02
5.254811048507690430e-01 6.148681640625000000e-01 -1.806382276117801666e-02
4.999268651008605957e-01 5.509982109069824219e-01 -3.384897112846374512e-02
5.163369774818420410e-01 5.485362410545349121e-01 -1.896731369197368622e-02
5.011001229286193848e-01 5.476495027542114258e-01 -3.293094784021377563e-02
5.221772193908691406e-01 4.957068562507629395e-01 4.382988438010215759e-03
5.402246117591857910e-01 5.050490498542785645e-01 8.037219755351543427e-03
5.217348337173461914e-01 5.286720991134643555e-01 -1.978757791221141815e-02
5.476332902908325195e-01 3.451440930366516113e-01 6.344664841890335083e-02
5.444275140762329102e-01 3.610664010047912598e-01 4.132622852921485901e-02
5.455743670463562012e-01 3.779883384704589844e-01 2.226431667804718018e-02
5.344784855842590332e-01 6.431513428688049316e-01 -1.905292831361293793e-02
4.972694218158721924e-01 3.869822323322296143e-01 -2.412155736237764359e-04
4.928154647350311279e-01 3.579791486263275146e-01 1.453902758657932281e-02
4.926567077636718750e-01 3.278899788856506348e-01 2.785102091729640961e-02
5.492142438888549805e-01 4.569170176982879639e-01 3.192434459924697876e-02
5.735371112823486328e-01 4.715953469276428223e-01 4.886504635214805603e-02
5.031476616859436035e-01 4.527389407157897949e-01 2.202120982110500336e-02
5.626059770584106445e-01 4.278991818428039551e-01 4.203582927584648132e-02
5.009112954139709473e-01 4.759189486503601074e-01 -2.952305600047111511e-03
5.125337839126586914e-01 5.193743705749511719e-01 -4.101565480232238770e-02
5.859658122062683105e-01 4.873636066913604736e-01 6.105821207165718079e-02
5.682048797607421875e-01 4.831357002258300781e-01 3.583371266722679138e-02
5.556610822677612305e-01 4.896975457668304443e-01 2.271296828985214233e-02
5.350115299224853516e-01 4.883661270141601562e-01 1.548501197248697281e-02
5.191742777824401855e-01 4.822376370429992676e-01 1.225399877876043320e-02
5.070242881774902344e-01 4.749090075492858887e-01 9.042427875101566315e-03
4.847456216812133789e-01 4.540624618530273438e-01 -1.306343544274568558e-02
5.882439017295837402e-01 5.197762250900268555e-01 5.237993597984313965e-02
5.699155926704406738e-01 4.263682365417480469e-01 4.938668012619018555e-02
4.909235835075378418e-01 5.390675663948059082e-01 -5.721985921263694763e-02
5.112487077713012695e-01 4.999521076679229736e-01 -6.676414515823125839e-03
5.877014994621276855e-01 4.703222513198852539e-01 1.398987621068954468e-01
4.979199171066284180e-01 4.663067460060119629e-01 7.954427041113376617e-03
5.218126773834228516e-01 5.317857265472412109e-01 -8.263316005468368530e-03
5.568124055862426758e-01 4.400404989719390869e-01 4.354157298803329468e-02
5.116848945617675781e-01 5.105348229408264160e-01 -3.519054502248764038e-02
5.954820513725280762e-01 5.789664387702941895e-01 1.230564042925834656e-01
5.021250247955322266e-01 4.469341635704040527e-01 2.626751735806465149e-02
5.015470981597900391e-01 5.004484653472900391e-01 -4.596186429262161255e-02
5.800207853317260742e-01 6.468756198883056641e-01 3.302311897277832031e-02
5.799655914306640625e-01 6.691603660583496094e-01 5.167256668210029602e-02
5.963396430015563965e-01 5.296453237533569336e-01 9.384914487600326538e-02
5.887326002120971680e-01 6.259206533432006836e-01 5.242507159709930420e-02
5.797814130783081055e-01 4.310577213764190674e-01 9.269507229328155518e-02
5.451006889343261719e-01 7.010723948478698730e-01 -1.568758860230445862e-02
4.895963072776794434e-01 5.449501276016235352e-01 -4.352157562971115112e-02
5.219535827636718750e-01 5.122686624526977539e-01 -3.432858269661664963e-03
5.795633196830749512e-01 4.524716734886169434e-01 7.017754763364791870e-02
5.400628447532653809e-01 4.513155817985534668e-01 2.786199934780597687e-02
5.308306813240051270e-01 4.533169269561767578e-01 2.402668260037899017e-02
5.308702588081359863e-01 6.194833517074584961e-01 -1.646734587848186493e-02
5.894411802291870117e-01 5.525180101394653320e-01 4.990086704492568970e-02
5.271336436271667480e-01 7.291840314865112305e-01 -1.655520685017108917e-02
5.577719211578369141e-01 7.044324874877929688e-01 1.312813162803649902e-02
5.689659714698791504e-01 6.896094083786010742e-01 3.008898161351680756e-02
5.211234092712402344e-01 4.526379704475402832e-01 2.274864166975021362e-02
5.118384957313537598e-01 4.501200616359710693e-01 2.384761907160282135e-02
5.055739283561706543e-01 4.486501812934875488e-01 2.615195699036121368e-02
5.753563642501831055e-01 4.241880178451538086e-01 6.276775151491165161e-02
5.117433667182922363e-01 4.353548884391784668e-01 2.386085316538810730e-02
5.212888717651367188e-01 4.304417967796325684e-01 2.272751741111278534e-02
5.311987400054931641e-01 4.287719726562500000e-01 2.419951744377613068e-02
5.408876538276672363e-01 4.304524064064025879e-01 2.766911126673221588e-02
5.467275381088256836e-01 4.339040815830230713e-01 3.174229338765144348e-02
5.823095440864562988e-01 4.310331344604492188e-01 1.270170658826828003e-01
5.457882881164550781e-01 4.480145573616027832e-01 3.241401910781860352e-02
5.231654644012451172e-01 5.729983448982238770e-01 -2.382250875234603882e-02
5.113244056701660156e-01 5.340147018432617188e-01 -3.123188205063343048e-02
5.023090243339538574e-01 5.668277740478515625e-01 -3.554987162351608276e-02
5.699482560157775879e-01 6.683003306388854980e-01 1.625762879848480225e-02
5.582965612411499023e-01 6.847056746482849121e-01 5.123280570842325687e-04
5.264318585395812988e-01 7.145385146141052246e-01 -3.036440163850784302e-02
5.874847173690795898e-01 6.477082967758178711e-01 7.796745002269744873e-02
5.051318407058715820e-01 4.420740008354187012e-01 2.538694441318511963e-02
4.949415624141693115e-01 4.762065410614013672e-01 -1.989471167325973511e-02
5.445289611816406250e-01 7.177950143814086914e-01 -4.051915369927883148e-03
5.969047546386718750e-01 5.649729371070861816e-01 8.551509678363800049e-02
5.099615454673767090e-01 6.135555505752563477e-01 -2.819249778985977173e-02
5.125051140785217285e-01 6.178030371665954590e-01 -3.073908388614654541e-02
5.151115059852600098e-01 6.240159273147583008e-01 -3.373140096664428711e-02
5.174101591110229492e-01 6.320914030075073242e-01 -3.318778425455093384e-02
5.240865945816040039e-01 6.531169414520263672e-01 -2.630874887108802795e-02
5.259863734245300293e-01 6.102156639099121094e-01 -1.712178438901901245e-02
5.288442373275756836e-01 6.085958480834960938e-01 -1.662379130721092224e-02
5.312991142272949219e-01 6.064993143081665039e-01 -1.591622829437255859e-02
5.427931547164916992e-01 5.993207693099975586e-01 -1.096252910792827606e-02
5.768688917160034180e-01 5.583530068397521973e-01 2.382079698145389557e-02
4.924398362636566162e-01 4.637393355369567871e-01 -7.137981709092855453e-03
4.940342605113983154e-01 4.348769187927246094e-01 1.787533052265644073e-02
5.004281401634216309e-01 4.365080893039703369e-01 2.330292016267776489e-02
5.230764746665954590e-01 6.111513972282409668e-01 -1.623635366559028625e-02
5.822966694831848145e-01 5.999366044998168945e-01 3.441080451011657715e-02
4.853130280971527100e-01 4.346457719802856445e-01 2.007059287279844284e-03
5.322329401969909668e-01 6.682667732238769531e-01 -2.222084626555442810e-02
4.866796135902404785e-01 4.673318266868591309e-01 -2.705528028309345245e-02
5.058482289314270020e-01 5.000205636024475098e-01 -2.282928116619586945e-02
5.159623622894287109e-01 6.784796118736267090e-01 -3.189660981297492981e-02
5.541100502014160156e-01 6.380883455276489258e-01 -4.605759866535663605e-03
5.312852859497070312e-01 5.453180074691772461e-01 -6.600633729249238968e-03
5.446406602859497070e-01 6.553221344947814941e-01 -1.346203219145536423e-02
5.535089969635009766e-01 5.420895218849182129e-01 1.357662491500377655e-03
5.421957373619079590e-01 5.619289875030517578e-01 -6.570752244442701340e-03
5.651223063468933105e-01 5.697410106658935547e-01 7.277586497366428375e-03
5.226101875305175781e-01 6.972623467445373535e-01 -3.368614986538887024e-02
5.135176181793212891e-01 5.101449489593505859e-01 -1.559541840106248856e-02
5.649330615997314453e-01 6.491566300392150879e-01 5.482430569827556610e-03
5.529800653457641602e-01 6.675994396209716797e-01 -6.455587688833475113e-03
5.600799322128295898e-01 6.169117689132690430e-01 1.482381601817905903e-03
5.895459055900573730e-01 5.809715986251831055e-01 4.876520857214927673e-02
5.728489160537719727e-01 6.176897287368774414e-01 1.449683587998151779e-02
5.952903628349304199e-01 5.973100662231445312e-01 7.384383678436279297e-02
5.525559782981872559e-01 5.853998661041259766e-01 -3.418606705963611603e-03
5.027202367782592773e-01 4.879454970359802246e-01 -1.274070795625448227e-02
5.093671083450317383e-01 5.263436436653137207e-01 -4.435619711875915527e-02
5.165497064590454102e-01 5.325435996055603027e-01 -3.267259523272514343e-02
5.041387677192687988e-01 5.144642591476440430e-01 -5.223694816231727600e-02
5.025833845138549805e-01 4.191795587539672852e-01 1.698785275220870972e-02
5.211095809936523438e-01 4.069755971431732178e-01 1.711714826524257660e-02
5.374605655670166016e-01 4.039427638053894043e-01 1.915868744254112244e-02
5.505886673927307129e-01 4.069344997406005859e-01 2.492425031960010529e-02
5.590629577636718750e-01 4.145923852920532227e-01 3.284661099314689636e-02
5.634361505508422852e-01 4.444851279258728027e-01 4.849106818437576294e-02
5.936630964279174805e-01 4.960380792617797852e-01 9.757594764232635498e-02
5.574900507926940918e-01 4.678337872028350830e-01 3.526207804679870605e-02
5.474048852920532227e-01 4.731006920337677002e-01 2.640129625797271729e-02
5.331928133964538574e-01 4.739905893802642822e-01 1.998262293636798859e-02
5.189517736434936523e-01 4.708722233772277832e-01 1.718113198876380920e-02
5.076357722282409668e-01 4.655987322330474854e-01 1.622156426310539246e-02
4.996978044509887695e-01 4.602964520454406738e-01 1.549669168889522552e-02
5.908756256103515625e-01 5.065147280693054199e-01 1.421492844820022583e-01
5.163069367408752441e-01 5.385959148406982422e-01 -2.755450271070003510e-02
4.972603023052215576e-01 4.880382120609283447e-01 -3.124322928488254547e-02
5.019094944000244141e-01 5.262199044227600098e-01 -5.459985136985778809e-02
4.956601858139038086e-01 5.369946360588073730e-01 -5.201700329780578613e-02
5.013964176177978516e-01 5.306042432785034180e-01 -4.927043244242668152e-02
5.129799842834472656e-01 5.449957251548767090e-01 -2.496344223618507385e-02
4.941100478172302246e-01 5.379545092582702637e-01 -5.549100413918495178e-02
4.928207993507385254e-01 5.436445474624633789e-01 -4.297340288758277893e-02
4.984987974166870117e-01 4.474803209304809570e-01 2.355924621224403381e-02
4.932350814342498779e-01 4.515249729156494141e-01 1.503526885062456131e-02
4.906618893146514893e-01 4.539835453033447266e-01 5.613505374640226364e-03
5.499852299690246582e-01 4.367827773094177246e-01 3.578710928559303284e-02
5.572164058685302734e-01 4.285834431648254395e-01 3.728548064827919006e-02
4.163114428520202637e-01 4.596734642982482910e-01 1.628087274730205536e-02
4.273842573165893555e-01 4.570828676223754883e-01 1.628087274730205536e-02
4.144102931022644043e-01 4.469583034515380859e-01 1.628087274730205536e-02
4.049527049064636230e-01 4.623038768768310547e-01 1.628087274730205536e-02
4.180441796779632568e-01 4.724572896957397461e-01 1.628087274730205536e-02
5.302623510360717773e-01 4.393575787544250488e-01 2.825518883764743805e-02
5.413379669189453125e-01 4.380777180194854736e-01 2.825518883764743805e-02
5.295439958572387695e-01 4.258632659912109375e-01 2.825518883764743805e-02
5.191215276718139648e-01 4.406299591064453125e-01 2.825518883764743805e-02
5.310247540473937988e-01 4.528774917125701904e-01 2.825518883764743805e-02
