-1.894622668623924255e-02 -2.571955025196075439e-01 -4.986473023891448975e-01
2.179837226867675781e-02 -4.607220888137817383e-01 -2.000522911548614502e-01
2.324906736612319946e-02 -2.915893495082855225e-01 -2.638035118579864502e-01
-3.246700018644332886e-02 -4.177961051464080811e-01 1.276128590106964111e-01
2.160174027085304260e-02 -4.937606453895568848e-01 -1.081997081637382507e-01
2.059133537113666534e-02 -4.847845435142517090e-01 2.227868512272834778e-02
2.276244759559631348e-02 -3.563636839389801025e-01 3.545116186141967773e-01
-4.273848533630371094e-01 -1.127173453569412231e-01 4.460353851318359375e-01
2.321477979421615601e-02 -3.410760164260864258e-01 6.070086956024169922e-01
2.225927077233791351e-02 -3.680690526962280273e-01 7.288163900375366211e-01
2.090318873524665833e-02 -3.567543327808380127e-01 1.157233834266662598e+00
-1.811413280665874481e-02 -2.439054846763610840e-01 -5.275202393531799316e-01
-1.646559499204158783e-02 -2.196164429187774658e-01 -5.529751777648925781e-01
-1.350552402436733246e-02 -1.869995892047882080e-01 -5.677487254142761230e-01
-1.537047699093818665e-02 -1.905838847160339355e-01 -5.722623467445373535e-01
-1.624597981572151184e-02 -1.938199698925018311e-01 -6.124721169471740723e-01
-1.804249733686447144e-02 -2.029508054256439209e-01 -6.600907444953918457e-01
-1.780869066715240479e-02 -1.919032335281372070e-01 -7.074276208877563477e-01
1.192475855350494385e-02 -1.300430893898010254e-01 -7.821570038795471191e-01
2.076008915901184082e-02 -4.228718280792236328e-01 -2.406333982944488525e-01
-4.014439135789871216e-02 -3.360477983951568604e-01 -2.226327955722808838e-01
-6.630815863609313965e-01 1.370896697044372559e-01 8.496916294097900391e-01
-2.539077401161193848e-01 -1.696783602237701416e-01 3.427903652191162109e-01
-3.189306855201721191e-01 -1.627415120601654053e-01 3.364062607288360596e-01
-3.794773221015930176e-01 -1.447888612747192383e-01 3.480408191680908203e-01
-4.534735083580017090e-01 -9.947931766510009766e-02 4.204596877098083496e-01
-1.966097652912139893e-01 -1.653270125389099121e-01 3.665912151336669922e-01
-3.456603884696960449e-01 -2.208034098148345947e-01 6.334528326988220215e-01
-2.714005708694458008e-01 -2.201398015022277832e-01 6.193861961364746094e-01
-4.113497734069824219e-01 -1.971744596958160400e-01 6.188159584999084473e-01
-4.529787302017211914e-01 -1.668716073036193848e-01 5.827687382698059082e-01
-5.080516338348388672e-01 -5.912937968969345093e-02 3.676848411560058594e-01
-2.230094820261001587e-01 -2.607942372560501099e-02 -8.896971344947814941e-01
-4.481793642044067383e-01 -9.633157402276992798e-02 4.828758239746093750e-01
-6.840851902961730957e-01 2.122008204460144043e-01 4.612790942192077637e-01
-5.774691700935363770e-01 -3.879997879266738892e-03 4.505673944950103760e-01
-2.970879673957824707e-01 -1.778431236743927002e-01 -4.445645213127136230e-02
-9.011148661375045776e-02 -2.523064017295837402e-01 -4.745791852474212646e-01
-7.904899120330810547e-02 -2.117020189762115479e-01 -5.424871444702148438e-01
-1.526636034250259399e-01 -2.134495377540588379e-01 -4.900828897953033447e-01
-1.929322183132171631e-01 -1.658369898796081543e-01 -5.049108266830444336e-01
-1.303160488605499268e-01 -1.880958378314971924e-01 -5.356817841529846191e-01
-1.687946468591690063e-01 -1.463078260421752930e-01 -5.304526090621948242e-01
-2.840881943702697754e-01 -5.479609966278076172e-02 -5.982559919357299805e-01
-3.220931813120841980e-02 -4.539013504981994629e-01 -1.934320032596588135e-01
-4.172511398792266846e-02 -4.845264852046966553e-01 -1.039641872048377991e-01
-5.374732613563537598e-01 -1.578449904918670654e-01 6.685420274734497070e-01
-1.668502539396286011e-01 -2.184551954269409180e-01 1.792114377021789551e-01
-1.789263337850570679e-01 -3.018905818462371826e-01 -1.334513127803802490e-01
-1.839239895343780518e-01 -2.897129058837890625e-01 -7.925382256507873535e-02
-4.836443662643432617e-01 -9.800162166357040405e-02 -7.513884454965591431e-03
-3.766550496220588684e-02 -4.640402197837829590e-01 1.816056296229362488e-02
-3.926646113395690918e-01 -2.756128609180450439e-01 7.526869773864746094e-01
-4.782999157905578613e-01 -2.230110764503479004e-01 7.280040383338928223e-01
-5.997714996337890625e-01 -3.904520533978939056e-03 9.869500994682312012e-01
-1.137894839048385620e-01 -3.232853114604949951e-01 6.441286802291870117e-01
-2.056261599063873291e-01 -1.986316144466400146e-01 5.733609795570373535e-01
-3.309956192970275879e-01 -4.942703247070312500e-02 -5.106464028358459473e-01
-6.054222583770751953e-01 4.845032393932342529e-01 -3.651568591594696045e-01
-1.312067210674285889e-01 -2.722780406475067139e-01 -1.862395703792572021e-01
-8.165156841278076172e-02 -2.735151350498199463e-01 -2.161932587623596191e-01
-2.417166084051132202e-01 -5.996014922857284546e-02 -5.217853784561157227e-01
-2.288148999214172363e-01 -7.634966820478439331e-02 -5.249313712120056152e-01
-5.098252892494201660e-01 -2.008121013641357422e-01 7.927497625350952148e-01
-1.827578246593475342e-01 -2.621439695358276367e-01 -1.673544049263000488e-01
-2.747212648391723633e-01 -3.105536699295043945e-01 7.338413000106811523e-01
-2.844469547271728516e-01 -3.322224318981170654e-01 8.061265349388122559e-01
-3.444986939430236816e-01 -2.671935856342315674e-01 1.145912051200866699e+00
-5.538107156753540039e-01 -1.168414801359176636e-01 8.777022361755371094e-01
-3.069437146186828613e-01 -3.030186593532562256e-01 9.677445888519287109e-01
-5.719658732414245605e-01 -1.101520061492919922e-01 7.209876775741577148e-01
-6.167312264442443848e-01 7.235186174511909485e-03 7.685676217079162598e-01
-8.640959858894348145e-02 -2.383447289466857910e-01 -5.141060352325439453e-01
-1.418966799974441528e-01 -2.030951678752899170e-01 -5.152572393417358398e-01
-1.818081736564636230e-01 -1.608004868030548096e-01 -5.186320543289184570e-01
-1.168232411146163940e-01 -2.565156221389770508e-01 -2.015474438667297363e-01
-2.349802851676940918e-01 -6.836930662393569946e-02 -5.234764814376831055e-01
-2.124413549900054932e-01 -1.046925932168960571e-01 -5.487321019172668457e-01
-2.212835848331451416e-01 -7.852844148874282837e-02 -5.261117219924926758e-01
-1.022337302565574646e-01 -3.642967939376831055e-01 -1.722105443477630615e-01
-1.588693410158157349e-01 -1.339840590953826904e-01 -5.393507480621337891e-01
-1.194402277469635010e-01 -1.604968011379241943e-01 -5.474658608436584473e-01
-7.106152921915054321e-02 -1.814636886119842529e-01 -5.581430792808532715e-01
-7.415062934160232544e-02 -1.248243749141693115e-01 -7.748582959175109863e-01
-9.201750159263610840e-02 -1.880804896354675293e-01 -6.943236589431762695e-01
-8.909526467323303223e-02 -1.989492774009704590e-01 -6.466845273971557617e-01
-8.172295987606048584e-02 -1.886379122734069824e-01 -5.999901294708251953e-01
-7.328251004219055176e-02 -1.852592527866363525e-01 -5.626527070999145508e-01
-1.603218615055084229e-01 -1.361315250396728516e-01 -5.401430726051330566e-01
-1.737279295921325684e-01 -1.425096690654754639e-01 -5.567507743835449219e-01
-1.873912662267684937e-01 -1.490364074707031250e-01 -5.788973569869995117e-01
-1.970740109682083130e-01 -1.352480649948120117e-01 -6.032945513725280762e-01
-2.543109655380249023e-01 -1.579794287681579590e-01 -3.827927112579345703e-01
-6.771748661994934082e-01 5.144429206848144531e-01 1.051412746310234070e-01
2.414281293749809265e-02 -3.377687633037567139e-01 -2.495637238025665283e-01
-1.879500448703765869e-01 -1.035780683159828186e-01 -5.324233770370483398e-01
-2.002626955509185791e-01 -1.073090508580207825e-01 -5.400126576423645020e-01
-6.130901724100112915e-02 -2.738579213619232178e-01 -2.528461217880249023e-01
-1.606677621603012085e-01 -2.103223502635955811e-01 -2.154641151428222656e-01
-7.114285230636596680e-02 -2.748503088951110840e-01 -2.349532544612884521e-01
-2.328386604785919189e-01 -1.894223392009735107e-01 1.334668844938278198e-01
-3.366017937660217285e-01 -1.614883244037628174e-01 8.113871514797210693e-02
-1.943346112966537476e-01 -2.490859031677246094e-01 -1.134623363614082336e-01
-4.992284774780273438e-01 -1.457634568214416504e-01 1.088915824890136719e+00
-4.552505612373352051e-01 -2.174332141876220703e-01 9.487543702125549316e-01
-4.126501083374023438e-01 -2.739149332046508789e-01 8.259574770927429199e-01
-2.295594513416290283e-01 -8.252945542335510254e-02 -6.665149331092834473e-01
-1.316812783479690552e-01 -3.616589903831481934e-01 7.660303115844726562e-01
-1.531453728675842285e-01 -3.504754900932312012e-01 9.558005928993225098e-01
-1.772769540548324585e-01 -3.365770578384399414e-01 1.164334774017333984e+00
-4.281316399574279785e-01 -1.196224838495254517e-01 3.753121793270111084e-01
-5.789873003959655762e-01 -1.431657373905181885e-02 3.105637729167938232e-01
-1.584943234920501709e-01 -1.606723368167877197e-01 3.899764716625213623e-01
-5.109618902206420898e-01 -1.099080815911293030e-01 5.487728714942932129e-01
-1.226679980754852295e-01 -2.489207386970520020e-01 2.328837513923645020e-01
-1.418384760618209839e-01 -3.682679533958435059e-01 -1.112732216715812683e-01
-6.355308294296264648e-01 6.169791519641876221e-02 2.589679658412933350e-01
-5.392951965332031250e-01 -6.323286145925521851e-02 2.337704002857208252e-01
-4.605397582054138184e-01 -1.175934299826622009e-01 1.862257719039916992e-01
-3.384581804275512695e-01 -1.490783095359802246e-01 1.899471580982208252e-01
-2.477301806211471558e-01 -1.691559851169586182e-01 2.213961482048034668e-01
-1.798360347747802734e-01 -1.916162669658660889e-01 2.584443390369415283e-01
-3.750116378068923950e-02 -3.292497694492340088e-01 3.394179940223693848e-01
-6.235470771789550781e-01 6.827610731124877930e-02 6.371892988681793213e-02
-5.618984699249267578e-01 -8.149489015340805054e-02 5.705950856208801270e-01
-1.279460545629262924e-02 -4.190982580184936523e-01 -2.351796627044677734e-01
-1.621109098196029663e-01 -2.327916920185089111e-01 8.034904301166534424e-02
-7.013869881629943848e-01 4.134683012962341309e-01 5.041908621788024902e-01
-1.269440799951553345e-01 -2.075023651123046875e-01 3.013093173503875732e-01
-1.982241421937942505e-01 -1.870742142200469971e-01 -1.082519665360450745e-01
-4.735356569290161133e-01 -8.402434736490249634e-02 4.830989539623260498e-01
-1.452395021915435791e-01 -3.526096045970916748e-01 -4.558304697275161743e-02
-6.491914987564086914e-01 5.157422423362731934e-01 -1.217984482645988464e-01
-1.549039930105209351e-01 -1.501861810684204102e-01 4.241476655006408691e-01
-9.399274736642837524e-02 -4.215031862258911133e-01 -4.414059221744537354e-03
-4.849411845207214355e-01 1.846674382686614990e-01 -6.436418890953063965e-01
-4.788095951080322266e-01 3.088329434394836426e-01 -7.274758219718933105e-01
-6.729018688201904297e-01 2.931467592716217041e-01 7.995031774044036865e-02
-5.578851699829101562e-01 2.470138370990753174e-01 -5.045518875122070312e-01
-6.529821753501892090e-01 1.255683004856109619e-01 6.308305263519287109e-01
-2.338694185018539429e-01 2.147929556667804718e-02 -9.709036350250244141e-01
-2.168427221477031708e-03 -3.330615758895874023e-01 -2.442979812622070312e-01
-2.194183021783828735e-01 -1.997107863426208496e-01 2.006000466644763947e-02
-6.318411827087402344e-01 6.043758243322372437e-02 4.469670951366424561e-01
-3.691906929016113281e-01 -1.456399857997894287e-01 3.976687192916870117e-01
-3.157455325126647949e-01 -1.608648002147674561e-01 3.853825628757476807e-01
-2.225096523761749268e-01 -9.251572936773300171e-02 -5.594317913055419922e-01
-6.082882881164550781e-01 1.127983257174491882e-01 -1.171876266598701477e-01
-1.147162616252899170e-01 5.085672065615653992e-02 -1.088133454322814941e+00
-3.042618036270141602e-01 1.655413806438446045e-01 -9.529755115509033203e-01
-3.855289220809936523e-01 2.294929921627044678e-01 -8.621721267700195312e-01
2.144914306700229645e-02 -3.666420578956604004e-01 9.391389489173889160e-01
1.888205483555793762e-02 3.146230429410934448e-02 -1.107709646224975586e+00
-2.609899640083312988e-01 -1.651293337345123291e-01 3.916479051113128662e-01
-2.072911709547042847e-01 -1.599077284336090088e-01 4.076653122901916504e-01
-1.716662347316741943e-01 -1.496152281761169434e-01 4.167487621307373047e-01
-6.057589650154113770e-01 -2.089304476976394653e-02 6.041997671127319336e-01
-2.194147706031799316e-01 -1.801294088363647461e-01 5.057578682899475098e-01
-2.786464691162109375e-01 -1.922860443592071533e-01 5.416892170906066895e-01
-3.352679014205932617e-01 -1.892375946044921875e-01 5.504561066627502441e-01
-3.885975480079650879e-01 -1.716828644275665283e-01 5.377287864685058594e-01
-4.202169179916381836e-01 -1.486824452877044678e-01 5.147839784622192383e-01
-6.935114264488220215e-01 2.869086563587188721e-01 6.990193128585815430e-01
-4.041507840156555176e-01 -1.277523338794708252e-01 4.204136729240417480e-01
2.018320187926292419e-02 -2.681612372398376465e-01 -3.360305726528167725e-01
-1.898350268602371216e-01 -1.993881165981292725e-01 -3.448821902275085449e-01
-1.307145357131958008e-01 -2.975300252437591553e-01 -1.750824749469757080e-01
-6.975974142551422119e-02 -2.609558403491973877e-01 -3.352868258953094482e-01
2.308541722595691681e-02 -3.252793848514556885e-01 4.840489923954010010e-01
-4.025402665138244629e-01 1.380018293857574463e-01 -7.724379897117614746e-01
-3.225843906402587891e-01 8.449663966894149780e-02 -8.730835914611816406e-01
-1.222669482231140137e-01 -3.515387326478958130e-02 -1.042909383773803711e+00
-5.469308495521545410e-01 4.055193066596984863e-01 -5.702922344207763672e-01
-1.755293905735015869e-01 -1.630344688892364502e-01 4.553194046020507812e-01
-8.029993623495101929e-02 -3.305624425411224365e-01 1.884087324142456055e-01
1.388467289507389069e-02 -5.248695611953735352e-02 -1.060864329338073730e+00
-2.173328697681427002e-01 9.704072773456573486e-02 -1.032882332801818848e+00
-6.502898931503295898e-01 3.097745478153228760e-01 -1.237299591302871704e-01
-1.216555237770080566e-01 -1.637400090694427490e-01 -5.502889156341552734e-01
-1.351745128631591797e-01 -1.696857810020446777e-01 -5.784667730331420898e-01
-1.460998952388763428e-01 -1.773397028446197510e-01 -6.141656041145324707e-01
-1.526581197977066040e-01 -1.652373671531677246e-01 -6.557430028915405273e-01
-1.615374088287353516e-01 -1.112929433584213257e-01 -7.294857501983642578e-01
-1.992302238941192627e-01 -1.091564595699310303e-01 -5.270711183547973633e-01
-2.109879106283187866e-01 -1.108224391937255859e-01 -5.207470655441284180e-01
-2.209265977144241333e-01 -1.125161796808242798e-01 -5.136445760726928711e-01
-3.043745160102844238e-01 -1.056125462055206299e-01 -4.399173259735107422e-01
-5.304716825485229492e-01 -5.649916827678680420e-03 -1.901777684688568115e-01
-7.896764576435089111e-02 -2.851310074329376221e-01 2.929471433162689209e-01
-1.107448041439056396e-01 -2.007201910018920898e-01 4.923335313796997070e-01
-1.499683856964111328e-01 -1.775728166103363037e-01 4.872655868530273438e-01
-1.871751844882965088e-01 -1.027753278613090515e-01 -5.328417420387268066e-01
-5.346275568008422852e-01 1.144708767533302307e-01 -3.945475518703460693e-01
-5.894114822149276733e-02 -2.813949882984161377e-01 4.819233119487762451e-01
-1.949602663516998291e-01 -6.485503911972045898e-02 -8.066061139106750488e-01
2.130725607275962830e-02 -4.405668377876281738e-01 1.355689167976379395e-01
-3.626155853271484375e-02 -3.790519535541534424e-01 2.274206578731536865e-01
2.222159504890441895e-02 -3.964311480522155762e-01 2.409560382366180420e-01
-1.254266798496246338e-01 -3.097267448902130127e-01 4.428517445921897888e-02
1.211183518171310425e-02 -9.825688600540161133e-02 -9.791742563247680664e-01
1.217073481529951096e-02 -1.128215715289115906e-01 -8.738316297531127930e-01
-9.404247254133224487e-02 -9.752534329891204834e-02 -8.632190227508544922e-01
-3.396957516670227051e-01 -1.254396513104438782e-02 -6.267517209053039551e-01
-2.544722557067871094e-01 -1.622502207756042480e-01 -1.726489961147308350e-01
-2.748935818672180176e-01 -3.446787968277931213e-02 -7.285133600234985352e-01
-3.979735374450683594e-01 -1.375811696052551270e-01 -1.405065059661865234e-01
-3.150249719619750977e-01 -1.391182839870452881e-01 -2.549822032451629639e-01
-4.510765075683593750e-01 -6.842847168445587158e-02 -2.749817073345184326e-01
-1.146790087223052979e-01 -7.900755852460861206e-02 -9.635545611381530762e-01
-1.629901379346847534e-01 -2.577303349971771240e-01 8.759200572967529297e-04
-3.874187469482421875e-01 5.525604635477066040e-02 -6.839590072631835938e-01
-3.070618510246276855e-01 2.398029342293739319e-02 -7.915826439857482910e-01
-3.891554474830627441e-01 -1.933273673057556152e-02 -5.119981169700622559e-01
-5.898694992065429688e-01 1.551784574985504150e-01 -2.703008353710174561e-01
-4.624850153923034668e-01 4.464722797274589539e-02 -5.114817619323730469e-01
-6.171987652778625488e-01 3.069016635417938232e-01 -3.167257308959960938e-01
-3.667904734611511230e-01 -9.366913139820098877e-02 -3.615842759609222412e-01
-1.200349330902099609e-01 -2.790174484252929688e-01 1.361108422279357910e-01
-1.219546794891357422e-01 -3.776419460773468018e-01 -1.570632159709930420e-01
-1.589232683181762695e-01 -3.047176599502563477e-01 -1.666581630706787109e-01
-9.550324827432632446e-02 -4.291458129882812500e-01 -1.042853221297264099e-01
-1.629108786582946777e-01 -2.305780649185180664e-01 5.868304371833801270e-01
-2.696755528450012207e-01 -2.462614774703979492e-01 6.578468084335327148e-01
-3.616766929626464844e-01 -2.414275109767913818e-01 6.735577583312988281e-01
-4.364228844642639160e-01 -2.129899859428405762e-01 6.567895412445068359e-01
-4.867681860923767090e-01 -1.697081029415130615e-01 6.166625618934631348e-01
-5.180158019065856934e-01 -5.438136309385299683e-02 4.664216041564941406e-01
-6.879789829254150391e-01 2.544993758201599121e-01 2.738345265388488770e-01
-4.755918979644775391e-01 -8.696077764034271240e-02 3.197754323482513428e-01
-4.137735962867736816e-01 -1.215270906686782837e-01 2.813382446765899658e-01
-3.300096392631530762e-01 -1.483000516891479492e-01 2.723194360733032227e-01
-2.488191574811935425e-01 -1.645278036594390869e-01 2.886984944343566895e-01
-1.843810975551605225e-01 -1.698425114154815674e-01 3.169546127319335938e-01
-1.396817117929458618e-01 -1.780306994915008545e-01 3.434323668479919434e-01
-6.920074820518493652e-01 4.833665490150451660e-01 3.107852637767791748e-01
-1.585777699947357178e-01 -2.708806395530700684e-01 -1.858014762401580811e-01
-8.099747449159622192e-02 -3.682817518711090088e-01 9.499437361955642700e-02
-7.877584546804428101e-02 -4.251844584941864014e-01 -1.734892129898071289e-01
-4.673238843679428101e-02 -3.941000998020172119e-01 -2.151672840118408203e-01
-7.895687222480773926e-02 -3.932744264602661133e-01 -1.833926141262054443e-01
-1.419336944818496704e-01 -2.463454902172088623e-01 -2.101532220840454102e-01
-3.371994569897651672e-02 -4.098075628280639648e-01 -2.269178628921508789e-01
-2.449883520603179932e-02 -3.337031900882720947e-01 -2.371129691600799561e-01
-1.341259926557540894e-01 -1.578259766101837158e-01 4.195120632648468018e-01
-1.043791696429252625e-01 -1.917168796062469482e-01 3.915923833847045898e-01
-8.722201734781265259e-02 -2.326599359512329102e-01 3.684399724006652832e-01
-4.366054534912109375e-01 -1.254318356513977051e-01 4.971167445182800293e-01
-4.767041802406311035e-01 -1.263241469860076904e-01 5.405715107917785645e-01
7.520963251590728760e-02 -4.174153506755828857e-01 1.229305416345596313e-01
4.568783640861511230e-01 -1.224146336317062378e-01 4.341081976890563965e-01
8.562657237052917480e-02 -3.396933376789093018e-01 -2.282344102859497070e-01
6.721822023391723633e-01 1.177581548690795898e-01 7.790054678916931152e-01
2.787979841232299805e-01 -1.722739040851593018e-01 4.237249195575714111e-01
3.404359221458435059e-01 -1.676625311374664307e-01 4.230446219444274902e-01
3.990786075592041016e-01 -1.520364284515380859e-01 4.224314689636230469e-01
4.767692685127258301e-01 -1.089580953121185303e-01 4.300846755504608154e-01
2.278134971857070923e-01 -1.674927771091461182e-01 4.279505014419555664e-01
3.733937144279479980e-01 -2.287590503692626953e-01 5.121845006942749023e-01
3.006154894828796387e-01 -2.265014648437500000e-01 4.971375167369842529e-01
4.390453100204467773e-01 -2.084705233573913574e-01 4.992919266223907471e-01
4.795725345611572266e-01 -1.804054081439971924e-01 4.672489464282989502e-01
5.224798321723937988e-01 -7.128756493330001831e-02 3.548364043235778809e-01
2.441308200359344482e-01 -3.637354075908660889e-02 -9.002922773361206055e-01
4.790273308753967285e-01 -1.066373139619827271e-01 4.365941584110260010e-01
7.058668136596679688e-01 1.943105161190032959e-01 3.931510746479034424e-01
5.876677036285400391e-01 -1.899382844567298889e-02 4.020912945270538330e-01
3.279432058334350586e-01 -1.861081123352050781e-01 -7.318911701440811157e-02
5.456913262605667114e-02 -2.519004046916961670e-01 -4.818563759326934814e-01
4.900817573070526123e-02 -2.103882431983947754e-01 -5.495160818099975586e-01
1.255440115928649902e-01 -2.111012935638427734e-01 -5.044576525688171387e-01
1.740324199199676514e-01 -1.613899469375610352e-01 -5.239402055740356445e-01
1.063022986054420471e-01 -1.850456595420837402e-01 -5.486147999763488770e-01
1.528209596872329712e-01 -1.427258551120758057e-01 -5.479620695114135742e-01
2.918748259544372559e-01 -6.085738539695739746e-02 -6.192426085472106934e-01
7.386095821857452393e-02 -4.570755958557128906e-01 -1.983808279037475586e-01
8.189939707517623901e-02 -4.880345463752746582e-01 -1.098055765032768250e-01
5.540661811828613281e-01 -1.724975109100341797e-01 6.126697063446044922e-01
2.040497511625289917e-01 -2.203907966613769531e-01 1.621876657009124756e-01
2.176487445831298828e-01 -3.086665868759155273e-01 -1.494556963443756104e-01
2.213287204504013062e-01 -2.964303195476531982e-01 -9.582750499248504639e-02
5.063499808311462402e-01 -1.091455519199371338e-01 -5.349592864513397217e-02
7.873772829771041870e-02 -4.647057056427001953e-01 1.325975544750690460e-02
4.232735633850097656e-01 -2.896703183650970459e-01 7.195475101470947266e-01
5.024597644805908203e-01 -2.381213903427124023e-01 6.907492280006408691e-01
6.128911972045898438e-01 -2.282263338565826416e-02 9.206538796424865723e-01
1.580648422241210938e-01 -3.268021643161773682e-01 6.261842250823974609e-01
2.389340102672576904e-01 -2.017810642719268799e-01 4.632942974567413330e-01
3.403953909873962402e-01 -5.479952692985534668e-02 -5.367717146873474121e-01
6.459970474243164062e-01 4.652768373489379883e-01 -4.152624309062957764e-01
1.731650978326797485e-01 -2.791810035705566406e-01 -1.983645558357238770e-01
1.260700523853302002e-01 -2.817799448966979980e-01 -2.252087295055389404e-01
2.426293641328811646e-01 -5.414962023496627808e-02 -5.471789240837097168e-01
2.261922657489776611e-01 -7.282227277755737305e-02 -5.489721298217773438e-01
5.314752459526062012e-01 -2.165125608444213867e-01 7.474675774574279785e-01
2.199048399925231934e-01 -2.699696421623229980e-01 -1.834341287612915039e-01
3.132911324501037598e-01 -3.226229548454284668e-01 7.055819630622863770e-01
3.231067061424255371e-01 -3.449478149414062500e-01 7.725986242294311523e-01
3.725472688674926758e-01 -2.799135148525238037e-01 1.103337049484252930e+00
5.728264451026916504e-01 -1.326570510864257812e-01 8.221831917762756348e-01
3.400444984436035156e-01 -3.137403130531311035e-01 9.327874183654785156e-01
5.873187184333801270e-01 -1.249426379799842834e-01 6.650780439376831055e-01
6.340497136116027832e-01 -8.739770390093326569e-03 7.075103521347045898e-01
5.225377157330513000e-02 -2.373287975788116455e-01 -5.213688611984252930e-01
1.157805547118186951e-01 -2.003635466098785400e-01 -5.290622115135192871e-01
1.634292304515838623e-01 -1.571750640869140625e-01 -5.368754863739013672e-01
1.594762802124023438e-01 -2.642094194889068604e-01 -2.124821543693542480e-01
2.341233342885971069e-01 -6.436534225940704346e-02 -5.483095049858093262e-01
2.020786553621292114e-01 -1.022163182497024536e-01 -5.699247717857360840e-01
2.180710285902023315e-01 -7.460733503103256226e-02 -5.491712689399719238e-01
1.423554867506027222e-01 -3.665329515933990479e-01 -1.828645467758178711e-01
1.445950269699096680e-01 -1.301094591617584229e-01 -5.553938150405883789e-01
9.984645247459411621e-02 -1.569044589996337891e-01 -5.591292381286621094e-01
4.671291634440422058e-02 -1.787642538547515869e-01 -5.643664598464965820e-01
9.346954524517059326e-02 -1.274828016757965088e-01 -7.801057696342468262e-01
5.825917422771453857e-02 -1.872604489326477051e-01 -7.010406255722045898e-01
5.443853139877319336e-02 -1.967850923538208008e-01 -6.528745293617248535e-01
5.107132717967033386e-02 -1.857889294624328613e-01 -6.057522296905517578e-01
4.521391168236732483e-02 -1.817501187324523926e-01 -5.679202079772949219e-01
1.435259431600570679e-01 -1.320791840553283691e-01 -5.548055768013000488e-01
1.552223265171051025e-01 -1.404312252998352051e-01 -5.726123452186584473e-01
1.666413098573684692e-01 -1.478024721145629883e-01 -5.958788394927978516e-01
1.781428903341293335e-01 -1.343148052692413330e-01 -6.210379600524902344e-01
2.739849686622619629e-01 -1.640677750110626221e-01 -4.045163989067077637e-01
7.124726176261901855e-01 4.938201308250427246e-01 3.879889845848083496e-02
1.785274147987365723e-01 -9.815861284732818604e-02 -5.508309602737426758e-01
1.897617578506469727e-01 -1.039568707346916199e-01 -5.599583387374877930e-01
1.057941913604736328e-01 -2.783350050449371338e-01 -2.599335908889770508e-01
2.005046010017395020e-01 -2.200736403465270996e-01 -2.299406528472900391e-01
1.156972721219062805e-01 -2.815927267074584961e-01 -2.433746159076690674e-01
2.670849561691284180e-01 -1.925812363624572754e-01 1.103636324405670166e-01
3.665069341659545898e-01 -1.685778498649597168e-01 4.791926965117454529e-02
2.319836169481277466e-01 -2.565371096134185791e-01 -1.309727430343627930e-01
5.189695358276367188e-01 -1.638627052307128906e-01 1.030733108520507812e+00
4.803145527839660645e-01 -2.325676083564758301e-01 9.004965424537658691e-01
4.432417154312133789e-01 -2.885839045047760010e-01 7.865996360778808594e-01
2.393336296081542969e-01 -8.651202917098999023e-02 -6.816873550415039062e-01
1.781917214393615723e-01 -3.672291934490203857e-01 7.386081218719482422e-01
1.910996139049530029e-01 -3.567468822002410889e-01 9.365626573562622070e-01
2.119429856538772583e-01 -3.452515304088592529e-01 1.140478372573852539e+00
4.485524892807006836e-01 -1.286337077617645264e-01 4.238940179347991943e-01
5.858826637268066406e-01 -3.034947440028190613e-02 2.553571164608001709e-01
1.943736225366592407e-01 -1.603094041347503662e-01 4.316640496253967285e-01
5.320223569869995117e-01 -1.233397647738456726e-01 4.589085578918457031e-01
1.621299088001251221e-01 -2.496302723884582520e-01 2.209566533565521240e-01
1.806354522705078125e-01 -3.738187551498413086e-01 -1.256127059459686279e-01
6.585124731063842773e-01 4.496900364756584167e-02 1.967892348766326904e-01
5.458351969718933105e-01 -7.673418521881103516e-02 1.843764185905456543e-01
4.690450429916381836e-01 -1.285986900329589844e-01 1.454575061798095703e-01
3.537744283676147461e-01 -1.555164158344268799e-01 1.654264479875564575e-01
2.688305974006652832e-01 -1.729877293109893799e-01 2.256493866443634033e-01
2.057236880064010620e-01 -1.943289935588836670e-01 2.786446213722229004e-01
8.214334398508071899e-02 -3.296590149402618408e-01 3.336818218231201172e-01
6.488862037658691406e-01 5.340543016791343689e-02 4.499664530158042908e-03
5.750609040260314941e-01 -9.583937376737594604e-02 4.890759885311126709e-01
5.318662896752357483e-02 -4.198505878448486328e-01 -2.378930151462554932e-01
2.005558013916015625e-01 -2.350678145885467529e-01 6.435250490903854370e-02
7.240492105484008789e-01 3.951289951801300049e-01 4.322373867034912109e-01
1.590672135353088379e-01 -2.085523009300231934e-01 3.326389193534851074e-01
2.393531352281570435e-01 -1.946413815021514893e-01 -1.264094114303588867e-01
5.011497735977172852e-01 -9.462881088256835938e-02 4.365734159946441650e-01
1.826332956552505493e-01 -3.582242131233215332e-01 -5.972007662057876587e-02
6.891621351242065430e-01 4.942221641540527344e-01 -1.805653572082519531e-01
1.943929046392440796e-01 -1.482606828212738037e-01 4.348583817481994629e-01
1.317963302135467529e-01 -4.245333671569824219e-01 -1.430267654359340668e-02
5.112475752830505371e-01 1.665241718292236328e-01 -6.757779121398925781e-01
5.118362903594970703e-01 2.894787788391113281e-01 -7.560002803802490234e-01
7.085532546043395996e-01 2.751164138317108154e-01 1.650159433484077454e-02
5.875672698020935059e-01 2.283599972724914551e-01 -5.468302965164184570e-01
6.730321049690246582e-01 1.088854297995567322e-01 5.653116106986999512e-01
2.588800191879272461e-01 1.067707035690546036e-02 -9.795078039169311523e-01
5.087746679782867432e-02 -3.347340524196624756e-01 -2.467399537563323975e-01
2.546414136886596680e-01 -2.050525844097137451e-01 -1.424077898263931274e-03
6.355706453323364258e-01 4.481306672096252441e-02 3.793370723724365234e-01
3.967138528823852539e-01 -1.530449390411376953e-01 4.329700767993927002e-01
3.437361121177673340e-01 -1.660224795341491699e-01 4.326374232769012451e-01
2.146070152521133423e-01 -8.978602290153503418e-02 -5.814797878265380859e-01
6.357769966125488281e-01 9.749916940927505493e-02 -1.717275083065032959e-01
1.496515274047851562e-01 4.519166424870491028e-02 -1.090566158294677734e+00
3.380806446075439453e-01 1.521397531032562256e-01 -9.631444215774536133e-01
4.193446040153503418e-01 2.134636044502258301e-01 -8.791136145591735840e-01
2.912051081657409668e-01 -1.686137914657592773e-01 4.330695271492004395e-01
2.419500201940536499e-01 -1.605694293975830078e-01 4.339304864406585693e-01
2.102334052324295044e-01 -1.482088267803192139e-01 4.344156384468078613e-01
6.142501831054687500e-01 -3.516701236367225647e-02 5.327866673469543457e-01
2.515118420124053955e-01 -1.812609434127807617e-01 4.383028149604797363e-01
3.055398464202880859e-01 -1.966980993747711182e-01 4.398521184921264648e-01
3.613749146461486816e-01 -1.961764097213745117e-01 4.401954412460327148e-01
4.153686761856079102e-01 -1.810577213764190674e-01 4.394627511501312256e-01
4.474687576293945312e-01 -1.589654982089996338e-01 4.382362961769104004e-01
7.089355587959289551e-01 2.675757408142089844e-01 6.269398331642150879e-01
4.326215386390686035e-01 -1.364019811153411865e-01 4.338527023792266846e-01
2.188742756843566895e-01 -2.043981552124023438e-01 -3.613917827606201172e-01
1.724623739719390869e-01 -3.043508231639862061e-01 -1.877372264862060547e-01
1.065608859062194824e-01 -2.637069821357727051e-01 -3.425647914409637451e-01
4.283093810081481934e-01 1.209252625703811646e-01 -7.951496839523315430e-01
3.471708893775939941e-01 6.929525732994079590e-02 -8.877559900283813477e-01
1.477259993553161621e-01 -4.139906167984008789e-02 -1.047367453575134277e+00
5.847814083099365234e-01 3.864782154560089111e-01 -6.098638772964477539e-01
2.123710960149765015e-01 -1.612124145030975342e-01 4.361959695816040039e-01
1.219435334205627441e-01 -3.320200443267822266e-01 1.791404783725738525e-01
2.508919835090637207e-01 8.732516318559646606e-02 -1.037616252899169922e+00
6.864202618598937988e-01 2.914121448993682861e-01 -1.820398271083831787e-01
9.875308722257614136e-02 -1.593008339405059814e-01 -5.605080723762512207e-01
1.097144484519958496e-01 -1.665332317352294922e-01 -5.895865559577941895e-01
1.178653687238693237e-01 -1.746057868003845215e-01 -6.259967088699340820e-01
1.258760839700698853e-01 -1.630261540412902832e-01 -6.677798032760620117e-01
1.744659543037414551e-01 -1.126911342144012451e-01 -7.387040853500366211e-01
1.903710812330245972e-01 -1.050947010517120361e-01 -5.475423932075500488e-01
2.019186168909072876e-01 -1.054300069808959961e-01 -5.422521829605102539e-01
2.120614051818847656e-01 -1.068152189254760742e-01 -5.361170172691345215e-01
3.169617652893066406e-01 -1.102056577801704407e-01 -4.647213816642761230e-01
5.516216754913330078e-01 -1.998193562030792236e-02 -2.371115088462829590e-01
1.216470003128051758e-01 -2.858144044876098633e-01 2.854508161544799805e-01
1.526495963335037231e-01 -2.025887668132781982e-01 4.509596228599548340e-01
1.872188299894332886e-01 -1.762808859348297119e-01 4.400561451911926270e-01
1.793531477451324463e-01 -9.698703885078430176e-02 -5.519065856933593750e-01
5.590367317199707031e-01 9.786438196897506714e-02 -4.375992417335510254e-01
9.869824349880218506e-02 -2.816565930843353271e-01 4.684709310531616211e-01
2.113104462623596191e-01 -7.205209136009216309e-02 -8.166480660438537598e-01
7.922200858592987061e-02 -3.805495798587799072e-01 2.221758663654327393e-01
1.644338965415954590e-01 -3.138073980808258057e-01 3.098287992179393768e-02
1.151171401143074036e-01 -1.029826998710632324e-01 -8.681527972221374512e-01
3.522250652313232422e-01 -2.321667969226837158e-02 -6.516799330711364746e-01
2.881577610969543457e-01 -1.716056466102600098e-01 -1.961383521556854248e-01
2.878138422966003418e-01 -4.457609355449676514e-02 -7.454870939254760742e-01
4.207437038421630859e-01 -1.499127745628356934e-01 -1.773729324340820312e-01
3.395602107048034668e-01 -1.487587392330169678e-01 -2.837245166301727295e-01
4.696961045265197754e-01 -8.164730668067932129e-02 -3.142108619213104248e-01
1.370691210031509399e-01 -8.463232219219207764e-02 -9.692181944847106934e-01
2.009497433900833130e-01 -2.628941237926483154e-01 -1.464073173701763153e-02
4.069761037826538086e-01 4.025098681449890137e-02 -7.091581821441650391e-01
3.272343277931213379e-01 1.011837925761938095e-02 -8.085879087448120117e-01
4.026915431022644043e-01 -2.818400040268898010e-02 -5.432206988334655762e-01
6.176535487174987793e-01 1.381444931030273438e-01 -3.202250301837921143e-01
4.799082875251770020e-01 2.965951710939407349e-02 -5.463163256645202637e-01
6.523810625076293945e-01 2.899546325206756592e-01 -3.686298429965972900e-01
3.820950984954833984e-01 -1.028005778789520264e-01 -3.938284516334533691e-01
1.601266562938690186e-01 -2.802192568778991699e-01 1.232722401618957520e-01
1.605073809623718262e-01 -3.817901611328125000e-01 -1.692910194396972656e-01
1.979800909757614136e-01 -3.124962151050567627e-01 -1.813484728336334229e-01
1.355532258749008179e-01 -4.338138103485107422e-01 -1.148445606231689453e-01
2.030214071273803711e-01 -2.339490652084350586e-01 5.149572491645812988e-01
3.053064346313476562e-01 -2.553619742393493652e-01 5.798143744468688965e-01
3.942831754684448242e-01 -2.533418238162994385e-01 5.953531861305236816e-01
4.650992155075073242e-01 -2.263711690902709961e-01 5.743542909622192383e-01
5.111228823661804199e-01 -1.838193535804748535e-01 5.280460715293884277e-01
5.368239283561706543e-01 -6.710734963417053223e-02 4.300730228424072266e-01
7.159603238105773926e-01 2.382134795188903809e-01 2.066921889781951904e-01
4.910230636596679688e-01 -9.761309623718261719e-02 3.227917850017547607e-01
4.293189048767089844e-01 -1.306861937046051025e-01 3.017972707748413086e-01
3.486981987953186035e-01 -1.544225215911865234e-01 3.181231021881103516e-01
2.720484733581542969e-01 -1.678985655307769775e-01 3.513249456882476807e-01
2.135737687349319458e-01 -1.727073490619659424e-01 3.843583464622497559e-01
1.732835173606872559e-01 -1.792922616004943848e-01 4.039065837860107422e-01
7.205748558044433594e-01 4.657595157623291016e-01 2.406858503818511963e-01
1.972562223672866821e-01 -2.790038287639617920e-01 -1.998150050640106201e-01
1.228010803461074829e-01 -3.694628477096557617e-01 8.585260808467864990e-02
1.181806847453117371e-01 -4.294384717941284180e-01 -1.822261810302734375e-01
8.593741059303283691e-02 -3.982907235622406006e-01 -2.209839820861816406e-01
1.181191802024841309e-01 -3.971957564353942871e-01 -1.923695504665374756e-01
1.813079714775085449e-01 -2.551342546939849854e-01 -2.225446999073028564e-01
7.326006889343261719e-02 -4.130958914756774902e-01 -2.315405011177062988e-01
7.107209414243698120e-02 -3.370096087455749512e-01 -2.410361468791961670e-01
1.731135547161102295e-01 -1.574554443359375000e-01 4.339637756347656250e-01
1.417968124151229858e-01 -1.923440098762512207e-01 4.186840057373046875e-01
1.227919608354568481e-01 -2.340097129344940186e-01 3.872592151165008545e-01
4.651855230331420898e-01 -1.361178159713745117e-01 4.373227953910827637e-01
5.027035474777221680e-01 -1.399159133434295654e-01 4.470275640487670898e-01
-3.226835131645202637e-01 -1.532980799674987793e-01 4.788874089717864990e-01
-2.588872909545898438e-01 -1.592430472373962402e-01 4.770866036415100098e-01
-3.218930959701538086e-01 -1.615443825721740723e-01 5.612198710441589355e-01
-3.873412609100341797e-01 -1.473011374473571777e-01 4.809980988502502441e-01
-3.240481615066528320e-01 -1.450542807579040527e-01 3.971354961395263672e-01
3.494890332221984863e-01 -1.596319973468780518e-01 4.384245574474334717e-01
4.119424223899841309e-01 -1.652908623218536377e-01 4.371822178363800049e-01
3.485881090164184570e-01 -1.680188179016113281e-01 4.452369809150695801e-01
2.865394353866577148e-01 -1.539980173110961914e-01 4.381096363067626953e-01
3.506255149841308594e-01 -1.512613892555236816e-01 4.318498373031616211e-01
