-8.977241814136505127e-04 -3.274439871311187744e-01 -3.665925264358520508e-01
2.179837226867675781e-02 -4.603680372238159180e-01 -1.997782289981842041e-01
2.829361706972122192e-02 -2.820911407470703125e-01 -2.487592101097106934e-01
-3.246700018644332886e-02 -4.177961051464080811e-01 1.276128590106964111e-01
2.160174027085304260e-02 -4.937606453895568848e-01 -1.081997156143188477e-01
2.059133537113666534e-02 -4.847845435142517090e-01 2.227869629859924316e-02
2.276244759559631348e-02 -3.563636839389801025e-01 3.545115888118743896e-01
-4.273848533630371094e-01 -1.127173453569412231e-01 4.460353553295135498e-01
2.321477979421615601e-02 -3.410760164260864258e-01 6.070086956024169922e-01
2.225927077233791351e-02 -3.680690526962280273e-01 7.288163900375366211e-01
2.090318873524665833e-02 -3.567543327808380127e-01 1.157233834266662598e+00
1.153301447629928589e-03 -3.251178562641143799e-01 -3.822146654129028320e-01
3.522811457514762878e-03 -3.100903034210205078e-01 -4.034328758716583252e-01
5.515199154615402222e-03 -2.755265831947326660e-01 -4.259884059429168701e-01
-1.537047699093818665e-02 -1.905838847160339355e-01 -8.249237537384033203e-01
-1.624597981572151184e-02 -1.938199698925018311e-01 -8.595423102378845215e-01
-1.804249733686447144e-02 -2.029508054256439209e-01 -8.836318850517272949e-01
-1.780869066715240479e-02 -1.919032335281372070e-01 -8.951785564422607422e-01
1.192475855350494385e-02 -1.300430893898010254e-01 -8.977796435356140137e-01
2.076008915901184082e-02 -4.197351634502410889e-01 -2.362538129091262817e-01
-3.965484350919723511e-02 -3.279427289962768555e-01 -2.142174988985061646e-01
-6.630815863609313965e-01 1.370896697044372559e-01 8.496916294097900391e-01
-2.539077401161193848e-01 -1.696783602237701416e-01 3.427903354167938232e-01
-3.189306855201721191e-01 -1.627415120601654053e-01 3.364062607288360596e-01
-3.794773221015930176e-01 -1.447888612747192383e-01 3.480407893657684326e-01
-4.534735083580017090e-01 -9.947931766510009766e-02 4.204597175121307373e-01
-1.966097652912139893e-01 -1.653270125389099121e-01 3.665911853313446045e-01
-3.456603884696960449e-01 -2.208034098148345947e-01 6.334528923034667969e-01
-2.714005708694458008e-01 -2.201398015022277832e-01 6.193861961364746094e-01
-4.113497734069824219e-01 -1.971744596958160400e-01 6.188160181045532227e-01
-4.529787302017211914e-01 -1.668716073036193848e-01 5.827687978744506836e-01
-5.080516338348388672e-01 -5.912938714027404785e-02 3.676848113536834717e-01
-2.230094820261001587e-01 -2.607941627502441406e-02 -9.208697080612182617e-01
-4.481793642044067383e-01 -9.633156657218933105e-02 4.828757941722869873e-01
-6.840851902961730957e-01 2.122008204460144043e-01 4.612791240215301514e-01
-5.774691700935363770e-01 -3.879994153976440430e-03 4.505673944950103760e-01
-2.970879673957824707e-01 -1.778431236743927002e-01 -4.445645213127136230e-02
-7.261821627616882324e-02 -2.976448833942413330e-01 -3.620713353157043457e-01
-5.906058102846145630e-02 -2.830118834972381592e-01 -4.037763178348541260e-01
-1.343579590320587158e-01 -2.355032265186309814e-01 -3.854804039001464844e-01
-1.732070297002792358e-01 -1.781160235404968262e-01 -4.359794259071350098e-01
-1.103276461362838745e-01 -2.303927242755889893e-01 -4.245514273643493652e-01
-1.493115276098251343e-01 -1.645351350307464600e-01 -4.771992862224578857e-01
-2.834473252296447754e-01 -5.479609966278076172e-02 -6.664835810661315918e-01
-3.220931440591812134e-02 -4.535561203956604004e-01 -1.931824982166290283e-01
-4.172511398792266846e-02 -4.845264852046966553e-01 -1.039641797542572021e-01
-5.374732613563537598e-01 -1.578449904918670654e-01 6.685420274734497070e-01
-1.668502539396286011e-01 -2.184551954269409180e-01 1.792114675045013428e-01
-1.789263337850570679e-01 -3.017318248748779297e-01 -1.334363371133804321e-01
-1.839239895343780518e-01 -2.897129058837890625e-01 -7.925382256507873535e-02
-4.836443662643432617e-01 -9.800162911415100098e-02 -7.513880729675292969e-03
-3.766550123691558838e-02 -4.640402197837829590e-01 1.816055178642272949e-02
-3.926646113395690918e-01 -2.756128609180450439e-01 7.526869773864746094e-01
-4.782999157905578613e-01 -2.230110764503479004e-01 7.280040979385375977e-01
-5.997714996337890625e-01 -3.904521465301513672e-03 9.869501590728759766e-01
-1.137894839048385620e-01 -3.232853114604949951e-01 6.441286802291870117e-01
-2.056261599063873291e-01 -1.986316144466400146e-01 5.733610391616821289e-01
-3.275507092475891113e-01 -4.942703247070312500e-02 -5.163081884384155273e-01
-6.054222583770751953e-01 4.845032691955566406e-01 -3.651568591594696045e-01
-1.308778077363967896e-01 -2.670450508594512939e-01 -1.839413642883300781e-01
-7.930406928062438965e-02 -2.642589211463928223e-01 -2.105046361684799194e-01
-2.326090037822723389e-01 -6.034702062606811523e-02 -5.739894509315490723e-01
-2.187120169401168823e-01 -7.690402865409851074e-02 -5.975477099418640137e-01
-5.098252892494201660e-01 -2.008121013641357422e-01 7.927497625350952148e-01
-1.827578246593475342e-01 -2.604504227638244629e-01 -1.669085323810577393e-01
-2.747212648391723633e-01 -3.105536699295043945e-01 7.338413000106811523e-01
-2.844469547271728516e-01 -3.322224318981170654e-01 8.061265945434570312e-01
-3.444986939430236816e-01 -2.671935856342315674e-01 1.145912051200866699e+00
-5.538107156753540039e-01 -1.168414801359176636e-01 8.777022361755371094e-01
-3.069437146186828613e-01 -3.030186593532562256e-01 9.677445888519287109e-01
-5.719658732414245605e-01 -1.101520061492919922e-01 7.209876775741577148e-01
-6.167312264442443848e-01 7.235199213027954102e-03 7.685676813125610352e-01
-6.727674603462219238e-02 -2.977562248706817627e-01 -3.817293047904968262e-01
-1.224362403154373169e-01 -2.356735318899154663e-01 -4.027949571609497070e-01
-1.618197709321975708e-01 -1.769460439682006836e-01 -4.532735049724578857e-01
-1.152959316968917847e-01 -2.496270835399627686e-01 -1.987970173358917236e-01
-2.252218574285507202e-01 -6.894809752702713013e-02 -5.857715010643005371e-01
-2.094020694494247437e-01 -1.046925932168960571e-01 -6.857592463493347168e-01
-2.111931741237640381e-01 -7.899945974349975586e-02 -6.066792011260986328e-01
-1.022337302565574646e-01 -3.614910244941711426e-01 -1.703334301710128784e-01
-1.399470567703247070e-01 -1.514583379030227661e-01 -4.959153831005096436e-01
-1.003226786851882935e-01 -2.040920555591583252e-01 -4.507139921188354492e-01
-5.198900401592254639e-02 -2.546024322509765625e-01 -4.265367388725280762e-01
-7.415062934160232544e-02 -1.248243749141693115e-01 -8.852050900459289551e-01
-9.201750159263610840e-02 -1.880804896354675293e-01 -8.804255723953247070e-01
-8.909526467323303223e-02 -1.989492774009704590e-01 -8.649320602416992188e-01
-8.172295987606048584e-02 -1.886379122734069824e-01 -8.336594104766845703e-01
-7.328251004219055176e-02 -1.852592527866363525e-01 -7.996649146080017090e-01
-1.602835059165954590e-01 -1.361315250396728516e-01 -7.305260896682739258e-01
-1.737279295921325684e-01 -1.425096690654754639e-01 -7.461000680923461914e-01
-1.873912662267684937e-01 -1.490364074707031250e-01 -7.606316804885864258e-01
-1.970740109682083130e-01 -1.352480649948120117e-01 -7.761573791503906250e-01
-2.419398874044418335e-01 -1.586978882551193237e-01 -3.475264310836791992e-01
-6.771748661994934082e-01 5.144429206848144531e-01 1.051412522792816162e-01
2.534940280020236969e-02 -3.295498490333557129e-01 -2.380099892616271973e-01
-1.846776157617568970e-01 -1.035780608654022217e-01 -6.777082085609436035e-01
-1.970148384571075439e-01 -1.073090434074401855e-01 -6.833260655403137207e-01
-5.655386298894882202e-02 -2.644897401332855225e-01 -2.418595701456069946e-01
-1.578479111194610596e-01 -2.057776600122451782e-01 -2.144977152347564697e-01
-6.761598587036132812e-02 -2.651984691619873047e-01 -2.267979830503463745e-01
-2.328386604785919189e-01 -1.894223392009735107e-01 1.334668695926666260e-01
-3.366017937660217285e-01 -1.614883244037628174e-01 8.113870024681091309e-02
-1.943346112966537476e-01 -2.490859031677246094e-01 -1.134623289108276367e-01
-4.992284774780273438e-01 -1.457634568214416504e-01 1.088915824890136719e+00
-4.552505612373352051e-01 -2.174332141876220703e-01 9.487544298171997070e-01
-4.126501083374023438e-01 -2.739149332046508789e-01 8.259575366973876953e-01
-2.295594513416290283e-01 -8.252945542335510254e-02 -7.821363806724548340e-01
-1.316812783479690552e-01 -3.616589903831481934e-01 7.660303115844726562e-01
-1.531453728675842285e-01 -3.504754900932312012e-01 9.558006525039672852e-01
-1.772769540548324585e-01 -3.365770578384399414e-01 1.164334774017333984e+00
-4.281316399574279785e-01 -1.196224838495254517e-01 3.753121793270111084e-01
-5.789873003959655762e-01 -1.431655883789062500e-02 3.105637729167938232e-01
-1.584943234920501709e-01 -1.606723368167877197e-01 3.899764716625213623e-01
-5.109618902206420898e-01 -1.099080741405487061e-01 5.487729310989379883e-01
-1.226679980754852295e-01 -2.489207386970520020e-01 2.328837811946868896e-01
-1.418384760618209839e-01 -3.682679533958435059e-01 -1.112732291221618652e-01
-6.355308294296264648e-01 6.169790029525756836e-02 2.589679658412933350e-01
-5.392951965332031250e-01 -6.323286890983581543e-02 2.337704002857208252e-01
-4.605397582054138184e-01 -1.175934374332427979e-01 1.862257421016693115e-01
-3.384581804275512695e-01 -1.490783095359802246e-01 1.899471580982208252e-01
-2.477301657199859619e-01 -1.691559851169586182e-01 2.213961780071258545e-01
-1.798360347747802734e-01 -1.916162669658660889e-01 2.584443390369415283e-01
-3.750116378068923950e-02 -3.292497694492340088e-01 3.394180238246917725e-01
-6.235470771789550781e-01 6.827610731124877930e-02 6.371894478797912598e-02
-5.618984699249267578e-01 -8.149489760398864746e-02 5.705951452255249023e-01
-1.279460452497005463e-02 -4.160363376140594482e-01 -2.311801165342330933e-01
-1.621109098196029663e-01 -2.327916920185089111e-01 8.034905791282653809e-02
-7.013869881629943848e-01 4.134683012962341309e-01 5.041909217834472656e-01
-1.269440799951553345e-01 -2.075023651123046875e-01 3.013093173503875732e-01
-1.982241421937942505e-01 -1.870742142200469971e-01 -1.082519590854644775e-01
-4.735356569290161133e-01 -8.402433991432189941e-02 4.830989539623260498e-01
-1.452395021915435791e-01 -3.526096045970916748e-01 -4.558303952217102051e-02
-6.491914987564086914e-01 5.157422423362731934e-01 -1.217984557151794434e-01
-1.549039930105209351e-01 -1.501861810684204102e-01 4.241476953029632568e-01
-9.399274736642837524e-02 -4.215031862258911133e-01 -4.414051771163940430e-03
-4.849411845207214355e-01 1.846674382686614990e-01 -6.436418890953063965e-01
-4.788095951080322266e-01 3.088329434394836426e-01 -7.274758219718933105e-01
-6.729018688201904297e-01 2.931467294692993164e-01 7.995030283927917480e-02
-5.578851699829101562e-01 2.470138072967529297e-01 -5.045518875122070312e-01
-6.529821753501892090e-01 1.255683004856109619e-01 6.308305263519287109e-01
-2.338694185018539429e-01 2.147930860519409180e-02 -9.738904237747192383e-01
-8.168821223080158234e-04 -3.245631456375122070e-01 -2.333173155784606934e-01
-2.194183021783828735e-01 -1.997107863426208496e-01 2.006000280380249023e-02
-6.318411827087402344e-01 6.043758988380432129e-02 4.469670951366424561e-01
-3.691906929016113281e-01 -1.456399857997894287e-01 3.976686894893646240e-01
-3.157455325126647949e-01 -1.608648002147674561e-01 3.853825628757476807e-01
-2.196393311023712158e-01 -9.251573681831359863e-02 -6.836581230163574219e-01
-6.082882881164550781e-01 1.127983331680297852e-01 -1.171876192092895508e-01
-1.147162616252899170e-01 5.085670948028564453e-02 -1.088133454322814941e+00
-3.042618036270141602e-01 1.655413806438446045e-01 -9.529755115509033203e-01
-3.855289220809936523e-01 2.294930219650268555e-01 -8.621721267700195312e-01
2.144914306700229645e-02 -3.666420578956604004e-01 9.391390085220336914e-01
1.888205483555793762e-02 3.146231174468994141e-02 -1.107709646224975586e+00
-2.609899640083312988e-01 -1.651293337345123291e-01 3.916479051113128662e-01
-2.072911709547042847e-01 -1.599077284336090088e-01 4.076653420925140381e-01
-1.716662347316741943e-01 -1.496152281761169434e-01 4.167487323284149170e-01
-6.057589650154113770e-01 -2.089303731918334961e-02 6.041997671127319336e-01
-2.194147706031799316e-01 -1.801294088363647461e-01 5.057579278945922852e-01
-2.786464691162109375e-01 -1.922860443592071533e-01 5.416892766952514648e-01
-3.352679014205932617e-01 -1.892375946044921875e-01 5.504561662673950195e-01
-3.885975480079650879e-01 -1.716828644275665283e-01 5.377287864685058594e-01
-4.202169179916381836e-01 -1.486824452877044678e-01 5.147839784622192383e-01
-6.935114264488220215e-01 2.869086265563964844e-01 6.990193128585815430e-01
-4.041507840156555176e-01 -1.277523338794708252e-01 4.204137027263641357e-01
3.151658177375793457e-02 -2.808312177658081055e-01 -3.004981875419616699e-01
-1.782670319080352783e-01 -1.987969577312469482e-01 -3.172568678855895996e-01
-1.307145357131958008e-01 -2.931118905544281006e-01 -1.728450804948806763e-01
-5.825514346361160278e-02 -2.694993317127227783e-01 -3.022924959659576416e-01
2.308541722595691681e-02 -3.252793848514556885e-01 4.840489923954010010e-01
-4.025402665138244629e-01 1.380018293857574463e-01 -7.724379897117614746e-01
-3.225843906402587891e-01 8.449664711952209473e-02 -8.756073117256164551e-01
-1.222669482231140137e-01 -3.515386581420898438e-02 -1.043596744537353516e+00
-5.469308495521545410e-01 4.055193066596984863e-01 -5.702922344207763672e-01
-1.755293905735015869e-01 -1.630344688892364502e-01 4.553193747997283936e-01
-8.029993623495101929e-02 -3.305624425411224365e-01 1.884087026119232178e-01
1.388467289507389069e-02 -5.248695611953735352e-02 -1.061991691589355469e+00
-2.173328697681427002e-01 9.704071283340454102e-02 -1.032882332801818848e+00
-6.502898931503295898e-01 3.097745180130004883e-01 -1.237299740314483643e-01
-1.216555237770080566e-01 -1.637400090694427490e-01 -7.637991309165954590e-01
-1.351745128631591797e-01 -1.696857810020446777e-01 -7.894775271415710449e-01
-1.460998952388763428e-01 -1.773397028446197510e-01 -8.241621851921081543e-01
-1.526581197977066040e-01 -1.652373671531677246e-01 -8.478782176971435547e-01
-1.615374088287353516e-01 -1.112929433584213257e-01 -8.548120856285095215e-01
-1.830317825078964233e-01 -1.175708174705505371e-01 -5.387191176414489746e-01
-1.947315633296966553e-01 -1.187351495027542114e-01 -5.279976725578308105e-01
-2.045855969190597534e-01 -1.198459118604660034e-01 -5.161914229393005371e-01
-2.950485944747924805e-01 -1.061181798577308655e-01 -4.140758216381072998e-01
-5.304716825485229492e-01 -5.649924278259277344e-03 -1.901777684688568115e-01
-7.896764576435089111e-02 -2.851310074329376221e-01 2.929471433162689209e-01
-1.107448041439056396e-01 -2.007201910018920898e-01 4.923335015773773193e-01
-1.499683856964111328e-01 -1.775728166103363037e-01 4.872655570507049561e-01
-1.715617775917053223e-01 -1.109945103526115417e-01 -5.490046739578247070e-01
-5.346275568008422852e-01 1.144708693027496338e-01 -3.945475518703460693e-01
-5.894114822149276733e-02 -2.813949882984161377e-01 4.819233119487762451e-01
-1.949602663516998291e-01 -6.485503911972045898e-02 -8.803601264953613281e-01
2.130725607275962830e-02 -4.405668377876281738e-01 1.355689465999603271e-01
-3.626155853271484375e-02 -3.790519535541534424e-01 2.274206578731536865e-01
2.222159504890441895e-02 -3.964311480522155762e-01 2.409560382366180420e-01
-1.254266798496246338e-01 -3.097267448902130127e-01 4.428517818450927734e-02
1.211183518171310425e-02 -9.825688600540161133e-02 -1.004430651664733887e+00
1.217073481529951096e-02 -1.128215789794921875e-01 -9.457602500915527344e-01
-9.404247254133224487e-02 -9.752534329891204834e-02 -9.306802749633789062e-01
-3.396957516670227051e-01 -1.254397630691528320e-02 -6.570478677749633789e-01
-2.544722557067871094e-01 -1.622502207756042480e-01 -1.726489961147308350e-01
-2.748935818672180176e-01 -3.446787595748901367e-02 -7.913797497749328613e-01
-3.979735374450683594e-01 -1.375811696052551270e-01 -1.405065059661865234e-01
-3.134229183197021484e-01 -1.391182839870452881e-01 -2.547980546951293945e-01
-4.510765075683593750e-01 -6.842847168445587158e-02 -2.749817073345184326e-01
-1.146790087223052979e-01 -7.900756597518920898e-02 -9.859524965286254883e-01
-1.629901379346847534e-01 -2.577303349971771240e-01 8.759200572967529297e-04
-3.874187469482421875e-01 5.525603890419006348e-02 -6.999818682670593262e-01
-3.070618510246276855e-01 2.398028969764709473e-02 -8.213102221488952637e-01
-3.891516923904418945e-01 -1.933273673057556152e-02 -5.134205818176269531e-01
-5.898694992065429688e-01 1.551784574985504150e-01 -2.703008353710174561e-01
-4.624850153923034668e-01 4.464721679687500000e-02 -5.123437643051147461e-01
-6.171987652778625488e-01 3.069016933441162109e-01 -3.167257308959960938e-01
-3.645564019680023193e-01 -9.366913139820098877e-02 -3.569892644882202148e-01
-1.200349330902099609e-01 -2.790174484252929688e-01 1.361108720302581787e-01
-1.219546794891357422e-01 -3.766899108886718750e-01 -1.566095501184463501e-01
-1.589232683181762695e-01 -3.027018010616302490e-01 -1.657761186361312866e-01
-9.550324827432632446e-02 -4.291458129882812500e-01 -1.042853295803070068e-01
-1.629108786582946777e-01 -2.305780649185180664e-01 5.868304967880249023e-01
-2.696755528450012207e-01 -2.462614774703979492e-01 6.578468084335327148e-01
-3.616766929626464844e-01 -2.414275109767913818e-01 6.735577583312988281e-01
-4.364228844642639160e-01 -2.129899859428405762e-01 6.567895412445068359e-01
-4.867681860923767090e-01 -1.697081029415130615e-01 6.166626214981079102e-01
-5.180158019065856934e-01 -5.438137054443359375e-02 4.664215743541717529e-01
-6.879789829254150391e-01 2.544993758201599121e-01 2.738345563411712646e-01
-4.755918979644775391e-01 -8.696077764034271240e-02 3.197754323482513428e-01
-4.137735962867736816e-01 -1.215270906686782837e-01 2.813382446765899658e-01
-3.300096392631530762e-01 -1.483000516891479492e-01 2.723194062709808350e-01
-2.488191425800323486e-01 -1.645278036594390869e-01 2.886985242366790771e-01
-1.843810975551605225e-01 -1.698425114154815674e-01 3.169545829296112061e-01
-1.396817117929458618e-01 -1.780306994915008545e-01 3.434323966503143311e-01
-6.920074820518493652e-01 4.833665490150451660e-01 3.107852637767791748e-01
-1.584473997354507446e-01 -2.674848139286041260e-01 -1.844778209924697876e-01
-8.099747449159622192e-02 -3.682817518711090088e-01 9.499439597129821777e-02
-7.877584546804428101e-02 -4.245177507400512695e-01 -1.730973869562149048e-01
-4.673238843679428101e-02 -3.899846673011779785e-01 -2.106177508831024170e-01
-7.895687222480773926e-02 -3.907516598701477051e-01 -1.814107745885848999e-01
-1.399899721145629883e-01 -2.406774163246154785e-01 -2.081493139266967773e-01
-3.371994197368621826e-02 -4.064704477787017822e-01 -2.228701114654541016e-01
-2.347120828926563263e-02 -3.253386616706848145e-01 -2.271599769592285156e-01
-1.341259926557540894e-01 -1.578259766101837158e-01 4.195120632648468018e-01
-1.043791696429252625e-01 -1.917168796062469482e-01 3.915923535823822021e-01
-8.722201734781265259e-02 -2.326599359512329102e-01 3.684400022029876709e-01
-4.366054534912109375e-01 -1.254318356513977051e-01 4.971167743206024170e-01
-4.767041802406311035e-01 -1.263241469860076904e-01 5.405715703964233398e-01
7.520963251590728760e-02 -4.174153506755828857e-01 1.229305565357208252e-01
4.568783640861511230e-01 -1.224146336317062378e-01 4.114597737789154053e-01
8.618162572383880615e-02 -3.322344422340393066e-01 -2.198743075132369995e-01
6.721822023391723633e-01 1.177581548690795898e-01 7.790055274963378906e-01
2.787979841232299805e-01 -1.722739040851593018e-01 3.247750699520111084e-01
3.404359221458435059e-01 -1.676625311374664307e-01 3.144017159938812256e-01
3.990786075592041016e-01 -1.520364284515380859e-01 3.180055320262908936e-01
4.767692685127258301e-01 -1.089580953121185303e-01 3.798403441905975342e-01
2.278134971857070923e-01 -1.674927771091461182e-01 3.505285680294036865e-01
3.733937144279479980e-01 -2.287590503692626953e-01 6.082899570465087891e-01
3.006154894828796387e-01 -2.265014648437500000e-01 5.971498489379882812e-01
4.390453100204467773e-01 -2.084705233573913574e-01 5.903717279434204102e-01
4.795725345611572266e-01 -1.804054081439971924e-01 5.493377447128295898e-01
5.224798321723937988e-01 -7.128757238388061523e-02 3.192568719387054443e-01
2.441308200359344482e-01 -3.637354075908660889e-02 -9.336729049682617188e-01
4.790273308753967285e-01 -1.066373139619827271e-01 4.458297193050384521e-01
7.058668136596679688e-01 1.943105161190032959e-01 3.931510746479034424e-01
5.876677036285400391e-01 -1.899382472038269043e-02 3.933340609073638916e-01
3.279432058334350586e-01 -1.861081123352050781e-01 -7.318910956382751465e-02
7.204654067754745483e-02 -3.033154010772705078e-01 -3.661080896854400635e-01
6.899657845497131348e-02 -2.817730903625488281e-01 -4.099651277065277100e-01
1.440570950508117676e-01 -2.341635078191757202e-01 -3.942131698131561279e-01
1.930298209190368652e-01 -1.714778989553451538e-01 -4.368540644645690918e-01
1.262907087802886963e-01 -2.220619171857833862e-01 -4.272112846374511719e-01
1.728093624114990234e-01 -1.560652852058410645e-01 -4.666841924190521240e-01
2.919236123561859131e-01 -6.085738539695739746e-02 -6.940597891807556152e-01
7.386095821857452393e-02 -4.566931128501892090e-01 -1.980930864810943604e-01
8.189939707517623901e-02 -4.880345463752746582e-01 -1.098055839538574219e-01
5.540661811828613281e-01 -1.724975109100341797e-01 6.252557039260864258e-01
2.040497511625289917e-01 -2.203907966613769531e-01 1.621876657009124756e-01
2.176487445831298828e-01 -3.084165751934051514e-01 -1.494031548500061035e-01
2.213287204504013062e-01 -2.964303195476531982e-01 -9.582749009132385254e-02
5.063499808311462402e-01 -1.091455519199371338e-01 -5.349591374397277832e-02
7.873772829771041870e-02 -4.647057056427001953e-01 1.325976848602294922e-02
4.232735633850097656e-01 -2.896703183650970459e-01 7.195475101470947266e-01
5.024597644805908203e-01 -2.381213903427124023e-01 6.910576820373535156e-01
6.128911972045898438e-01 -2.282261848449707031e-02 9.206539392471313477e-01
1.580648422241210938e-01 -3.268021643161773682e-01 6.261842250823974609e-01
2.389340102672576904e-01 -2.017810642719268799e-01 5.527673959732055664e-01
3.417499661445617676e-01 -5.479952692985534668e-02 -5.509764552116394043e-01
6.459970474243164062e-01 4.652768373489379883e-01 -4.152624309062957764e-01
1.735762506723403931e-01 -2.745631635189056396e-01 -1.958600431680679321e-01
1.284886151552200317e-01 -2.738710641860961914e-01 -2.192146331071853638e-01
2.502124309539794922e-01 -5.414962768554687500e-02 -5.930354595184326172e-01
2.354059666395187378e-01 -7.282231003046035767e-02 -6.092898249626159668e-01
5.314752459526062012e-01 -2.165125608444213867e-01 7.474676370620727539e-01
2.199048399925231934e-01 -2.683543860912322998e-01 -1.828071177005767822e-01
3.132911324501037598e-01 -3.226229548454284668e-01 7.055820226669311523e-01
3.231067061424255371e-01 -3.449478149414062500e-01 7.725986242294311523e-01
3.725472688674926758e-01 -2.799135148525238037e-01 1.103337049484252930e+00
5.728264451026916504e-01 -1.326570510864257812e-01 8.221832513809204102e-01
3.400444984436035156e-01 -3.137403130531311035e-01 9.327874183654785156e-01
5.873187184333801270e-01 -1.249426305294036865e-01 6.650780439376831055e-01
6.340497136116027832e-01 -8.739769458770751953e-03 7.075103521347045898e-01
7.138118147850036621e-02 -3.005540072917938232e-01 -3.867963254451751709e-01
1.353365778923034668e-01 -2.310704737901687622e-01 -4.099271595478057861e-01
1.830471605062484741e-01 -1.692067384719848633e-01 -4.491348564624786377e-01
1.610782593488693237e-01 -2.584786117076873779e-01 -2.095122933387756348e-01
2.426603883504867554e-01 -6.436534225940704346e-02 -6.015284061431884766e-01
2.038100957870483398e-01 -1.022163182497024536e-01 -7.185728549957275391e-01
2.276590913534164429e-01 -7.460748404264450073e-02 -6.134902834892272949e-01
1.423554867506027222e-01 -3.636536002159118652e-01 -1.806879043579101562e-01
1.643183827400207520e-01 -1.436301320791244507e-01 -4.807661473751068115e-01
1.190908253192901611e-01 -1.928869187831878662e-01 -4.448945224285125732e-01
6.578068435192108154e-02 -2.485880404710769653e-01 -4.311586916446685791e-01
9.346954524517059326e-02 -1.274828016757965088e-01 -8.968818187713623047e-01
5.825917422771453857e-02 -1.872604489326477051e-01 -8.921054601669311523e-01
5.443853139877319336e-02 -1.967850923538208008e-01 -8.795995712280273438e-01
5.107133090496063232e-02 -1.857889294624328613e-01 -8.536379933357238770e-01
4.521391540765762329e-02 -1.817501187324523926e-01 -8.211252689361572266e-01
1.435259431600570679e-01 -1.320791840553283691e-01 -7.717326879501342773e-01
1.552223265171051025e-01 -1.404312252998352051e-01 -7.875195145606994629e-01
1.666413098573684692e-01 -1.478024721145629883e-01 -8.020279407501220703e-01
1.781428903341293335e-01 -1.343148052692413330e-01 -8.133940696716308594e-01
2.828765511512756348e-01 -1.651324182748794556e-01 -3.723057806491851807e-01
7.124726176261901855e-01 4.938201308250427246e-01 3.879889845848083496e-02
1.803498864173889160e-01 -9.815861284732818604e-02 -7.095918059349060059e-01
1.913885921239852905e-01 -1.039568781852722168e-01 -7.175775170326232910e-01
1.109370663762092590e-01 -2.704744935035705566e-01 -2.484096437692642212e-01
2.032946795225143433e-01 -2.168232649564743042e-01 -2.285034805536270142e-01
1.194676607847213745e-01 -2.734585106372833252e-01 -2.347481101751327515e-01
2.670849561691284180e-01 -1.925812363624572754e-01 1.103636324405670166e-01
3.665069341659545898e-01 -1.685778498649597168e-01 4.791927337646484375e-02
2.319836169481277466e-01 -2.565371096134185791e-01 -1.309727430343627930e-01
5.189695358276367188e-01 -1.638627052307128906e-01 1.030733108520507812e+00
4.803145527839660645e-01 -2.325676083564758301e-01 9.004966020584106445e-01
4.432417154312133789e-01 -2.885839045047760010e-01 7.865996360778808594e-01
2.393336296081542969e-01 -8.651202917098999023e-02 -7.969021201133728027e-01
1.781917214393615723e-01 -3.672291934490203857e-01 7.386081218719482422e-01
1.910996139049530029e-01 -3.567468822002410889e-01 9.365626573562622070e-01
2.119429856538772583e-01 -3.452515304088592529e-01 1.140478372573852539e+00
4.485524892807006836e-01 -1.286337077617645264e-01 3.383675515651702881e-01
5.858826637268066406e-01 -3.034946322441101074e-02 2.553571164608001709e-01
1.943736225366592407e-01 -1.603094041347503662e-01 3.754118382930755615e-01
5.320223569869995117e-01 -1.233397722244262695e-01 5.069462060928344727e-01
1.621299088001251221e-01 -2.496302723884582520e-01 2.199591100215911865e-01
1.806354522705078125e-01 -3.738187551498413086e-01 -1.256127059459686279e-01
6.585124731063842773e-01 4.496899247169494629e-02 1.967892348766326904e-01
5.458351969718933105e-01 -7.673418521881103516e-02 1.843764483928680420e-01
4.690450429916381836e-01 -1.285986900329589844e-01 1.454574763774871826e-01
3.537744283676147461e-01 -1.555164158344268799e-01 1.620164811611175537e-01
2.688305974006652832e-01 -1.729877293109893799e-01 2.023904025554656982e-01
2.057236880064010620e-01 -1.943289935588836670e-01 2.444367706775665283e-01
8.214334398508071899e-02 -3.296590149402618408e-01 3.336817920207977295e-01
6.488862037658691406e-01 5.340543389320373535e-02 4.499673843383789062e-03
5.750609040260314941e-01 -9.583938121795654297e-02 5.190424919128417969e-01
5.318663269281387329e-02 -4.167239069938659668e-01 -2.336586713790893555e-01
2.005558013916015625e-01 -2.350678145885467529e-01 6.435251235961914062e-02
7.240492105484008789e-01 3.951289653778076172e-01 4.322373569011688232e-01
1.590672135353088379e-01 -2.085523009300231934e-01 2.916903197765350342e-01
2.393531352281570435e-01 -1.946413815021514893e-01 -1.264094114303588867e-01
5.011497735977172852e-01 -9.462881088256835938e-02 4.419985115528106689e-01
1.826332956552505493e-01 -3.582242131233215332e-01 -5.972006916999816895e-02
6.891621351242065430e-01 4.942221641540527344e-01 -1.805653572082519531e-01
1.943929046392440796e-01 -1.482606828212738037e-01 4.098193347454071045e-01
1.317963302135467529e-01 -4.245333671569824219e-01 -1.430267095565795898e-02
5.112475752830505371e-01 1.665241718292236328e-01 -6.757779121398925781e-01
5.118362903594970703e-01 2.894787788391113281e-01 -7.560002803802490234e-01
7.085532546043395996e-01 2.751164436340332031e-01 1.650160551071166992e-02
5.875672698020935059e-01 2.283599972724914551e-01 -5.468302965164184570e-01
6.730321049690246582e-01 1.088854372501373291e-01 5.653116703033447266e-01
2.588800191879272461e-01 1.067706942558288574e-02 -9.835408926010131836e-01
5.225401371717453003e-02 -3.265444934368133545e-01 -2.357631474733352661e-01
2.546414136886596680e-01 -2.050525844097137451e-01 -1.424074172973632812e-03
6.355706453323364258e-01 4.481306672096252441e-02 3.793370425701141357e-01
3.967138528823852539e-01 -1.530449390411376953e-01 3.706453740596771240e-01
3.437361121177673340e-01 -1.660224795341491699e-01 3.637436330318450928e-01
2.163017988204956055e-01 -8.978602290153503418e-02 -7.162631750106811523e-01
6.357769966125488281e-01 9.749916195869445801e-02 -1.717275083065032959e-01
1.496515274047851562e-01 4.519167542457580566e-02 -1.090566158294677734e+00
3.380806446075439453e-01 1.521397531032562256e-01 -9.631444215774536133e-01
4.193446040153503418e-01 2.134636044502258301e-01 -8.791136145591735840e-01
2.912051081657409668e-01 -1.686137914657592773e-01 3.727079331874847412e-01
2.419500201940536499e-01 -1.605694293975830078e-01 3.905694186687469482e-01
2.102334052324295044e-01 -1.482088267803192139e-01 4.006344974040985107e-01
6.142501831054687500e-01 -3.516700863838195801e-02 5.400961637496948242e-01
2.515118420124053955e-01 -1.812609434127807617e-01 4.812773168087005615e-01
3.055398464202880859e-01 -1.966980993747711182e-01 5.134189128875732422e-01
3.613749146461486816e-01 -1.961764097213745117e-01 5.205414295196533203e-01
4.153686761856079102e-01 -1.810577213764190674e-01 5.053409337997436523e-01
4.474687576293945312e-01 -1.589654982089996338e-01 4.798969924449920654e-01
7.089355587959289551e-01 2.675757408142089844e-01 6.269398927688598633e-01
4.326215386390686035e-01 -1.364019811153411865e-01 3.889555633068084717e-01
2.304236739873886108e-01 -2.050247639417648315e-01 -3.357446789741516113e-01
1.724623739719390869e-01 -3.002216219902038574e-01 -1.852624565362930298e-01
1.185407564043998718e-01 -2.657298743724822998e-01 -3.096774518489837646e-01
4.283093810081481934e-01 1.209252476692199707e-01 -7.951496839523315430e-01
3.471708893775939941e-01 6.929525732994079590e-02 -8.900592327117919922e-01
1.477259993553161621e-01 -4.139906167984008789e-02 -1.048989892005920410e+00
5.847814083099365234e-01 3.864781856536865234e-01 -6.098638772964477539e-01
2.123710960149765015e-01 -1.612124145030975342e-01 4.375688731670379639e-01
1.219435334205627441e-01 -3.320200443267822266e-01 1.791404783725738525e-01
2.508919835090637207e-01 8.732515573501586914e-02 -1.037616252899169922e+00
6.864202618598937988e-01 2.914121150970458984e-01 -1.820398271083831787e-01
9.875308722257614136e-02 -1.593008339405059814e-01 -7.998179197311401367e-01
1.097144484519958496e-01 -1.665332317352294922e-01 -8.255976438522338867e-01
1.178653687238693237e-01 -1.746057868003845215e-01 -8.556450605392456055e-01
1.258760839700698853e-01 -1.630261540412902832e-01 -8.699847459793090820e-01
1.744659543037414551e-01 -1.126911342144012451e-01 -8.702844977378845215e-01
2.072738260030746460e-01 -1.113852709531784058e-01 -5.263920426368713379e-01
2.184191495180130005e-01 -1.110716238617897034e-01 -5.187970399856567383e-01
2.281953096389770508e-01 -1.119647026062011719e-01 -5.064510107040405273e-01
3.228632211685180664e-01 -1.104020029306411743e-01 -4.380979537963867188e-01
5.516216754913330078e-01 -1.998192071914672852e-02 -2.371115088462829590e-01
1.216470003128051758e-01 -2.858144044876098633e-01 2.831427752971649170e-01
1.526495963335037231e-01 -2.025887668132781982e-01 4.776000678539276123e-01
1.872188299894332886e-01 -1.762808859348297119e-01 4.708655774593353271e-01
1.959063708782196045e-01 -1.029108762741088867e-01 -5.368643999099731445e-01
5.590367317199707031e-01 9.786438941955566406e-02 -4.375992417335510254e-01
9.869824349880218506e-02 -2.816565930843353271e-01 4.724700152873992920e-01
2.113104462623596191e-01 -7.205209136009216309e-02 -8.933448791503906250e-01
7.922200858592987061e-02 -3.805495798587799072e-01 2.221758663654327393e-01
1.644338965415954590e-01 -3.138073980808258057e-01 3.098288178443908691e-02
1.151171401143074036e-01 -1.029826998710632324e-01 -9.405723810195922852e-01
3.522250652313232422e-01 -2.321666479110717773e-02 -6.913546323776245117e-01
2.881577610969543457e-01 -1.716056466102600098e-01 -1.961383521556854248e-01
2.878138422966003418e-01 -4.457609355449676514e-02 -8.118780851364135742e-01
4.207437038421630859e-01 -1.499127745628356934e-01 -1.773729324340820312e-01
3.398305773735046387e-01 -1.487587392330169678e-01 -2.837387323379516602e-01
4.696961045265197754e-01 -8.164730668067932129e-02 -3.142108619213104248e-01
1.370691210031509399e-01 -8.463232219219207764e-02 -9.949954748153686523e-01
2.009497433900833130e-01 -2.628941237926483154e-01 -1.464071869850158691e-02
4.069761037826538086e-01 4.025098681449890137e-02 -7.199980616569519043e-01
3.272343277931213379e-01 1.011836528778076172e-02 -8.368365168571472168e-01
4.026915431022644043e-01 -2.818399667739868164e-02 -5.548517704010009766e-01
6.176535487174987793e-01 1.381444931030273438e-01 -3.202250301837921143e-01
4.799082875251770020e-01 2.965950965881347656e-02 -5.463163256645202637e-01
6.523810625076293945e-01 2.899546623229980469e-01 -3.686298429965972900e-01
3.825793862342834473e-01 -1.028005778789520264e-01 -3.934988975524902344e-01
1.601266562938690186e-01 -2.802192568778991699e-01 1.232722699642181396e-01
1.605073809623718262e-01 -3.806896209716796875e-01 -1.686612069606781006e-01
1.979800909757614136e-01 -3.104435205459594727e-01 -1.802385747432708740e-01
1.355532258749008179e-01 -4.338138103485107422e-01 -1.148445606231689453e-01
2.030214071273803711e-01 -2.339490652084350586e-01 5.692683458328247070e-01
3.053064346313476562e-01 -2.553619742393493652e-01 6.354603767395019531e-01
3.942831754684448242e-01 -2.533418238162994385e-01 6.463153362274169922e-01
4.650992155075073242e-01 -2.263711690902709961e-01 6.250592470169067383e-01
5.111228823661804199e-01 -1.838193535804748535e-01 5.800555944442749023e-01
5.368239283561706543e-01 -6.710734963417053223e-02 4.171824157238006592e-01
7.159603238105773926e-01 2.382134795188903809e-01 2.066921889781951904e-01
4.910230636596679688e-01 -9.761309623718261719e-02 2.758986651897430420e-01
4.293189048767089844e-01 -1.306861937046051025e-01 2.446711957454681396e-01
3.486981987953186035e-01 -1.544225215911865234e-01 2.461260259151458740e-01
2.720484733581542969e-01 -1.678985655307769775e-01 2.699809968471527100e-01
2.135737687349319458e-01 -1.727073490619659424e-01 3.017733991146087646e-01
1.732835173606872559e-01 -1.792922616004943848e-01 3.312605321407318115e-01
7.205748558044433594e-01 4.657595157623291016e-01 2.406858503818511963e-01
1.974647641181945801e-01 -2.760004699230194092e-01 -1.982598453760147095e-01
1.228010803461074829e-01 -3.694628477096557617e-01 8.585259318351745605e-02
1.181806847453117371e-01 -4.287427365779876709e-01 -1.817796379327774048e-01
8.593741059303283691e-02 -3.944033682346343994e-01 -2.164176851511001587e-01
1.181191802024841309e-01 -3.946553766727447510e-01 -1.901686787605285645e-01
1.833634823560714722e-01 -2.505072653293609619e-01 -2.201365083456039429e-01
7.326006889343261719e-02 -4.097943603992462158e-01 -2.273126840591430664e-01
7.212765514850616455e-02 -3.292174935340881348e-01 -2.311844974756240845e-01
1.731135547161102295e-01 -1.574554443359375000e-01 4.060219228267669678e-01
1.417968124151229858e-01 -1.923440098762512207e-01 3.807168900966644287e-01
1.227919608354568481e-01 -2.340097129344940186e-01 3.602807223796844482e-01
4.651855230331420898e-01 -1.361178159713745117e-01 4.609458744525909424e-01
5.027035474777221680e-01 -1.399159133434295654e-01 5.029605627059936523e-01
-3.226835131645202637e-01 -1.532980799674987793e-01 4.788874089717864990e-01
-2.588872909545898438e-01 -1.592430472373962402e-01 4.770866334438323975e-01
-3.218930959701538086e-01 -1.615443825721740723e-01 5.612199306488037109e-01
-3.873412609100341797e-01 -1.473011374473571777e-01 4.809981286525726318e-01
-3.240481615066528320e-01 -1.450542807579040527e-01 3.971354663372039795e-01
3.494890332221984863e-01 -1.596319973468780518e-01 4.498074352741241455e-01
4.119424223899841309e-01 -1.652908623218536377e-01 4.464224278926849365e-01
3.485881090164184570e-01 -1.680188179016113281e-01 5.351916551589965820e-01
2.865394353866577148e-01 -1.539980173110961914e-01 4.539233148097991943e-01
3.506255149841308594e-01 -1.512613892555236816e-01 3.643585145473480225e-01
